,ts_code,trade_date,open,high,low,close,pre_close,change,pct_chg,vol,amount,ma5,ma_v_5,ma13,ma_v_13,ma34,ma_v_34,ma144,ma_v_144,ma169,ma_v_169,ma75,ma_v_75,ma10,ma_v_10,ma20,ma_v_20,ma30,ma_v_30,ma60,ma_v_60
0,688139.SH,20211207,82.0,83.91,80.3,82.84,81.2,1.6400000000000006,2.0197,18793.01,154553.625,84.222,19309.832,88.3062,23612.9938,90.2382,23510.3791,104.5513,20087.3527,102.7508,19770.4116,105.8517,22107.2693,88.214,25826.802,87.7015,22970.8995,88.7673,25017.4593,99.3252,20929.7223
1,688139.SH,20211206,84.87,85.8,81.2,81.2,84.86,-3.6599999999999966,-4.313,24840.03,205349.574,85.778,19960.714,88.8131,23605.5846,90.7426,23577.585,104.6379,20077.0742,102.791,19884.5549,106.4397,22197.9905,88.872,25925.455,87.915,22947.1905,89.3193,24848.554,99.9173,20890.2852
2,688139.SH,20211203,84.1,86.39,84.1,84.86,84.67,0.18999999999999773,0.2244,12039.52,102683.262,87.698,25426.01,89.5838,24014.2938,91.4138,23162.8459,104.7342,20020.1258,102.8072,19877.8441,106.9647,22173.6199,89.585,24981.406,88.171,22832.203,89.969,24434.4663,100.5253,20941.7993
3,688139.SH,20211202,87.4,88.38,84.35,84.67,87.54,-2.8700000000000045,-3.2785,19587.87,167614.268,89.926,30657.478,89.7908,25716.3192,91.9721,23066.2456,104.8307,20060.1467,102.8109,19955.3791,107.4507,22371.6724,89.908,25129.636,88.284,23933.6875,90.5907,24414.7033,101.19,21025.9827
4,688139.SH,20211201,90.95,91.25,87.1,87.54,90.62,-3.0799999999999983,-3.3988,21288.73,188159.24,91.282,31513.844,89.7385,25847.2908,92.5329,22839.9453,104.9193,20051.1735,102.8049,19952.2787,107.9464,22497.1465,90.384,25040.518,88.571,24097.292,91.151,24136.4153,101.9882,21170.4743
5,688139.SH,20211130,91.81,92.17,89.03,90.62,90.8,-0.1799999999999926,-0.1982,22047.42,199121.813,92.206,32343.772,89.5462,25312.3762,93.0759,22433.3368,104.999,20166.5358,102.7755,19944.3525,108.2901,22448.7415,90.752,25926.97,88.698,24524.435,91.566,24129.3913,102.6667,21287.7562
6,688139.SH,20211129,99.0,99.88,90.01,90.8,96.0,-5.200000000000003,-5.4167,52166.51,482802.195,91.966,31890.196,89.0385,25061.0792,93.5429,22261.0115,105.0491,20159.1122,102.7233,19938.193,108.5771,22412.5407,90.445,27138.813,88.836,24477.2855,92.0127,23752.4407,103.203,21330.8482
7,688139.SH,20211126,90.71,97.74,90.01,96.0,91.45,4.549999999999997,4.9754,38196.86,364003.479,91.472,24536.802,88.5769,22204.2231,93.9424,21383.3941,105.1127,19921.7491,102.6861,19774.8393,108.9565,22044.8283,89.764,24051.212,88.9125,23059.5535,92.4473,22305.394,103.8315,20868.7338
8,688139.SH,20211125,92.0,92.86,88.25,91.45,92.16,-0.7099999999999937,-0.7704,23869.7,215107.295,89.89,19601.794,87.8931,20675.1438,94.11,20837.3721,105.1205,19777.6658,102.6061,19652.7918,109.2009,21796.78,88.668,21665.01,88.8175,22715.5675,92.7053,21428.6207,104.3878,20934.6295
9,688139.SH,20211124,89.71,93.35,88.71,92.16,89.42,2.739999999999995,3.0642,25438.37,233972.348,89.486,18567.192,87.4985,20572.8808,94.5997,21024.6362,105.1435,19721.2815,102.5518,19612.3716,109.5152,21846.6076,87.925,21156.096,88.8745,23895.869,93.1903,20881.7653,105.2252,20872.0387
10,688139.SH,20211123,88.32,91.91,87.58,89.42,88.33,1.0900000000000034,1.234,19779.54,177823.278,89.298,19510.168,87.1108,21236.7915,95.2274,20672.6732,105.1342,19631.9677,102.4782,19599.0877,109.7176,21787.1061,87.189,20114.997,89.044,24612.788,93.6683,20573.4317,106.0108,20799.3837
11,688139.SH,20211122,88.14,89.44,87.58,88.33,88.09,0.23999999999999488,0.2724,15399.54,136062.851,88.924,22387.43,87.1869,21473.7469,95.8921,20618.6776,105.1314,19566.8813,102.4047,19648.1406,109.9161,21735.1471,86.958,19968.926,89.543,24310.1035,94.167,20658.3643,106.8725,21001.0402
12,688139.SH,20211119,89.03,89.78,87.07,88.09,89.43,-1.3400000000000034,-1.4984,13521.82,118810.317,88.056,23565.622,87.3215,22583.9046,96.7438,20673.2294,105.1323,19534.3437,102.3149,19629.9701,110.1856,21790.1136,86.757,20683.0,90.161,24160.9965,94.6127,20799.45,107.9002,21270.0703
13,688139.SH,20211118,91.19,91.19,88.5,89.43,91.22,-1.789999999999992,-1.9623,18696.69,167087.382,87.446,23728.226,87.7285,23167.1823,97.6626,20786.3265,105.12,19539.2093,102.2172,19612.7785,110.4485,21934.7245,86.66,22737.739,90.932,24057.237,95.2797,21356.612,108.7687,21558.113
14,688139.SH,20211117,88.5,91.79,87.83,91.22,87.55,3.6700000000000017,4.1919,30153.25,271098.336,86.364,23745.0,87.9515,23560.6577,98.4353,20794.0318,105.1222,19523.6883,102.1054,19615.244,110.7129,22092.9379,86.758,23154.066,91.5345,23684.364,96.082,21182.4433,109.4903,21678.4125
15,688139.SH,20211116,83.99,89.48,83.58,87.55,83.99,3.5600000000000023,4.2386,34165.85,297242.304,85.08,20719.826,88.1731,23650.1877,98.9876,20334.4618,105.0905,19484.8848,101.9664,19591.8299,110.854,21958.7725,86.644,23121.9,91.973,23230.602,96.7753,20775.458,110.1708,21703.7723
16,688139.SH,20211115,85.0,85.96,83.39,83.99,85.04,-1.0500000000000114,-1.2347,21290.5,179327.628,84.992,17550.422,88.5608,24674.0246,99.6788,19756.6179,105.1243,19323.4273,101.8747,19505.8692,110.9924,21699.1951,87.227,21815.758,92.7965,22059.2545,97.7667,20211.7397,110.8273,21560.9598
17,688139.SH,20211112,84.19,86.88,84.19,85.04,84.02,1.0200000000000102,1.214,14334.84,122887.181,85.458,17800.378,89.45,26096.0438,100.5365,19906.5147,105.1843,19281.635,101.8222,19439.0356,111.1979,21747.2365,88.061,22067.895,93.789,21432.485,98.9447,20080.9603,111.437,21589.6553
18,688139.SH,20211111,84.05,85.69,83.6,84.02,84.8,-0.7800000000000011,-0.9198,18780.56,158454.756,85.874,21747.252,90.5546,26049.1985,101.25,20011.4053,105.2578,19262.2514,101.7557,19458.7363,111.4585,21837.0785,88.967,23766.125,94.724,21310.426,99.9667,20235.088,112.0415,21798.9657
19,688139.SH,20211110,86.37,87.46,83.6,84.8,87.11,-2.3100000000000023,-2.6518,15027.38,127619.114,87.152,22563.132,91.8369,25559.7246,101.9618,20246.6165,105.3445,19290.6244,101.7179,19434.7222,111.6636,21744.2961,89.824,26635.642,95.823,20744.6,100.8327,20093.3317,112.672,21969.2635
20,688139.SH,20211109,86.0,89.73,85.92,87.11,86.32,0.7900000000000063,0.9152,18318.83,160647.153,88.208,25523.974,93.2762,25284.2823,102.8332,20203.4471,105.4058,19367.9472,101.6534,19422.0712,111.8803,21737.8236,90.899,29110.579,96.908,20802.649,101.7077,20076.391,113.1473,22013.113
21,688139.SH,20211108,87.49,88.0,84.02,86.32,87.12,-0.8000000000000114,-0.9183,22540.28,192802.709,89.462,26081.094,94.3815,24739.6977,103.6062,20034.8062,105.4108,19319.6213,101.5898,19407.127,112.0855,21644.2335,92.128,28651.281,97.7715,21003.0835,102.5757,20345.3297,113.5645,22030.0052
22,688139.SH,20211105,90.62,91.17,86.38,87.12,90.41,-3.289999999999992,-3.639,34069.21,299451.671,90.664,26335.412,95.4331,24627.2154,104.4179,20017.5874,105.4132,19252.2776,101.5209,19366.058,112.3272,21644.5647,93.565,27638.993,98.5405,20857.675,103.3417,20190.691,114.1135,22064.1352
23,688139.SH,20211104,90.87,94.16,89.43,90.41,90.08,0.3299999999999983,0.3663,22859.96,211007.41,92.06,25784.998,96.7331,22832.5762,105.3779,19473.5153,105.4049,19131.1909,101.4637,19269.7599,112.6179,21359.4945,95.204,25376.735,99.5895,20666.0485,104.045,19947.642,114.567,21822.869
24,688139.SH,20211103,94.0,94.0,89.02,90.08,93.38,-3.299999999999997,-3.5339,29831.59,270378.9,92.496,30708.152,97.7662,21747.5877,106.1991,19483.7506,105.3746,19141.1928,101.3994,19268.9476,112.8535,21315.0401,96.311,24214.662,100.744,20196.632,104.8457,19637.6307,114.9772,21901.9825
25,688139.SH,20211102,91.71,96.21,91.06,93.38,92.33,1.0499999999999972,1.1372,21104.43,199084.45,93.59,32697.184,98.8169,20367.7469,107.2556,19267.775,105.3459,19126.1229,101.3261,19202.7357,113.0865,21149.4859,97.302,23339.304,101.841,19602.237,105.6227,19062.7457,115.2648,21754.3853
26,688139.SH,20211101,94.88,95.0,90.4,92.33,94.1,-1.769999999999996,-1.881,23811.87,219861.384,94.794,31221.468,99.7877,19318.4862,107.9724,19048.2662,105.3199,19244.0312,101.2409,19233.5833,113.2897,21092.5639,98.366,22302.751,103.0365,19409.7305,106.3073,19091.0927,115.447,21667.355
27,688139.SH,20211029,92.78,94.48,91.82,94.1,92.59,1.509999999999991,1.6308,31317.14,291932.455,96.466,28942.574,100.8777,18732.0623,108.7382,18831.0576,105.2617,19243.2954,101.158,19331.214,113.5424,21022.2876,99.517,20797.075,104.3865,19087.493,107.2217,18816.389,115.7172,21595.8577
28,688139.SH,20211028,94.76,97.77,90.09,92.59,95.55,-2.9599999999999937,-3.0979,47475.73,438012.151,98.348,24968.472,101.6685,18040.5531,109.4318,18731.4618,105.2018,19200.419,101.046,19451.2044,113.7097,20842.1211,100.481,18854.727,105.4665,18469.5695,108.0293,18546.083,115.9457,21480.0327
29,688139.SH,20211027,96.6,98.87,94.77,95.55,99.4,-3.8500000000000085,-3.8732,39776.75,381796.859,100.126,17721.172,102.3692,15898.7362,110.3774,17837.7791,105.1398,19003.1146,100.9873,19457.6134,113.8691,20649.4291,101.822,14853.558,106.337,16822.1765,109.143,17713.1727,116.2235,21198.1487
30,688139.SH,20211026,101.14,102.09,99.16,99.4,100.69,-1.289999999999992,-1.2812,13725.85,137580.916,101.014,13981.424,103.3346,15164.8846,111.4659,17498.9738,105.0496,18865.4233,100.9396,19406.8034,114.0971,20357.8944,102.917,12494.719,107.112,15559.297,109.883,16841.9853,116.3277,20870.0503
31,688139.SH,20211025,105.0,105.27,99.2,100.69,103.51,-2.8200000000000074,-2.7244,12417.4,125240.536,101.938,13384.034,104.4192,15145.3292,112.3144,17928.3794,104.9274,18915.9831,100.8796,19499.5296,114.2573,20448.6341,103.415,13354.886,107.7995,16192.354,110.5153,16932.0163,116.3032,20886.2452
32,688139.SH,20211022,101.99,105.48,100.51,103.51,101.48,2.030000000000001,2.0004,11446.63,118968.429,102.568,12651.576,105.2908,15570.4285,112.9647,18287.66,104.815,19000.3049,100.8287,19615.3373,114.4365,20686.4072,103.516,14076.357,108.23,16466.54,111.0817,17449.1323,116.2817,21094.182
33,688139.SH,20211021,100.98,102.0,98.77,101.48,99.99,1.490000000000009,1.4901,11239.23,112862.583,102.614,12740.982,106.3508,16017.1723,113.7,18669.8076,104.6691,19042.8341,100.7536,19723.3801,114.4577,20713.7417,103.975,15955.362,108.4655,17233.0955,111.7893,17637.262,116.2997,21254.6213
34,688139.SH,20211020,103.12,103.12,98.51,99.99,104.02,-4.030000000000001,-3.8743,21078.01,211437.117,103.518,11985.944,107.7238,16488.5485,114.5206,19578.9656,104.5356,19083.1081,100.6706,19854.871,114.5219,20893.3073,105.177,16178.602,109.113,17349.115,112.8253,18204.5333,116.265,21264.3322
35,688139.SH,20211019,103.19,104.98,100.99,104.02,103.84,0.1799999999999926,0.1733,10738.9,110618.931,104.82,11008.014,108.9323,16325.5223,115.7471,19550.6197,104.395,19097.7982,100.586,19977.1069,114.5971,20963.3367,106.38,15865.17,109.783,16924.4665,113.7673,18446.121,116.2827,21155.3977
36,688139.SH,20211018,102.89,105.85,102.31,103.84,103.74,0.10000000000000853,0.0964,8755.11,90936.64,104.892,13325.738,109.3923,16616.9815,116.7847,19854.7424,104.2073,19218.1494,100.4564,20068.5414,114.5439,20933.7573,107.707,16516.71,110.278,17485.2635,114.3933,18909.2557,116.2573,21164.7422
37,688139.SH,20211015,105.56,106.98,102.63,103.74,106.0,-2.260000000000005,-2.1321,11893.66,123754.033,104.464,15501.138,109.9469,17060.37,117.8812,20534.8547,103.9942,19242.9662,100.3079,20193.6308,114.4783,20963.5249,109.256,17377.911,111.074,17826.046,115.2157,19432.0737,116.2675,21394.909
38,688139.SH,20211014,107.36,109.75,105.28,106.0,106.5,-0.5,-0.4695,7464.04,80096.06,105.336,19169.742,110.6708,18175.2415,119.2415,21112.7279,103.7708,19234.0966,100.1494,20359.9427,114.4352,20949.0523,110.452,18084.412,111.8035,18391.761,116.0703,20440.6383,116.3538,21408.1638
39,688139.SH,20211013,104.78,109.08,101.74,106.5,104.38,2.1200000000000045,2.031,16188.36,170592.544,106.836,20371.26,110.9246,18978.0938,120.2474,21799.2085,103.5245,19314.9947,99.9768,20483.4992,114.362,21128.9609,110.852,18790.795,112.8035,19142.98,117.26,20862.312,116.3885,21609.1945
40,688139.SH,20211012,103.0,108.89,102.0,104.38,101.7,2.6799999999999926,2.6352,22327.52,236471.183,107.94,20722.326,111.0569,19792.6615,121.0188,22085.2762,103.2553,19384.494,99.8202,20705.6372,114.246,21167.8867,111.307,18623.875,113.366,19015.6185,118.3533,21025.3357,116.4062,21629.6388
41,688139.SH,20211011,107.77,109.93,101.52,101.7,108.1,-6.3999999999999915,-5.9204,19632.11,205161.58,110.522,19707.682,111.83,19118.2077,121.8326,22360.1974,103.0308,19365.8202,99.6796,20901.1451,114.0675,20972.4043,112.184,19029.822,114.0655,18720.5815,119.578,21343.716,116.4768,21538.1015
42,688139.SH,20211008,111.72,112.99,103.07,108.1,113.5,-5.400000000000006,-4.7577,30236.68,323166.983,114.048,19254.684,112.7292,18576.1254,122.575,22535.6382,102.8461,19298.9002,99.5231,21065.1892,113.9235,20842.2261,112.944,18856.723,114.8645,19135.52,121.1877,21740.6907,116.6365,21519.9188
43,688139.SH,20210930,112.0,115.82,111.43,113.5,112.02,1.480000000000004,1.3212,13471.63,153544.989,115.568,16999.082,113.1769,17939.0608,122.9418,22323.1544,102.6081,19211.5917,99.3096,21133.2872,113.6983,20644.5323,112.956,18510.829,115.6965,18478.212,122.2577,21759.614,116.6123,21312.7183
44,688139.SH,20210929,115.77,118.38,109.8,112.02,117.29,-5.27000000000001,-4.4931,17943.69,202965.309,114.868,17210.33,113.6585,18100.5323,123.1715,22717.9141,102.3589,19220.2761,99.0504,21156.9637,113.3783,20750.0297,113.049,18519.628,116.6495,19217.499,122.8987,22174.3817,116.463,21638.5883
45,688139.SH,20210928,118.83,122.2,115.6,117.29,119.33,-2.039999999999992,-1.7095,17254.3,203643.786,114.674,16525.424,114.1438,18505.4762,123.4606,23043.0535,102.0941,19185.1765,98.7831,21149.287,113.1559,20690.7827,113.186,17983.763,117.461,19736.5965,123.5663,22632.0867,116.4735,21638.0543
46,688139.SH,20210927,115.7,122.0,114.95,119.33,115.7,3.6299999999999955,3.1374,17367.12,206421.237,113.846,18351.962,114.8138,18908.1008,123.3438,23054.9374,101.81,19175.0304,98.4957,21143.8311,112.8496,20613.0523,112.849,18453.817,117.7365,20105.5285,123.888,22910.18,116.3757,21692.6715
47,688139.SH,20210924,109.96,118.08,109.2,115.7,110.0,5.700000000000003,5.1818,18958.67,215228.327,111.84,18458.762,114.6923,18621.4862,123.1324,23112.7385,101.4999,19162.7561,98.2063,21168.802,112.4921,20512.5819,112.892,18274.181,118.1955,20459.155,123.9293,23098.3503,116.289,21907.3925
48,688139.SH,20210923,112.21,114.5,109.01,110.0,111.05,-1.0499999999999972,-0.9455,14527.87,162589.663,110.344,20022.576,114.8977,18426.7254,123.2371,23278.3094,101.2343,19154.674,97.9337,21291.725,112.2028,20359.8396,113.155,18699.11,118.8795,21618.7515,124.1163,23362.8433,116.1123,21816.36
49,688139.SH,20210922,110.01,113.84,109.5,111.05,113.15,-2.1000000000000085,-1.8559,14519.16,162080.331,111.23,19828.926,115.4885,19457.7262,123.3644,23427.2909,101.0227,19211.5824,97.6816,21362.325,112.0111,20282.3396,114.755,19495.165,120.464,21898.0705,124.5113,23845.1953,116.0505,21986.0063
50,688139.SH,20210917,108.7,115.0,106.66,113.15,109.3,3.8500000000000085,3.5224,26386.99,292807.176,111.698,19442.102,116.5415,19655.5231,123.4812,23812.2206,100.7911,19240.2116,97.4096,21349.3556,111.7965,20266.2024,115.425,19407.362,121.8765,22226.066,124.587,23949.835,115.9602,22182.8572
51,688139.SH,20210916,108.0,111.11,106.0,109.3,108.22,1.0799999999999983,0.998,17901.12,194272.759,111.852,18555.672,118.0346,19799.3985,123.3103,23653.0668,100.5539,19239.7303,97.1231,21311.424,111.5239,20121.3313,115.947,18411.341,123.275,22500.663,124.5533,23714.6807,115.7415,21885.0815
52,688139.SH,20210915,114.86,114.86,104.3,108.22,114.43,-6.210000000000008,-5.4269,26777.74,287644.834,113.944,18089.6,119.4923,20601.2846,123.1635,23593.6988,100.3387,19395.3576,96.8539,21399.5176,111.3183,20237.1656,116.785,19414.317,125.3095,23182.6745,124.8853,23937.5793,115.5685,21769.8575
53,688139.SH,20210914,115.39,116.72,112.19,114.43,113.39,1.0400000000000063,0.9172,13559.62,155696.623,115.966,17375.644,120.6138,20436.3,123.1729,23380.2956,100.1092,19567.7033,96.5788,21559.0141,111.246,20083.97,118.437,18445.595,126.9085,23384.0065,125.089,23698.096,115.44,21503.6987
54,688139.SH,20210913,115.31,117.79,112.18,113.39,113.92,-0.5300000000000011,-0.4652,12585.04,144761.196,118.28,19161.404,121.6969,21273.2254,122.9782,23698.1785,99.8886,19810.7535,96.2839,21687.4165,111.0725,20218.844,120.25,19915.37,127.8235,24001.7585,125.1087,24166.3343,115.208,21626.9915
55,688139.SH,20210910,118.8,119.45,110.16,113.92,119.76,-5.840000000000003,-4.8764,21954.84,248350.439,119.152,19372.622,122.9269,23547.4992,122.8568,24226.9329,99.7088,19939.9537,96.0166,21825.1198,110.8647,20236.6324,121.736,21489.43,128.7565,24956.2485,124.907,24446.025,114.9482,21735.704
56,688139.SH,20210909,118.5,121.98,116.01,119.76,118.33,1.4300000000000068,1.2085,15570.76,185538.4,120.042,18267.01,125.0631,23405.9154,122.5003,24172.1097,99.5375,19991.6324,95.7281,21867.0442,110.6821,20156.348,122.624,21757.24,129.4075,25138.3615,124.5867,24243.6173,114.566,21497.5623
57,688139.SH,20210908,127.74,127.74,117.31,118.33,126.0,-7.670000000000002,-6.0873,23207.96,276890.585,119.626,20739.034,126.5662,23829.6315,121.8582,24146.4268,99.3454,20105.6472,95.4042,22014.6517,110.4215,20091.1728,123.499,22644.129,129.448,25510.435,124.2127,24375.3263,114.085,21402.5288
58,688139.SH,20210907,118.36,127.98,117.98,126.0,117.75,8.25,7.0064,22488.42,281325.286,120.908,19515.546,128.3192,24496.6292,121.3015,24196.0047,99.1543,20150.7715,95.0934,21988.3665,110.214,19973.7089,124.604,24538.393,129.597,25694.71,123.862,24413.9823,113.633,21272.5568
59,688139.SH,20210906,118.05,122.75,117.36,117.75,118.37,-0.6200000000000045,-0.5238,13641.13,162970.716,122.22,20669.336,130.1646,25193.0085,120.6718,24154.3744,98.8867,20226.9714,94.738,21992.3837,109.8913,19923.8881,126.173,24300.976,129.3895,26020.2105,123.304,24683.1247,113.0247,21254.1488
60,688139.SH,20210903,119.28,123.0,117.68,118.37,117.68,0.6899999999999977,0.5863,16426.78,197295.764,124.32,23606.238,131.8915,26513.2585,120.1321,24100.8671,98.6639,20422.0738,94.4438,22030.4204,109.6653,19870.6879,128.328,25044.77,129.168,26221.0715,122.7723,24898.1153,112.6512,21251.7993
61,688139.SH,20210902,121.82,124.29,116.16,117.68,124.74,-7.059999999999988,-5.6598,27930.88,332071.992,125.206,25247.47,132.9962,27243.0954,119.6226,24045.4306,98.4122,20489.8832,94.1418,22038.1773,109.4244,19796.9605,130.603,26589.985,128.8565,26366.3505,122.091,24840.474,112.2503,21168.4283
62,688139.SH,20210901,127.93,131.68,123.6,124.74,132.56,-7.820000000000007,-5.8992,17090.52,215774.481,127.372,24549.224,134.1015,27531.0923,119.1762,23556.2744,98.1418,20503.5244,93.8523,21993.6028,109.1867,19621.1929,133.834,26951.032,128.9355,26199.2105,121.4817,24739.2317,111.831,20866.7777
63,688139.SH,20210831,129.03,139.5,127.36,132.56,128.25,4.310000000000002,3.3606,28257.37,378743.364,128.3,29561.24,134.2708,28185.4446,118.5794,23717.2921,97.81,20662.6206,93.5261,22039.0851,108.8205,19662.5967,135.38,28322.418,128.415,26324.3465,120.81,24871.9807,111.3187,20706.9857
64,688139.SH,20210830,125.61,130.61,121.0,128.25,122.8,5.450000000000003,4.4381,28325.64,359794.816,130.126,27932.616,133.3485,27781.9723,117.8841,23259.3974,97.423,20663.2297,93.1544,22085.8049,108.3756,19615.5379,135.397,28088.147,127.538,26291.8165,119.7047,24324.131,110.703,20381.2857
65,688139.SH,20210827,128.44,129.5,121.31,122.8,128.51,-5.709999999999994,-4.4432,24632.94,306389.482,132.336,26483.302,132.8146,27671.8046,117.2909,23000.5809,97.0881,20839.6467,92.8183,22062.4686,107.9312,19488.4723,135.777,28423.067,126.4925,25924.3225,118.798,23864.6743,110.1482,20131.0062
66,688139.SH,20210826,131.97,133.6,126.0,128.51,129.38,-0.8700000000000045,-0.6724,24439.65,317705.298,136.0,27932.5,132.7415,28007.6115,116.8426,22788.2891,96.7952,21053.0872,92.5055,21998.0626,107.572,19429.3272,136.191,28519.483,125.568,25486.806,118.1213,23420.2287,109.6465,19979.1515
67,688139.SH,20210825,138.33,140.93,126.66,129.38,141.69,-12.310000000000002,-8.688,42150.6,558405.322,140.296,29352.84,131.5731,27485.9731,116.2576,22564.6312,96.4254,21212.2254,92.1562,22013.8752,107.0885,19309.4707,135.397,28376.741,124.5695,25240.925,117.3193,23357.7443,109.0693,20014.9688
68,688139.SH,20210824,140.0,149.39,137.59,141.69,139.3,2.3899999999999864,1.7157,20114.25,289601.371,142.46,27083.596,130.2469,25730.7238,115.7253,21870.2356,96.027,21209.4103,91.809,21912.339,106.6384,18851.2324,134.59,26851.027,123.491,24351.777,116.6373,22375.6893,108.6263,19567.26
69,688139.SH,20210823,142.64,143.36,134.25,139.3,141.12,-1.8199999999999932,-1.2897,21079.07,290688.567,140.668,28243.678,128.5215,26074.8646,114.6947,21802.3062,95.5271,21191.0681,91.3724,21926.3596,106.0252,18765.6909,132.606,27739.445,121.8695,24874.199,115.517,22356.077,107.9552,19626.6087
70,688139.SH,20210820,149.76,149.95,138.87,141.12,149.99,-8.870000000000005,-5.9137,31878.93,455141.208,139.218,30362.832,126.6008,25960.57,113.6724,22153.6226,95.0239,21160.2851,90.9451,21945.4517,105.4388,18715.4755,130.008,27397.373,119.9945,24824.788,114.459,22233.942,107.2635,19507.277
71,688139.SH,20210819,139.0,150.88,138.46,149.99,140.2,9.79000000000002,6.9829,31541.35,465458.064,136.382,29106.466,124.5931,25631.9423,112.835,21742.8203,94.5211,21052.3222,90.5046,22102.9696,104.8247,18512.2824,127.11,26142.716,117.835,23965.7185,113.3757,21732.487,106.582,19241.52
72,688139.SH,20210818,134.5,140.48,134.0,140.2,132.73,7.469999999999999,5.628,30804.38,426814.363,130.498,27400.642,121.3123,24819.2046,111.7006,21418.9962,93.9686,20983.196,90.019,22156.8797,104.1416,18329.0983,124.037,25447.389,115.3055,23633.3315,112.0853,21299.147,105.7523,18893.8745
73,688139.SH,20210817,135.0,137.01,130.17,132.73,132.05,0.6799999999999784,0.515,25914.66,346440.825,126.72,26618.458,118.5515,23671.3762,110.9338,21402.7021,93.4785,21045.1981,89.5983,22141.8595,103.5714,18162.3163,121.45,24326.275,113.525,23146.762,110.967,20865.8227,105.1285,18620.4377
74,688139.SH,20210816,127.39,136.5,126.5,132.05,126.94,5.110000000000014,4.0255,31674.84,421432.577,124.544,27235.212,116.6908,23179.6354,110.1212,21037.4685,93.0248,21048.9801,89.2334,22081.1863,103.1217,18322.1328,119.679,24495.486,111.8585,22442.123,110.0273,21102.795,104.613,18501.0577
75,688139.SH,20210813,120.0,130.25,119.99,126.94,120.57,6.3700000000000045,5.2832,25597.1,324683.456,120.798,24431.914,114.8262,22617.5431,109.3635,20832.5218,92.5597,20914.6224,88.885,22017.471,102.6656,18179.5137,117.208,23425.578,110.3085,21585.478,109.3807,20644.022,104.0922,18133.9955
76,688139.SH,20210812,121.35,127.77,119.55,120.57,121.31,-0.7400000000000091,-0.61,23012.23,283406.801,117.838,23178.966,113.4662,22999.5115,108.7368,20854.0838,92.1278,20875.5907,88.5841,21952.4899,102.3059,18078.0355,114.945,22454.129,109.0865,20870.6015,108.8633,20475.163,103.6482,17888.9977
77,688139.SH,20210811,121.9,123.65,117.87,121.31,121.85,-0.539999999999992,-0.4432,26893.46,325912.288,117.576,23494.136,112.0223,22774.79,108.1326,20427.855,91.7336,20943.4845,88.3101,21940.8111,101.9931,18003.8572,113.742,22105.109,108.2805,20848.246,108.6487,20716.4347,103.3029,17751.2657
78,688139.SH,20210810,113.35,123.8,113.35,121.85,113.32,8.530000000000001,7.5274,28998.43,349178.208,116.18,22034.092,110.2238,21836.6423,107.4741,19960.0379,91.3197,21129.8678,88.0198,21843.8182,101.6393,17855.2825,112.392,21852.527,107.661,20138.0205,108.1083,20269.8767,102.9023,17639.638
79,688139.SH,20210809,110.52,115.49,110.07,113.32,112.14,1.1799999999999926,1.0523,17658.35,199252.291,114.814,21755.76,108.4969,21520.8869,106.8465,19425.0315,90.9221,21173.3483,87.7267,21759.1012,101.2256,17636.3327,111.133,22008.953,106.9725,19664.393,107.5897,20126.8173,102.5247,17568.4635
80,688139.SH,20210806,119.27,119.99,110.1,112.14,119.26,-7.1200000000000045,-5.9701,19332.36,218177.772,113.618,22419.242,107.8254,21783.5515,106.4697,19522.0562,90.609,21299.7271,87.4743,21787.6384,100.9015,17539.6493,109.981,22252.203,106.6845,19652.2265,107.3333,20415.8793,102.218,17587.4197
81,688139.SH,20210805,114.29,120.0,113.33,119.26,114.33,4.930000000000007,4.3121,24588.08,290485.122,112.052,21729.292,106.8454,21205.8223,106.0479,19515.4512,90.2827,21367.1417,87.2552,21759.2002,100.5857,17424.7395,108.56,21788.721,106.5085,19527.3725,106.9297,20055.4823,101.9467,17601.8313
82,688139.SH,20210804,114.39,116.48,112.92,114.33,115.02,-0.6899999999999977,-0.5999,19593.24,223733.564,109.908,20716.082,105.4446,20433.0423,105.2165,19017.7529,89.9061,21477.7552,86.9792,21691.3754,100.1465,17286.5313,106.574,21819.274,106.1095,19225.026,106.2517,19602.1357,101.4964,17449.5368
83,688139.SH,20210803,108.75,117.75,107.66,115.02,107.34,7.679999999999993,7.1548,27606.77,313147.578,108.604,21670.962,104.5346,19795.0677,104.5274,18731.7385,89.569,21472.0089,86.7387,21728.895,99.8187,17244.7771,105.6,21967.249,105.7255,19135.5965,105.791,19309.3013,101.1847,17252.695
84,688139.SH,20210802,107.0,111.88,105.19,107.34,104.31,3.030000000000001,2.9048,20975.76,226137.089,107.452,22262.146,103.7215,19407.2485,103.8271,18372.9994,89.2282,21441.1794,86.5147,21686.5367,99.4405,17204.2273,104.038,20388.76,105.2015,19406.4495,105.3073,19087.6487,100.8627,17020.8928
85,688139.SH,20210730,107.44,109.5,102.55,104.31,108.54,-4.230000000000004,-3.8972,15882.61,166287.476,106.344,22085.164,103.8431,18769.8015,103.3024,18385.0047,88.9552,21434.8848,86.3521,21661.5866,99.2416,17070.0968,103.409,19745.378,105.467,19253.244,104.9893,19025.383,100.6624,16959.8453
86,688139.SH,20210729,107.34,110.84,106.5,108.54,107.81,0.730000000000004,0.6771,19522.03,210904.367,105.068,21848.15,104.1331,19050.0531,103.0385,18314.9326,88.6984,21447.7674,86.2174,21654.8684,99.0859,17061.9608,103.228,19287.074,105.8225,19485.68,104.5453,18751.5073,100.5082,16972.4593
87,688139.SH,20210728,107.65,113.5,103.45,107.81,109.26,-1.4500000000000028,-1.3271,24367.64,265219.889,103.24,22922.466,104.0577,18887.9754,102.6203,18076.7706,88.4222,21453.849,86.0544,21677.8431,98.9136,16955.5817,102.819,19591.383,106.102,20022.0975,103.9573,18429.7313,100.3452,16943.8012
88,688139.SH,20210727,101.2,113.49,101.13,109.26,101.8,7.460000000000008,7.3281,30562.69,333707.372,102.596,22263.536,104.12,18308.5631,102.1706,17649.2471,88.1569,21456.6919,85.8756,21714.2191,98.7629,16935.5635,102.93,18423.514,105.9665,19478.5515,103.404,18131.1313,100.1722,16842.6027
89,688139.SH,20210726,97.9,102.89,96.99,101.8,97.93,3.8699999999999903,3.9518,20090.85,202043.432,100.624,18515.374,104.2754,17383.8292,101.7218,16971.0209,87.8824,21495.5137,85.7071,21736.313,98.5546,16876.8859,102.812,17319.833,105.818,19185.7495,102.7453,17825.173,100.0013,16964.9062
90,688139.SH,20210723,98.8,99.9,95.5,97.93,99.4,-1.4699999999999989,-1.4789,14697.54,142635.189,100.474,17405.592,104.6485,17207.9677,101.54,16636.4479,87.6717,21525.3119,85.6101,21919.5069,98.3683,16760.4731,103.388,17052.25,106.0095,19497.7175,102.53,17605.4833,99.9353,16979.6988
91,688139.SH,20210722,103.98,105.54,99.3,99.4,104.59,-5.189999999999998,-4.9622,24893.61,251791.102,101.388,16725.998,105.1569,18617.6823,101.4526,16595.6047,87.4773,21518.7202,85.501,21935.4219,98.218,16735.7432,104.457,17266.024,106.1145,19188.863,102.4097,17496.3827,99.9692,17034.5103
92,688139.SH,20210721,99.77,107.27,98.08,104.59,99.4,5.189999999999998,5.2213,21072.99,218246.893,102.398,16260.3,106.1762,18080.6085,101.2556,16319.9591,87.2695,21534.1256,85.3795,21976.3229,98.0383,16625.598,105.645,16630.778,106.0905,18493.5665,102.1803,16994.3237,99.9311,16910.4312
93,688139.SH,20210720,100.5,101.82,98.82,99.4,101.05,-1.6499999999999915,-1.6329,11821.88,118051.096,103.264,14583.492,106.7015,18038.9423,100.9406,16482.1856,87.0342,21561.3338,85.2256,22058.803,97.7911,16668.6279,105.851,16303.944,105.8865,17980.3275,101.8273,16541.9907,99.7675,16821.7207
94,688139.SH,20210719,102.02,103.82,99.31,101.05,102.5,-1.4500000000000028,-1.4146,14541.94,147006.847,105.0,16124.292,107.8346,19456.5192,101.0406,16584.1324,86.8155,21635.3745,85.103,22257.3289,97.6117,16879.8232,106.365,18424.139,105.942,18437.093,101.7013,16438.4403,99.6245,16834.3092
95,688139.SH,20210716,103.92,105.85,101.24,102.5,104.45,-1.9500000000000028,-1.8669,11299.57,116666.016,106.302,16698.908,108.1462,19376.1177,101.0515,16852.7568,86.5795,21703.1778,84.9701,22353.1599,97.4595,17193.7069,107.525,18761.11,105.7795,18665.3855,101.4983,16397.338,99.4239,16765.3952
96,688139.SH,20210715,108.79,110.0,102.95,104.45,108.92,-4.469999999999999,-4.1039,22565.12,236736.486,107.526,17806.05,108.4377,20407.4315,100.9132,16929.8038,86.3308,22030.9549,84.8115,22430.1243,97.2121,17359.1249,108.417,19684.286,105.204,18483.724,101.1717,16538.0743,99.1899,16755.6377
97,688139.SH,20210714,109.7,111.33,107.07,108.92,108.08,0.8400000000000034,0.7772,12688.95,138736.963,108.892,17001.256,108.5285,20697.0538,100.7891,16734.7565,86.0771,22156.5593,84.6426,22430.9479,96.9592,17393.4957,109.385,20452.812,104.5265,17848.9055,100.8193,16672.1933,98.8876,16616.5935
98,688139.SH,20210713,108.22,110.8,106.42,108.08,107.56,0.519999999999996,0.4835,19525.88,210341.568,108.438,18024.396,107.8446,20376.4,100.5329,16675.7468,85.8006,22264.733,84.4283,22480.5838,96.6225,17478.4951,109.003,20533.589,103.641,17984.94,100.6153,16758.8307,98.568,16679.4722
99,688139.SH,20210712,108.59,110.3,106.21,107.56,108.62,-1.0600000000000023,-0.9759,17415.02,188384.72,107.73,20723.986,107.14,19719.6154,100.3768,16524.9318,85.5435,22237.8928,84.2159,22549.5752,96.2822,17484.1393,108.824,21051.666,102.712,18077.843,100.3933,16897.1403,98.2109,16763.4665
100,688139.SH,20210709,110.07,111.5,105.24,108.62,111.28,-2.6599999999999966,-2.3904,16835.28,181945.512,108.748,20823.312,106.5977,19211.3992,100.2074,16564.2506,85.3048,22262.1424,83.9838,22574.6441,95.9388,17532.0252,108.631,21943.185,102.101,17882.1,100.068,16780.612,97.9586,16655.149
101,688139.SH,20210708,109.05,112.89,107.58,111.28,106.65,4.6299999999999955,4.3413,18541.15,205688.615,109.308,21562.522,105.9738,19528.4692,99.9774,16352.9515,85.0789,22246.7258,83.7342,22601.8115,95.6173,17635.0181,107.772,21111.702,101.386,17611.562,99.7883,16750.553,97.6921,16629.1012
102,688139.SH,20210707,103.57,107.89,103.0,106.65,104.54,2.1099999999999994,2.0184,17804.65,189408.156,109.878,23904.368,104.9369,19572.0569,99.6544,16128.1303,84.8217,22264.0685,83.4804,22639.5024,95.2334,17622.0805,106.536,20356.355,100.448,17176.0965,99.4193,16488.602,97.4311,16512.4753
103,688139.SH,20210706,107.0,107.98,102.06,104.54,112.65,-8.11,-7.1993,33023.83,345613.272,109.568,23042.782,103.7323,18792.1869,99.4545,16038.2379,84.5829,22213.3534,83.2431,22726.6486,94.9083,17611.8676,105.922,19656.711,99.8155,16661.014,99.29,16375.0527,97.2621,16596.8357
104,688139.SH,20210705,112.6,114.38,109.7,112.65,111.42,1.230000000000004,1.1039,17911.65,200966.73,109.918,21379.346,102.6831,17011.0269,99.2407,15660.9429,84.3591,22085.9744,83.002,22658.6428,94.5775,17480.7951,105.519,18450.047,99.3695,15445.591,99.1987,15899.3203,97.0804,16482.4697
105,688139.SH,20210702,111.86,116.0,111.05,111.42,114.13,-2.7099999999999937,-2.3745,20531.33,232878.8,108.514,23063.058,101.0338,16818.5646,98.845,15861.4226,84.0675,22117.7069,82.6975,22665.8999,94.1021,17616.2328,104.034,18569.661,98.485,15215.452,98.8037,15623.969,96.6667,16373.2737
106,688139.SH,20210701,106.55,116.98,106.01,114.13,105.1,9.030000000000001,8.5918,30250.38,341137.821,106.236,20660.882,99.3477,16884.15,98.3598,15810.3753,83.8154,22076.0053,82.3859,22630.9394,93.5919,17506.8647,101.991,17283.162,97.549,14964.9685,98.433,15302.8323,96.254,16245.1315
107,688139.SH,20210630,105.71,108.45,104.01,105.1,106.29,-1.190000000000012,-1.1196,13496.72,143160.207,103.194,16808.342,97.9023,15595.6715,97.8224,15514.6894,83.5271,21957.084,82.0656,22550.571,93.0245,17245.0788,99.668,15244.999,96.5365,14781.884,97.9571,14786.0967,95.7839,16018.1705
108,688139.SH,20210629,106.41,108.7,103.26,106.29,105.63,0.6600000000000108,0.6248,24706.65,262466.165,102.276,16270.64,97.0731,15436.2715,97.4442,15572.1509,83.309,22043.4543,81.8124,22594.1311,92.5636,17319.9675,98.279,15436.291,96.4215,14871.4515,97.6962,15009.3993,95.4664,16198.229
109,688139.SH,20210628,101.17,107.77,100.06,105.63,100.03,5.599999999999994,5.5983,26330.21,277511.769,101.12,15520.748,96.0138,14292.0554,97.1307,15074.3885,83.1067,22013.8818,81.5454,22536.5749,92.0495,17339.8289,96.6,15104.02,96.178,14819.8775,97.4597,15010.1097,95.1273,16247.477
110,688139.SH,20210625,99.47,101.0,97.98,100.03,98.92,1.1099999999999994,1.1221,8520.45,84981.651,99.554,14076.264,95.1192,12843.8085,96.8386,14702.8718,82.9277,21947.4164,81.2837,22483.6487,91.6018,17250.606,95.571,13821.015,95.7865,14199.3255,97.1028,14758.96,94.8607,16443.3605
111,688139.SH,20210624,100.53,101.23,97.29,98.92,100.51,-1.5900000000000034,-1.5819,10987.68,108444.009,97.746,13905.442,94.78,12858.8023,96.7001,14961.4735,82.7993,21990.658,81.0602,22584.8299,91.2695,17270.2751,95.0,14111.422,95.7965,14569.9785,96.9637,15148.1803,94.5927,16696.4517
112,688139.SH,20210623,100.81,102.59,99.77,100.51,100.51,0.0,0.0,10808.21,108992.53,96.142,13681.656,94.4754,13037.3554,96.5866,15127.7021,82.6749,22076.8877,80.8421,22734.2853,90.9348,17359.2961,94.36,13995.838,95.861,14554.7255,96.7411,15296.938,94.3687,16932.3725
113,688139.SH,20210622,98.19,103.35,96.26,100.51,97.8,2.710000000000008,2.771,20957.19,210667.392,94.282,14601.942,93.8746,13399.9285,96.5351,15333.4176,82.5158,22213.7416,80.64,22871.545,90.6296,17411.4824,93.709,13665.317,95.974,14734.2235,96.5785,15196.0887,94.0879,17069.9673
114,688139.SH,20210621,91.5,98.28,90.11,97.8,90.99,6.810000000000002,7.4843,19107.79,182710.091,92.08,14687.292,93.3646,13833.1208,96.4445,15255.1394,82.3788,22306.3761,80.4545,22939.9238,90.2748,17303.9112,93.22,12441.135,96.0385,14623.957,96.4181,14954.137,93.7888,17053.1675
115,688139.SH,20210618,90.87,92.99,90.36,90.99,90.9,0.0899999999999892,0.099,7666.34,70046.542,91.588,13565.766,93.7492,13539.2962,96.48,15807.8779,82.2927,22528.2014,80.283,23001.2827,89.9891,17259.7175,92.936,11861.243,96.1885,14151.123,96.3354,14894.3077,93.5222,17084.812
116,688139.SH,20210617,91.21,92.38,89.71,90.9,91.21,-0.30999999999998806,-0.3399,9868.75,89723.751,92.254,14317.402,94.5515,14770.7446,96.6815,16199.4094,82.2128,22595.7072,80.1583,23105.2172,89.7716,17365.4945,93.107,12646.775,96.654,14312.6675,96.4712,15193.4113,93.4141,17366.3688
117,688139.SH,20210616,90.59,92.49,87.6,91.21,89.5,1.7099999999999937,1.9106,15409.64,139312.343,92.578,14310.02,95.0823,15082.3154,96.948,16438.1588,82.1292,22748.0483,80.0334,23188.8544,89.5922,17471.1757,93.405,14318.769,97.1016,14556.6455,96.7331,15457.871,93.274,17494.7368
118,688139.SH,20210615,94.66,95.24,88.2,89.5,95.34,-5.840000000000003,-6.1254,21383.94,195011.66,93.136,12728.692,95.7762,15122.6131,97.1217,16498.1359,82.0416,22884.1767,79.8962,23212.3021,89.4366,17568.6829,94.564,14306.612,97.4048,14795.9535,96.9405,15554.074,93.1248,17521.8875
119,688139.SH,20210611,94.72,96.19,92.43,95.34,94.32,1.0200000000000102,1.0814,13500.16,128302.366,94.36,10194.978,96.6,14299.4346,97.2767,16332.4424,81.9664,23050.7657,79.7613,23210.8024,89.2792,17532.1207,95.756,14535.735,97.8895,14963.1545,97.2573,16104.6393,92.962,17552.045
120,688139.SH,20210610,92.01,95.48,91.6,94.32,92.52,1.7999999999999972,1.9455,11424.52,106867.436,94.284,10156.72,97.1715,14368.5123,97.1437,16305.2962,81.8501,23170.4687,79.5998,23258.9068,89.0612,17703.0209,96.002,14577.636,97.8686,15227.9325,97.3407,16353.9143,92.6563,17794.867
121,688139.SH,20210609,93.33,94.65,91.6,92.52,94.0,-1.480000000000004,-1.5745,9831.84,91291.598,93.96,10976.148,97.7469,14932.1538,96.9877,16275.3721,81.7208,23259.9272,79.4546,23381.204,88.8478,18088.1801,96.593,15028.535,97.9456,15666.5595,97.5288,16572.638,92.3036,17809.937
122,688139.SH,20210608,95.62,96.65,93.06,94.0,95.62,-1.6200000000000045,-1.6942,7503.0,71000.064,94.232,14327.518,98.3838,14918.2515,96.8683,16301.3215,81.6054,23349.3193,79.3195,23595.2141,88.6165,18645.0292,97.362,15113.613,97.9317,15947.488,97.6819,16826.5387,91.9545,17823.0137
123,688139.SH,20210607,94.98,96.95,93.7,95.62,94.96,0.6600000000000108,0.695,8715.37,83099.607,95.992,15884.532,98.8685,15179.3462,96.6423,16498.9529,81.4576,23443.5861,79.1489,23705.1149,88.4653,19192.4405,98.239,15803.13,98.0132,15961.4745,97.7076,17101.4507,91.5633,18016.5198
124,688139.SH,20210604,92.32,95.78,91.7,94.96,92.7,2.259999999999991,2.438,13308.87,125231.265,97.152,18876.492,99.194,15643.4185,96.4694,16726.7853,81.2948,23599.6282,78.9655,23723.1719,88.3571,19492.1004,98.857,16806.779,98.0171,16210.638,97.5476,17230.178,91.0985,18307.868
125,688139.SH,20210603,93.66,95.13,92.2,92.7,93.88,-1.1799999999999926,-1.2569,15521.66,145118.81,97.72,18998.552,99.372,16173.1823,96.2252,17057.8638,81.1099,23657.5643,78.7832,23731.5167,88.2809,19706.6032,99.441,16441.003,98.0352,16410.84,97.3494,17133.4523,90.7167,18413.3617
126,688139.SH,20210602,103.3,103.46,93.42,93.88,102.8,-8.920000000000002,-8.677,26588.69,258066.432,99.226,19080.922,99.8716,16881.3592,96.217,16922.4024,80.9275,23698.5706,78.6102,23796.4162,88.2729,19926.1663,100.201,15978.56,98.1532,16466.7295,97.208,16973.201,90.4236,18321.2612
127,688139.SH,20210601,101.42,103.98,99.36,102.8,101.42,1.3799999999999955,1.3607,15288.07,155415.863,100.492,15899.708,99.9518,16281.9,96.1803,16589.5706,80.7504,23686.9193,78.4182,23710.2729,88.2321,19967.7285,100.7983,14794.522,98.3971,16027.422,96.9559,16560.9937,90.0892,18172.5207
128,688139.SH,20210531,98.39,102.8,97.04,101.42,97.8,3.6200000000000045,3.7014,23675.17,238221.57,100.486,15721.728,99.4178,16659.5146,95.9691,16479.4391,80.4987,23806.6713,78.1733,23717.9292,88.0274,20210.0369,100.2455,15285.295,98.1287,16177.805,96.5207,16600.1137,89.6695,18163.0892
129,688139.SH,20210528,100.0,101.5,96.15,97.8,100.23,-2.430000000000007,-2.4244,13919.17,137546.006,100.562,14737.066,98.7119,16026.8408,95.8245,16455.6479,80.2374,23791.7803,77.9245,23727.857,87.8176,20450.8464,100.0231,15390.574,98.008,16889.0915,96.0285,16629.7927,89.2108,17983.3255
130,688139.SH,20210527,99.5,102.48,97.5,100.23,100.21,0.020000000000010232,0.02,15933.51,158601.453,101.162,13883.454,98.5449,15554.8069,95.7021,16815.7274,79.9832,23828.0228,77.6858,23774.1573,87.6085,20614.4752,99.7353,15878.229,98.01,17242.0535,95.8493,16529.686,88.8537,18014.5603
131,688139.SH,20210526,102.82,103.75,99.69,100.21,102.77,-2.5600000000000023,-2.491,10682.62,108114.956,101.176,12876.198,98.1964,15382.8938,95.3374,16681.2091,79.6952,23818.9221,77.4175,23841.1683,87.322,20800.6312,99.2981,16304.584,97.9966,17344.6895,95.596,16507.6493,88.4278,18008.9955
132,688139.SH,20210525,101.12,105.2,100.38,102.77,101.8,0.9699999999999989,0.9528,14398.17,147143.278,101.1045,13689.336,97.8203,15892.9162,94.9387,16744.7438,79.4159,23860.4881,77.164,24011.3266,87.012,21191.5347,98.5014,16781.363,97.8418,17683.0015,95.4429,16536.3487,88.0485,18127.5325
133,688139.SH,20210524,100.85,102.9,95.4,101.8,100.8,1.0,0.9921,18751.86,186437.452,100.0051,14848.862,97.2273,16065.3223,94.4434,16810.4659,79.1349,23905.3506,76.9225,24101.6888,86.6662,21377.4935,97.7874,16119.819,97.4419,17750.611,95.2341,16818.6187,87.6612,18266.2743
134,688139.SH,20210521,101.03,102.43,99.01,100.8,100.3,0.5,0.4985,9651.11,97059.124,99.4841,16044.082,96.9932,15992.2977,93.9801,16973.6532,78.8528,23879.1547,76.7056,24121.6115,86.3758,21843.8645,97.1773,15614.497,96.8929,17441.8775,94.9621,17065.619,87.2595,18264.4395
135,688139.SH,20210520,99.68,102.68,98.4,100.3,99.87,0.4299999999999926,0.4306,10897.23,109750.221,98.3086,17873.004,96.7342,16657.2685,93.5432,17503.3715,78.5792,23932.867,76.5109,24162.2814,86.1069,22453.4279,96.6293,16380.677,96.3037,17479.677,94.5297,17122.5783,86.896,18542.2157
136,688139.SH,20210519,96.6155,100.261,95.4302,99.8526,97.2728,2.5797999999999917,2.6521,14748.31,146255.292,97.4203,19732.97,96.6346,18734.4738,93.2295,18302.9594,78.315,24035.109,76.3325,24248.9144,85.7729,22939.5389,96.1055,16954.899,95.7116,17470.5215,94.0749,17187.4307,86.5296,19032.4528
137,688139.SH,20210518,99.1952,99.5836,94.6333,97.2728,99.1952,-1.9223999999999961,-1.938,20195.8,195378.93,95.8983,19873.39,96.4798,19213.7123,92.7617,18566.4185,78.0526,24184.396,76.1512,24287.6443,85.4017,23299.4979,95.9959,17260.322,95.0347,17444.2295,93.6107,17250.2443,86.1182,19646.573
138,688139.SH,20210517,96.4561,100.3705,96.3864,99.1952,94.9222,4.272999999999996,4.5016,24727.96,245575.848,95.5696,17390.776,96.6867,19043.7454,92.4148,18711.9224,77.8379,24280.2939,75.9867,24262.0038,85.0341,23263.1933,96.0119,17070.315,94.6582,17257.523,93.2366,17387.0587,85.8747,20119.2905
139,688139.SH,20210514,95.4999,96.4661,92.0337,94.9222,95.8585,-0.9363000000000028,-0.9768,18795.72,178138.06,94.8704,15184.912,96.5266,18483.8146,91.9581,18545.3324,77.6293,24334.3581,75.8041,24239.3364,84.6027,23155.4383,95.9929,18387.609,94.0312,17249.402,92.795,17484.8443,85.6798,20226.9888
140,688139.SH,20210513,91.7648,97.0936,91.1871,95.8585,92.2429,3.6156000000000006,3.9197,20197.06,193211.298,94.9501,14888.35,96.5151,18249.5562,91.5946,18579.2582,77.4481,24408.5367,75.652,24276.3215,84.2533,23122.5921,96.2848,18605.878,93.9062,16855.4145,92.6187,18127.761,85.5852,20403.6698
141,688139.SH,20210512,94.9222,95.968,90.958,92.2429,95.6294,-3.386499999999998,-3.5413,15450.41,143559.062,94.7907,14176.828,96.1274,17663.4123,91.1812,18603.0641,77.2678,24443.4966,75.4914,24306.907,83.9143,23141.1272,96.6951,18384.795,93.7449,16609.182,92.2216,18244.723,85.5226,20600.2003
142,688139.SH,20210511,92.6413,97.0039,92.6413,95.6294,95.6991,-0.06969999999999743,-0.0728,7782.73,74144.742,96.0935,14647.254,95.8791,17275.4654,90.9536,18870.9859,77.1119,24502.8926,75.3345,24357.1234,83.6127,23464.8907,97.1822,18584.64,93.9137,16413.8415,91.9962,18567.807,85.4989,20837.7912
143,688139.SH,20210510,94.2349,96.5159,90.8385,95.6991,95.3206,0.3785000000000025,0.3971,13698.64,129677.384,96.4541,16749.854,95.3275,17500.9569,90.5672,19158.8712,76.9202,24583.3758,75.1766,24482.544,83.2362,23713.9112,97.0965,19381.403,93.9575,17168.0185,91.5974,18943.846,85.3626,21265.7657
144,688139.SH,20210507,96.5159,98.9362,93.9062,95.3206,95.0616,0.25900000000000034,0.2725,17312.91,167066.119,97.1154,21590.306,94.6058,17541.2515,90.172,19257.1076,76.7189,24634.9858,75.0366,24639.8721,82.8279,23695.6271,96.6085,19269.258,93.8544,17791.18,91.1595,19152.198,85.1956,21733.053
145,688139.SH,20210506,99.6932,100.5996,93.2987,95.0616,98.7569,-3.695300000000003,-3.7418,16639.45,160313.302,97.6194,22323.406,94.1767,17475.7715,89.7135,19430.0629,76.5295,24664.9642,74.892,24820.5849,82.4202,23731.1421,95.978,18578.677,93.4799,17493.529,90.709,19275.3163,84.9756,21881.0267
146,688139.SH,20210430,97.482,99.0657,97.0338,98.7569,97.4322,1.324700000000007,1.3596,17802.54,175407.653,98.5995,22592.762,93.53,18085.4708,89.1821,19766.2403,76.354,24772.2788,74.7808,24961.3208,82.0035,23946.4687,95.3176,17986.144,93.0596,17303.6965,90.357,19539.3263,84.7035,22101.956
147,688139.SH,20210429,97.4422,101.5757,96.9143,97.4322,99.0059,-1.5737000000000023,-1.5895,18295.73,180306.782,98.2709,22522.026,93.0428,17555.7346,88.4292,19605.2456,76.152,24968.0914,74.6278,25036.4647,81.5096,24425.5369,94.0736,17628.137,92.4182,17245.2055,89.8149,19531.6027,84.3403,22471.92
148,688139.SH,20210428,98.4382,102.2729,95.6194,99.0059,97.8406,1.165300000000002,1.191,37900.9,377653.502,97.739,22012.952,92.6735,17323.1715,87.6687,19379.3841,75.928,25022.1226,74.4951,25258.1154,81.0717,24651.7221,93.3046,17444.731,91.8489,17545.4305,89.3092,19489.701,83.997,22639.4092
149,688139.SH,20210427,100.251,103.2092,97.3824,97.8406,99.9621,-2.1215000000000117,-2.1223,20978.41,209370.451,96.1015,16948.21,92.413,15295.6869,86.8312,18826.8097,75.6892,24840.6372,74.3532,25394.3141,80.6614,24624.4687,92.0695,16111.195,91.196,17033.462,88.6668,18999.4507,83.6806,22903.2223
150,688139.SH,20210426,98.3087,100.5199,96.8645,99.9621,97.1135,2.8486000000000047,2.9333,17986.23,178578.643,94.3365,14833.948,92.3103,15440.9069,85.9456,18980.2759,75.4552,24797.1701,74.1794,25496.8024,80.2255,24731.9575,91.5277,15104.951,90.7857,17888.7025,87.9719,19235.8197,83.3937,23476.3882
151,688139.SH,20210423,94.6234,101.1972,94.1353,97.1135,94.7728,2.3406999999999982,2.4698,17448.86,171569.877,92.0357,13379.526,91.8238,16069.8023,85.1247,19028.8718,75.2019,24856.2218,73.99,25712.232,79.7597,25032.36,90.7946,14833.569,89.9849,18174.687,87.0784,19047.236,82.9819,23965.877
152,688139.SH,20210422,90.0416,95.48,89.8225,94.7728,90.8185,3.9543000000000035,4.3541,15750.36,146836.002,89.8763,12734.248,91.1097,15601.42,84.4776,18809.6591,74.954,24818.5941,73.8306,25898.9449,79.3422,25049.9188,90.6452,14243.043,89.4032,18559.3905,86.2271,18819.4887,82.5636,24370.8165
153,688139.SH,20210421,89.2448,92.3325,87.7507,90.8185,89.0157,1.8028000000000048,2.0253,12577.19,114559.566,88.8703,12876.51,90.4852,15377.7615,83.8612,18865.9503,74.7223,24824.3692,73.7029,26106.8043,78.9577,25148.8116,90.8185,14954.634,88.8479,18725.0675,85.419,18931.589,82.1457,24399.5265
154,688139.SH,20210420,87.8603,91.3066,87.5217,89.0157,88.4579,0.5578000000000003,0.6306,10407.1,93329.584,88.0376,15274.18,90.109,15689.7254,83.4731,18929.0382,74.504,24913.0899,73.6086,26396.2842,78.6539,25248.7069,91.1004,16313.102,88.435,19093.668,84.6494,19385.558,81.7461,24467.3455
155,688139.SH,20210419,87.1531,89.2249,85.7388,88.4579,86.3165,2.14139999999999,2.4809,10714.12,94769.529,88.7189,15375.954,89.8807,16758.4277,83.0284,19002.0456,74.2849,24991.8179,73.545,26608.4481,78.3648,25346.4483,90.9819,16408.381,88.0745,19623.636,84.084,19693.271,81.4078,24566.0982
156,688139.SH,20210416,88.5874,90.6392,86.0176,86.3165,89.7428,-3.4262999999999977,-3.8179,14222.47,125203.131,89.5536,16287.612,89.6876,18062.0746,82.673,19151.4321,74.0517,25106.7085,73.4931,26917.2308,78.1022,25475.5639,90.8016,16621.249,87.8767,20315.9175,83.6391,19669.3213,81.1074,24747.316
157,688139.SH,20210415,86.8045,90.5396,86.1969,89.7428,86.6551,3.087699999999998,3.5632,16461.67,146691.065,91.4142,15751.838,89.9428,19897.5169,82.3306,19191.9365,73.8507,25281.8258,73.4785,27212.2811,77.8794,25616.2912,90.7627,16862.274,87.6855,20483.3355,83.2224,19784.0477,80.8291,25172.486
158,688139.SH,20210414,92.1333,93.7469,85.5097,86.6551,92.4222,-5.767099999999999,-6.24,24565.54,219314.93,92.7668,17032.758,89.4969,20454.7669,81.9691,19231.1474,73.6577,25373.5461,73.4434,27795.1364,77.6127,25878.8425,90.3932,17646.13,87.3115,20512.186,82.8184,19726.0647,80.4566,25339.1127
159,688139.SH,20210413,92.2927,94.6234,91.9341,92.4222,92.6313,-0.2090999999999923,-0.2257,10915.97,102103.508,94.1632,17352.024,89.4065,20499.1815,81.7596,19176.9456,73.5083,25356.5549,73.4845,28139.2889,77.41,25876.3927,90.3225,17955.729,86.9654,20443.5785,82.3931,19336.8583,80.097,25135.1425
160,688139.SH,20210412,94.4839,96.5756,91.9441,92.6313,95.6194,-2.988100000000003,-3.125,15272.41,143779.793,93.2449,17440.808,88.733,21125.9454,81.3266,19404.175,73.338,25395.5017,73.4265,28540.7296,77.1102,25914.1575,90.0436,20672.454,86.1939,21301.254,81.8582,19499.4347,79.6357,25286.152
161,688139.SH,20210409,97.2131,98.0,95.1214,95.6194,96.5059,-0.8864999999999981,-0.9186,11543.6,111450.408,92.0496,16954.886,87.9584,21485.6985,80.9253,19729.0359,73.1819,25466.7919,73.3238,28794.5599,76.8014,26072.0184,89.1751,21515.805,85.2203,21154.0695,81.2596,19510.3417,79.1553,25578.0942
162,688139.SH,20210408,93.3783,98.1095,92.1333,96.5059,93.6373,2.8686000000000007,3.0635,22866.27,220229.046,90.1113,17972.71,86.8957,22213.6108,80.4164,20575.1494,72.9986,25534.5007,73.2139,29047.4249,76.4692,26251.3168,88.1611,22875.738,84.0181,21107.7115,80.654,19718.7163,78.5902,26281.2452
163,688139.SH,20210407,88.3484,95.0517,88.1492,93.6373,87.8304,5.806899999999999,6.6115,26161.87,239772.483,88.0197,18259.502,85.9724,22343.8785,79.7889,21420.1274,72.8108,25485.8638,73.0604,29260.9547,76.088,26246.2164,86.8772,22495.501,82.7193,20920.0665,80.0882,19713.93,78.0583,26487.801
164,688139.SH,20210406,86.2667,89.0157,86.0674,87.8304,86.6551,1.175299999999993,1.3563,11359.89,99755.599,86.4818,18559.434,85.1151,21683.0292,79.4661,22078.8621,72.6351,25449.3034,72.8989,29340.9658,75.7338,26221.4664,85.7696,21874.234,81.4239,20921.786,79.557,19463.26,77.6348,26649.3847
165,688139.SH,20210402,85.6889,87.1133,84.2646,86.6551,85.928,0.7271000000000072,0.8462,12842.8,110419.97,86.8424,23904.1,84.6868,22119.8592,79.4564,22662.0965,72.5059,25544.3472,72.7664,29605.5185,75.4517,26849.9941,85.167,22838.891,80.6351,21335.716,79.2622,19961.853,77.2568,26944.0543
166,688139.SH,20210401,86.9838,89.4838,85.5495,85.928,86.0475,-0.11950000000000216,-0.1389,16632.72,145667.223,86.3005,26076.724,84.1543,22916.0585,79.5326,23148.9724,72.3812,25631.314,72.665,29854.9992,75.202,27220.7855,84.9519,24010.586,80.0579,21193.3575,78.9843,20877.475,76.8964,27405.2813
167,688139.SH,20210331,86.6451,89.1452,85.1511,86.0475,85.9479,0.09959999999999525,0.1159,24300.23,211441.805,86.2109,27778.766,83.467,23795.8092,79.7142,23600.6244,72.241,25682.0381,72.5348,30051.5754,74.9777,27375.8953,84.6083,24104.397,79.4523,21244.9345,78.6257,22042.9017,76.5609,27440.8322
168,688139.SH,20210330,90.8185,91.2667,85.3503,85.9479,89.6333,-3.6854000000000013,-4.1116,27661.53,244632.645,85.7348,26731.5,82.4756,22874.9238,79.8545,23759.6135,72.1222,25714.5282,72.3831,30080.0386,74.7778,27260.7043,84.2298,23378.242,79.031,20766.032,78.5128,22851.5223,76.2258,27421.9503
169,688139.SH,20210329,85.9081,90.44,83.8861,89.6333,83.9459,5.687400000000011,6.7751,38083.22,337699.482,85.0575,25189.034,81.37,21563.7631,79.8988,23930.1921,72.0256,25802.2056,72.2198,30094.0304,74.6076,27170.6432,83.6082,22931.428,78.4284,20027.423,78.5646,22969.1333,75.9271,27295.4138
170,688139.SH,20210326,84.0455,87.9599,82.3722,83.9459,85.4798,-1.5339000000000027,-1.7945,23705.92,201478.899,83.4917,21773.682,79.9005,20104.5438,79.7825,24037.6232,71.8954,25870.054,72.023,30094.9515,74.427,26857.7375,82.3443,21930.054,77.7655,18912.925,78.5517,22679.5787,75.5554,26956.3218
171,688139.SH,20210325,83.657,86.4559,82.671,85.4798,83.667,1.8127999999999957,2.1667,25142.93,215017.683,83.6033,21944.448,78.6531,20296.1085,79.7288,24110.7235,71.842,25986.1504,71.8633,30279.203,74.2978,26822.172,81.2656,20792.334,77.3018,18507.61,78.8236,22955.6777,75.3025,26901.1863
172,688139.SH,20210324,83.8861,84.5435,82.2626,83.667,82.5614,1.1055999999999955,1.3391,19063.9,159697.521,83.0056,20430.028,77.6203,19872.69,79.5305,24250.4965,71.7548,26023.3652,71.7209,30372.8057,74.1215,26626.9552,79.8751,19339.685,76.9004,18140.2055,79.0016,23107.7753,75.0378,26895.0878
173,688139.SH,20210323,81.7845,84.9519,81.7745,82.5614,81.8044,0.757000000000005,0.9254,19949.2,166453.027,82.7248,20024.984,76.9622,19175.1308,79.3334,24866.2753,71.6946,26278.1625,71.6018,30592.4102,73.9701,26568.5199,78.5613,19344.632,76.6938,18323.1445,79.1277,23587.6853,74.8058,27179.9065
174,688139.SH,20210322,84.663,85.5595,81.645,81.8044,84.5037,-2.699299999999994,-3.1943,21006.46,175341.576,82.159,20673.822,76.2894,18999.3662,79.1649,25113.2129,71.6423,26562.6713,71.4935,30818.0057,73.8114,26602.2791,77.0782,19969.338,76.4507,18257.773,79.2316,24313.908,74.6207,27253.7832
175,688139.SH,20210319,81.1769,85.0116,81.1769,84.5037,82.4917,2.0120000000000005,2.439,24559.75,206980.225,81.1969,22086.426,75.9677,18515.96,79.1125,26075.6609,71.5497,26682.758,71.3578,31030.3332,73.7222,26515.8769,76.1031,19832.541,76.3098,18523.334,79.2423,24486.737,74.4228,27132.8143
176,688139.SH,20210318,81.7148,84.0156,80.9279,82.4917,82.2626,0.2290999999999883,0.2785,17570.83,144679.306,78.9279,19640.22,75.1517,17618.2369,78.9985,26981.7965,71.4346,26889.9391,71.1989,31192.3709,73.5637,26363.4229,75.1638,18376.129,76.0005,19310.9195,79.05,24664.5857,74.1723,27175.3515
177,688139.SH,20210317,80.39,82.7208,78.6868,82.2626,79.7327,2.529900000000012,3.173,17038.68,139456.585,76.7446,18249.342,74.6812,17481.5008,78.7855,27857.8179,71.3492,27108.2203,71.0463,31372.0261,73.4463,26474.9325,74.2963,18385.472,75.6345,21012.154,78.8658,25412.2373,73.9759,27299.0207
178,688139.SH,20210316,76.6947,80.2506,75.2107,79.7327,76.9936,2.7390999999999934,3.5576,23193.39,183271.985,74.3979,18664.28,74.0974,17370.8038,78.4841,28584.4812,71.2862,27343.2198,70.8893,31666.0569,73.3783,26520.3929,73.8321,18153.822,75.6544,22588.1625,78.6848,25789.1173,73.7367,27389.7717
179,688139.SH,20210315,72.7405,78.0693,72.2225,76.9936,73.1588,3.8348000000000013,5.2417,28069.48,215030.73,71.9974,19264.854,73.9219,16955.5308,78.1891,28416.2332,71.2525,27609.2331,70.7257,31887.0957,73.3799,26434.6036,73.2485,17123.418,76.0428,22987.986,78.6944,26806.994,73.5257,27408.3088
180,688139.SH,20210312,72.0134,74.1847,70.7982,73.1588,71.5751,1.5836999999999932,2.2126,12328.72,90077.111,71.0094,17578.656,74.1173,16544.2385,77.8906,28080.2582,71.2614,27735.5756,70.5732,32000.023,73.4406,26256.9737,73.1867,15895.796,76.6554,23054.341,78.8156,27716.9567,73.3537,27915.4753
181,688139.SH,20210311,71.2166,72.9198,70.091,71.5751,70.5293,1.0457999999999998,1.4828,10616.44,76127.478,71.3998,17112.038,74.4667,17029.8577,77.7599,28198.0094,71.3067,28086.7538,70.4468,32203.954,73.5453,26404.6543,73.3381,16222.886,77.6026,24037.3495,78.8854,28884.518,73.2666,28387.5325
182,688139.SH,20210310,69.5631,71.5353,67.7304,70.5293,67.7304,2.7989000000000033,4.1324,19113.37,134575.968,71.848,18521.602,75.0367,18237.6454,77.7262,28520.6785,71.3919,28458.07,70.3356,32461.1779,73.6255,26669.9707,73.9258,16940.726,78.5648,24991.8205,78.9,29922.1443,73.2254,28681.6912
183,688139.SH,20210309,72.7006,74.4537,67.7304,67.7304,72.0532,-4.322800000000001,-5.9995,26196.26,184761.802,73.2664,17643.364,75.6359,19868.2677,77.6996,29127.1285,71.4841,29123.701,,,73.7622,26872.4132,74.8262,17301.657,79.4109,25709.212,78.8724,29867.464,73.2342,28624.15
184,688139.SH,20210308,74.7525,75.5991,71.864,72.0532,75.1111,-3.0578999999999894,-4.0712,19638.49,145669.727,74.4995,14981.982,76.2082,21822.0569,77.6896,29134.8641,71.6638,29516.2776,,,73.9979,27203.8048,75.8232,16546.208,80.3084,26486.193,78.8429,29549.133,73.325,28535.9948
185,688139.SH,20210305,73.2783,76.137,73.0791,75.1111,73.8162,1.2948999999999984,1.7542,9995.63,75081.042,75.3641,14212.936,77.0242,24046.7,77.4845,28919.83,71.7372,29926.8399,,,74.097,27173.7872,76.5164,17214.127,80.8119,26813.835,78.7316,29438.9253,73.3922,28452.2748
186,688139.SH,20210304,76.6947,76.6947,73.5871,73.8162,77.6211,-3.8049000000000035,-4.9019,17664.26,132446.389,75.2764,15333.734,77.9773,25677.0254,77.1796,29213.3862,71.7384,30261.3823,,,74.147,27464.5905,76.8372,20245.71,80.9931,27808.814,78.5756,29825.3107,73.3779,28636.3228
187,688139.SH,20210303,74.613,78.1689,73.2086,77.6211,73.8959,3.725200000000001,5.0411,14722.18,112924.189,76.0035,15359.85,79.1641,26579.5115,76.8852,29658.2297,71.7608,30515.6428,,,74.2106,27695.8953,76.9726,23638.836,81.1505,28925.62,78.4358,30560.9243,73.3521,28516.9463
188,688139.SH,20210302,76.2864,77.3521,73.2883,73.8959,76.376,-2.4801000000000073,-3.2472,12889.35,96881.379,76.386,16959.95,80.2782,27907.72,76.4173,30805.5968,71.7117,30822.7999,,,74.2247,28104.5697,77.4766,27022.503,81.1112,29606.765,78.0948,30952.1607,73.2636,28516.2642
189,688139.SH,20210301,74.9716,76.7744,74.0851,76.376,74.6728,1.7032000000000096,2.2809,15793.26,119929.01,77.1469,18110.434,81.5799,29201.2977,76.1437,31463.5459,71.6592,31008.8722,,,74.2873,28342.5436,78.8372,28852.554,81.4174,31648.782,77.801,30933.4267,73.2096,28676.1273
190,688139.SH,20210226,76.0075,76.6549,74.2047,74.6728,77.4517,-2.7789000000000073,-3.5879,15599.62,117979.041,77.6688,20215.318,82.4319,30560.37,75.9041,32053.6526,71.5834,31288.5669,,,74.2782,28456.0541,80.1241,30212.886,81.6301,33627.537,77.4132,31072.8693,73.1885,28655.0113
191,688139.SH,20210225,79.5235,79.5334,76.8143,77.4517,79.5334,-2.081699999999998,-2.6174,17794.84,138813.444,78.3979,25157.686,83.2785,32570.8515,75.624,32448.96,71.5476,31562.2156,,,74.2947,28550.7832,81.8671,31851.813,81.659,35215.334,77.051,31645.8467,73.1543,28613.7793
192,688139.SH,20210224,79.2844,81.6749,78.7366,79.5334,77.7007,1.8327000000000027,2.3587,22722.68,182511.911,77.9418,31917.822,83.6379,33216.7354,75.2587,33117.2418,71.4536,31784.8493,,,74.2315,28594.5509,83.2038,33042.915,81.3871,36412.8535,76.5264,32843.774,73.0916,28749.4328
193,688139.SH,20210223,77.7505,80.8781,77.3222,77.7007,78.9856,-1.2849000000000075,-1.6268,18641.77,147361.358,78.5673,37085.056,83.5766,33768.4685,74.8547,33000.8621,71.3208,31829.2093,,,74.1335,28707.3876,83.9957,34116.767,80.8955,36150.3675,76.0284,33261.672,73.0521,28711.525
194,688139.SH,20210222,78.4677,81.1869,76.7744,78.9856,78.3183,0.6673000000000116,0.852,26317.68,211255.169,80.5275,39594.674,83.5199,35411.4385,74.5087,33133.9665,71.1865,31908.2674,,,74.0086,28747.5196,84.7935,36426.178,80.3527,36050.5955,75.7127,33835.5093,73.0879,28680.1487
195,688139.SH,20210219,74.7226,79.6729,73.2883,78.3183,75.1708,3.1474999999999937,4.1871,40311.46,309784.121,82.5793,40210.454,83.3544,35567.3923,74.1865,32950.1918,71.0295,31991.0535,,,73.8413,28682.3048,85.1072,36413.543,79.8392,35551.3245,75.2515,33926.2557,73.1306,28487.308
196,688139.SH,20210218,83.5076,84.1152,74.8122,75.1708,82.661,-7.4902000000000015,-9.0613,51595.52,403710.108,85.3363,38545.94,83.4854,36599.5638,73.8634,32286.2576,70.881,32091.9769,,,73.7088,28476.964,85.1491,35371.918,79.4448,34615.111,74.8086,33933.0877,73.1754,28205.5297
197,688139.SH,20210210,89.0954,89.0954,80.0813,82.661,87.5017,-4.840699999999998,-5.5321,48558.85,408361.117,88.4659,34168.008,83.9053,36889.7823,73.675,31368.6774,70.7855,32018.1316,,,73.5938,28222.7885,85.3284,34212.404,79.1674,34021.9685,74.4962,32838.7627,73.2158,27854.1905
198,688139.SH,20210209,88.3782,90.1412,85.7388,87.5017,89.2448,-1.7430999999999983,-1.9532,31189.86,273917.314,89.4241,31148.478,83.3352,36797.2215,73.2909,30669.2118,70.6528,32071.0358,,,73.3422,27862.4153,84.7457,32191.027,78.4039,32916.9895,73.9387,31992.3783,73.1844,27616.4857
199,688139.SH,20210208,91.2468,93.6274,87.1531,89.2448,92.1034,-2.8585999999999956,-3.1037,29396.58,265173.348,89.0595,33257.682,82.1438,37609.1731,72.7686,30815.1871,70.4913,32257.7371,,,72.9915,27701.7252,83.9977,34445.01,77.2829,31973.863,73.2896,31621.6943,73.1495,27947.4985
200,688139.SH,20210205,90.9381,93.1194,88.8763,92.1034,90.8185,1.2848999999999933,1.4148,31988.89,293180.643,87.6352,32616.632,80.6406,36691.9715,72.2454,30667.6935,70.2804,32448.6622,,,72.585,27504.7441,83.1361,37042.188,76.0578,31502.861,72.5592,31233.065,72.9868,27747.3417
201,688139.SH,20210204,87.3822,91.1373,85.4599,90.8185,87.4519,3.3666000000000054,3.8497,29705.86,265259.55,84.9618,32197.896,78.6975,35511.7746,71.5933,30131.2065,70.0411,32587.2403,,,72.1568,27300.4672,81.4508,38578.855,74.6429,31542.8635,71.7813,30846.695,72.7662,27744.2915
202,688139.SH,20210203,84.8124,91.1373,84.8124,87.4519,85.679,1.7728999999999928,2.0692,33461.2,296158.78,82.1909,34256.8,76.9974,34483.0362,70.9655,30054.9159,69.8042,32713.8145,,,71.7767,27182.5008,79.5703,39782.792,73.1877,32744.2035,71.0741,30682.4003,72.5624,27832.7292
203,688139.SH,20210202,80.5594,86.2268,78.9856,85.679,82.1231,3.5559000000000083,4.33,41735.88,346759.131,80.0673,33233.576,75.688,33569.6508,70.473,29805.7918,69.5839,32944.847,,,71.4264,26936.08,77.7954,38183.968,72.0448,32834.1245,70.4838,30772.1277,72.4161,28031.2552
204,688139.SH,20210201,81.4558,82.671,77.2924,82.1231,78.7366,3.386499999999998,4.301,26191.33,213698.595,78.9358,35632.338,74.4529,33415.5577,69.9504,29239.5524,69.3506,33075.4934,,,71.1026,26611.4108,75.9119,35675.013,71.1722,32540.175,70.0097,30193.6583,72.2979,27847.947
205,688139.SH,20210129,77.1131,81.5554,76.9836,78.7366,76.9637,1.7728999999999928,2.3036,29895.21,238561.902,78.637,41467.744,73.3197,33436.1685,69.5078,29184.0903,69.136,33221.0688,,,70.8378,26603.7941,74.5712,34689.106,70.3236,32682.612,69.6033,29778.8917,72.1908,27816.534
206,688139.SH,20210128,76.4856,82.2526,76.4856,76.9637,76.8342,0.12950000000000728,0.1685,40000.38,317526.491,77.9398,44959.814,72.2693,32084.7931,69.153,30025.3921,68.9489,33338.4149,,,70.6155,26688.4665,73.7405,33858.304,69.6383,33213.6725,69.2945,29686.1173,72.1437,27696.6855
207,688139.SH,20210127,80.0315,83.0196,76.5354,76.8342,80.0215,-3.1873000000000076,-3.9831,28345.08,223503.472,76.9497,45308.784,71.3292,30544.4977,68.8873,30044.5618,68.781,33436.2407,,,70.474,26608.5293,73.0064,33831.533,69.0801,32151.942,69.086,29185.804,72.0728,27381.3028
208,688139.SH,20210126,84.4339,84.8324,77.5613,80.0215,80.6291,-0.6075999999999908,-0.7536,53729.69,433775.032,75.5234,43134.36,70.327,30886.3331,68.66,30042.2347,,,,,70.3716,26664.1044,72.0622,33642.952,68.5352,31893.054,68.7886,28990.426,71.9953,27428.642
209,688139.SH,20210125,76.5752,84.663,75.6987,80.6291,75.2505,5.378599999999992,7.1476,55368.36,446908.941,72.8879,35717.688,68.9188,30886.5615,68.3963,28922.5644,,,,,70.2224,26340.7411,70.5681,29502.716,67.9356,30210.0365,68.3569,28009.6237,71.8006,26894.0083
210,688139.SH,20210122,72.8999,76.4657,71.2863,75.2505,72.0134,3.237099999999998,4.4951,47355.56,355343.255,70.5054,27910.468,67.6852,29339.7354,68.1772,27908.9935,,,,,70.0793,25938.9133,68.9795,25963.534,67.2708,28328.5035,67.8918,28113.994,71.564,26328.3118
211,688139.SH,20210121,70.9974,74.6031,69.6229,72.0134,69.7026,2.3108000000000004,3.3152,41745.23,303171.521,69.5412,22756.794,67.1451,28455.2223,68.2018,26946.0444,,,,,70.0066,25627.5517,67.835,24506.872,66.9466,26980.615,67.6478,27890.547,71.4495,25954.2342
212,688139.SH,20210120,66.3957,69.7225,66.3858,69.7026,66.844,2.85860000000001,4.2765,17472.96,119410.514,69.0631,22354.282,66.6172,27477.9023,68.2677,26337.0232,,,,,69.9534,25329.246,66.8051,25705.615,66.826,26132.2045,67.5508,27441.238,71.3583,25800.6863
213,688139.SH,20210119,68.7364,69.4137,66.336,66.844,68.7165,-1.8725000000000023,-2.725,16646.33,112627.987,68.601,24151.544,66.2578,29250.4762,68.343,26131.9853,,,,,69.9135,25378.0131,66.2941,27484.281,66.828,27066.2075,67.596,27380.836,71.2599,25868.318
214,688139.SH,20210118,70.7185,70.7185,68.6169,68.7165,70.4297,-1.7132000000000005,-2.4325,16332.26,113838.134,68.2484,23287.744,66.1774,29413.51,68.5038,26074.1888,,,,,69.9295,25444.4593,66.4326,29405.337,67.0586,27452.981,67.8071,27522.8567,71.1658,25909.8475
215,688139.SH,20210115,69.7225,70.8281,67.8201,70.4297,69.6229,0.8067999999999955,1.1588,21587.19,150969.471,67.4535,24016.6,65.9636,29939.2838,68.5609,26255.0382,,,,,69.9438,25654.5992,66.076,30676.118,67.1194,27323.7845,68.0528,27465.6243,70.9997,25881.3598
216,688139.SH,20210114,67.3818,71.366,66.8141,69.6229,67.3918,2.231099999999998,3.3106,39732.67,276471.311,66.1288,26256.95,65.779,29822.5262,68.6986,26047.365,,,,,69.9338,25980.0973,65.5362,32569.041,67.0716,27600.024,68.1803,27447.335,70.8258,25799.3753
217,688139.SH,20210113,64.9415,68.0093,64.6527,67.3918,65.081,2.3108000000000004,3.5507,26459.27,178245.241,64.5471,29056.948,65.6027,28130.6054,68.7868,25264.8071,,,,,69.8744,25798.0115,65.1537,30472.351,67.1258,26862.9395,68.2683,26472.9683,70.7039,25484.8038
218,688139.SH,20210112,65.4395,65.5093,64.0451,65.081,64.7423,0.3387000000000029,0.5232,12327.33,80217.718,63.9873,30817.018,65.7085,27664.3377,68.972,25249.3594,,,,,69.8375,25602.1145,65.0083,30143.156,67.1517,26664.163,68.4323,26080.3677,70.6003,25293.4767
219,688139.SH,20210111,64.7025,65.5292,63.0491,64.7423,63.806,0.9363000000000028,1.4674,19976.54,129580.308,64.6168,35522.93,66.0563,28622.0062,69.3273,25488.2088,,,,,69.825,25634.0055,65.3031,30917.357,67.2513,27263.0775,68.6182,26418.828,70.5389,25377.7827
220,688139.SH,20210108,60.6387,64.7025,60.559,63.806,61.7144,2.0915999999999997,3.3892,32788.94,207266.665,64.6985,37335.636,66.4409,29866.3508,69.7717,25393.5809,,,,,69.8082,25720.8472,65.562,30693.473,67.3479,29189.224,68.9639,26237.1533,70.4976,25471.8417
221,688139.SH,20210107,65.2105,65.2105,59.4235,61.7144,64.5929,-2.8785000000000025,-4.4564,53732.66,329948.814,64.9435,38881.132,67.0294,29219.6477,70.2935,24862.9426,,,,,69.7763,25444.0676,66.0581,29454.358,67.5541,29582.3845,69.2577,25581.712,70.4685,25529.4533
222,688139.SH,20210106,68.4077,68.5173,64.3439,64.5929,68.2284,-3.6354999999999933,-5.3284,35259.62,232476.972,65.7603,31887.754,67.6615,26143.93,70.8609,23970.9456,,,,,69.7723,24948.7252,66.8469,26558.794,67.9237,28309.0495,69.6568,24655.0917,70.5459,25200.6605
223,688139.SH,20210105,64.7423,69.9217,64.3638,68.2284,65.1507,3.077699999999993,4.724,35856.89,244668.019,66.0292,29469.294,68.0369,25517.1885,71.2432,23831.4029,,,,,69.7027,24816.6365,67.3619,26648.134,68.2469,27329.1135,70.0758,24161.378,70.6219,25154.887
224,688139.SH,20210104,64.2543,65.6089,63.5272,65.1507,65.0312,0.11950000000000216,0.1838,29040.07,188564.436,65.9894,26311.784,68.2277,24681.3492,71.6123,23785.5109,,,,,69.5593,24628.4637,67.6846,25500.625,68.4944,26581.6165,70.4632,23524.788,70.6319,25048.5628
225,688139.SH,20201231,65.5391,67.0133,62.3518,65.0312,65.7981,-0.7669000000000068,-1.1655,40516.42,263831.947,66.4256,24051.31,68.4399,24177.0162,72.2082,24432.8803,,,,,69.4224,24604.7076,68.1627,23971.451,69.0412,25860.3775,71.0097,23048.3603,70.7111,24985.083
226,688139.SH,20201230,67.1129,67.4117,65.7284,65.7981,65.9376,-0.13949999999999818,-0.2116,18765.77,125203.125,67.1726,20027.584,68.597,22930.0315,72.6333,23752.6082,,,,,69.3202,24590.3469,68.6069,22631.007,69.5024,24886.482,71.5423,22477.9717,70.7904,24709.8667
227,688139.SH,20201229,67.9197,68.5073,65.1407,65.9376,68.0292,-2.0915999999999997,-3.0746,23167.32,154038.942,67.9336,21229.834,68.6644,25986.47,73.0176,24136.1409,,,,,69.269,24735.7285,69.098,23253.528,69.8256,24473.277,71.9354,22869.6183,70.8276,24719.9755
228,688139.SH,20201228,67.83,69.5831,66.7344,68.0292,67.332,0.6972000000000094,1.0355,20069.34,138042.556,68.6946,23826.974,68.8176,27331.4569,73.3897,24484.5174,,,,,69.2583,24721.7483,69.2952,23185.17,70.1443,24048.9735,72.4301,23240.593,70.8404,24686.0283
229,688139.SH,20201225,68.4974,69.6827,67.332,67.332,68.7663,-1.4343000000000075,-2.0858,17737.7,122134.462,69.3799,24689.466,68.9004,27961.9662,73.7028,25228.7356,,,,,69.2565,24674.4813,69.1996,23608.798,70.2758,24169.5635,73.0094,24273.3027,70.8407,24712.036
230,688139.SH,20201224,69.5233,69.9615,67.0332,68.7663,69.603,-0.8366999999999933,-1.2021,20397.79,140066.099,69.8998,23891.592,69.1869,27802.2123,74.0339,25611.0794,,,,,69.2941,24778.488,69.1338,27684.975,70.6648,24008.9935,73.4145,24261.6183,70.8816,24951.2868
231,688139.SH,20201223,69.2444,70.111,67.6109,69.603,69.7424,-0.13940000000000907,-0.1999,24777.02,171616.8,70.0412,25234.43,69.5264,27841.3785,74.2378,25726.0429,,,,,69.3002,24790.4329,69.0502,29710.411,70.8575,23645.389,73.7511,24641.888,70.8968,25377.9828
232,688139.SH,20201222,71.6847,73.6867,69.5731,69.7424,71.4556,-1.7132000000000005,-2.3976,36153.02,260750.782,70.2624,25277.222,70.0251,27059.7069,74.4232,25665.0806,,,,,69.2985,24671.5735,69.0004,30059.305,71.0617,23703.2405,74.0506,24983.058,70.823,25399.6363
233,688139.SH,20201221,69.9317,72.0433,68.5273,71.4556,69.9317,1.5238999999999976,2.1791,24381.8,172488.363,69.8958,22543.366,70.3722,25897.0523,74.5105,25221.6806,,,,,69.2796,24468.1621,69.1318,28010.093,71.4327,22918.0,74.3484,25290.3827,70.7376,24993.2027
234,688139.SH,20201218,68.8759,70.6887,68.5571,69.9317,69.4735,0.45820000000000505,0.6595,13748.33,96164.983,69.0193,22528.13,70.4343,24829.35,74.5319,25421.7874,,,,,69.2499,24477.0208,69.3042,27662.608,71.8525,22536.8695,74.5861,25502.2357,70.6158,24832.1585
235,688139.SH,20201217,71.4357,73.0991,68.4277,69.4735,70.7086,-1.2351000000000028,-1.7467,27111.98,191611.063,68.3679,31478.358,70.6174,24901.1131,74.485,25654.2385,,,,,69.2335,24631.9232,69.9197,27749.304,72.4332,22586.815,74.7784,25854.1763,70.5082,25044.5142
236,688139.SH,20201216,68.1886,71.366,67.4117,70.7086,67.9097,2.7989000000000033,4.1215,24990.98,175101.481,68.0591,34186.392,70.7086,24544.8946,74.3957,25487.0206,,,,,69.1837,24589.59,70.3978,27141.957,73.0099,22401.454,74.9929,25707.2537,70.3739,24793.1557
237,688139.SH,20201215,66.6348,69.5034,66.6348,67.9097,67.073,0.8367000000000075,1.2474,22483.74,153799.746,67.7384,34841.388,71.0472,23739.9192,74.3271,25484.6653,,,,,69.1601,24642.7611,70.5532,25693.026,73.3541,22677.6635,75.0596,25576.8017,70.219,24653.0057
238,688139.SH,20201214,66.4555,68.3679,65.0013,67.073,66.6746,0.3983999999999952,0.5975,24305.62,163457.832,68.3679,33476.82,71.4096,23020.07,74.287,25780.2129,,,,,69.2151,24880.1389,70.9934,24912.777,73.9975,23268.3045,75.202,25866.858,70.0768,24700.8262
239,688139.SH,20201211,67.9296,68.5273,64.8021,66.6746,67.9296,-1.2549999999999955,-1.8475,58499.47,387983.153,69.589,32797.086,71.9184,23145.3338,74.1906,25698.6024,,,,,69.2661,25194.1091,71.352,24730.329,74.9143,24605.555,75.2442,25778.393,69.9167,24658.1313
240,688139.SH,20201210,69.6129,69.9217,65.828,67.9296,69.105,-1.1754000000000104,-1.7009,40652.15,276558.536,71.4715,24020.25,72.7252,20218.3138,74.0295,24540.915,,,,,69.3938,24953.1003,72.1957,20333.012,75.5548,22549.94,75.2362,24542.6297,69.7202,24137.4462
241,688139.SH,20201209,73.2086,73.3879,69.105,69.105,71.0572,-1.9521999999999906,-2.7474,28265.96,199854.69,72.7365,20097.522,73.6423,18380.3938,73.7597,23775.3518,,,,,69.4602,24817.7631,72.6648,17580.367,76.1016,22107.6265,75.2512,24017.9213,69.5442,24117.2332
242,688139.SH,20201208,72.7305,73.8859,70.8879,71.0572,73.1787,-2.1215000000000117,-2.8991,15660.9,113344.832,73.368,16544.664,74.5993,17340.4923,73.4916,23434.2388,,,,,69.5388,25184.2797,73.123,17347.176,76.5757,22444.9345,75.1658,24160.1347,69.425,24140.6237
243,688139.SH,20201207,76.2565,76.5354,72.5214,73.1787,76.0872,-2.9084999999999894,-3.8226,20906.95,154552.161,73.619,16348.734,75.3647,17936.1738,73.2344,23587.1059,,,,,69.5918,25787.714,73.7335,17825.907,76.9567,23930.5275,74.9238,24355.8,69.3264,24248.2553
244,688139.SH,20201204,73.7266,76.6449,73.3082,76.0872,74.2545,1.8327000000000027,2.4681,14615.29,110018.001,73.115,16663.572,75.7041,18675.2677,72.8814,23412.7732,,,,,69.529,26019.6072,74.4009,17411.131,77.2271,24422.0495,74.5244,24296.8383,69.2383,24175.2115
245,688139.SH,20201203,72.7006,76.6848,71.7245,74.2545,72.2624,1.9920999999999935,2.7568,21038.51,157744.3,72.9198,16645.774,76.065,20189.2115,72.4493,23494.2556,,,,,69.4204,26549.9877,74.9467,17424.326,77.2077,24906.6125,73.9467,24297.0953,69.1393,24357.26
246,688139.SH,20201202,73.3082,73.3779,71.3859,72.2624,72.3122,-0.04980000000000473,-0.0689,10501.67,76196.237,72.5931,15063.212,76.9231,22497.8362,72.0966,23629.0076,,,,,69.3662,26922.852,75.622,17660.951,77.2904,24989.902,73.4712,24151.4157,69.0555,24361.5125
247,688139.SH,20201201,71.7146,73.7066,70.7385,72.3122,70.6588,1.6534000000000049,2.34,14681.25,107192.37,72.878,18149.688,77.4786,23027.49,71.7966,24386.1832,,,,,69.3785,27461.2111,76.1549,19662.301,77.3128,25518.6895,73.1396,24496.6393,69.009,24450.8607
248,688139.SH,20201130,72.2126,73.3879,69.7225,70.6588,75.1111,-4.452299999999994,-5.9276,22481.14,161311.905,73.8481,19303.08,77.9827,24344.7692,71.6214,24954.5315,,,,,69.4128,28085.4517,77.0015,21623.832,77.3063,26343.8985,72.7684,24506.5857,68.9426,24554.4593
249,688139.SH,20201127,73.3381,75.2007,72.4018,75.1111,72.621,2.490099999999998,3.4289,14526.3,108031.136,75.6868,18158.69,78.5926,25308.6908,71.5772,25249.5924,,,,,69.5143,28402.5405,78.4767,24480.781,77.1903,26302.425,72.4596,24336.7373,68.9187,24597.2103
250,688139.SH,20201126,73.2086,74.1051,71.3162,72.621,73.6867,-1.0657000000000068,-1.4463,13125.7,95770.773,76.9736,18202.878,78.8669,27681.4954,71.3923,25689.3318,,,,,69.5752,29047.5017,78.9139,24766.868,76.7565,26647.4385,72.0313,24706.53,68.812,24777.8722
251,688139.SH,20201125,76.3661,77.1629,72.3022,73.6867,77.1629,-3.4761999999999915,-4.505,25934.05,193346.744,78.651,20258.69,79.3258,29036.2408,71.3123,26045.3782,,,,,69.7249,29726.972,79.5384,26634.886,76.5443,27236.6985,71.6794,25477.1947,68.6972,24958.0603
252,688139.SH,20201124,80.6689,80.6689,76.1967,77.1629,79.8522,-2.689300000000003,-3.3678,20448.21,158943.692,79.4319,21174.914,79.4806,28911.0485,71.1978,25988.5956,,,,,69.8598,30914.0411,80.0285,27542.693,76.1873,27566.614,71.435,25746.2293,68.6181,25008.8063
253,688139.SH,20201123,81.5454,82.661,78.7864,79.8522,81.5454,-1.6932000000000045,-2.0764,16759.19,135727.983,80.155,23944.584,79.384,29084.5938,70.9292,25956.9512,,,,,70.0791,31744.4289,80.1799,30035.148,75.5189,27620.7465,71.1681,26148.396,68.5326,25339.4542
254,688139.SH,20201120,81.2267,82.92,80.2805,81.5454,81.0076,0.5378000000000043,0.6639,14747.24,120467.505,81.2666,30802.872,78.8347,29416.7654,70.5425,26085.5188,,,,,70.116,32571.0991,80.0534,31432.968,74.5861,27739.692,70.8005,26572.3377,68.3833,25857.6907
255,688139.SH,20201119,77.6709,82.2725,76.9936,81.0076,77.5912,3.416399999999996,4.4031,23404.76,189170.824,80.8542,31330.858,78.1145,30681.2415,70.1455,26287.9471,,,,,70.0325,33150.0657,79.4687,32388.899,73.4467,27733.48,70.4124,26921.8057,68.2952,26285.6335
256,688139.SH,20201118,79.9219,81.3761,75.6589,77.5912,80.7785,-3.1872999999999934,-3.9457,30515.17,239022.783,80.4259,33011.082,77.1399,30546.3885,69.8154,26543.4762,,,,,69.9796,33561.706,78.9587,32318.853,72.3959,27396.648,70.0386,26941.7617,68.1602,26403.9185
257,688139.SH,20201117,82.92,85.2607,79.9916,80.7785,85.4101,-4.631600000000006,-5.4228,34296.56,283277.881,80.6251,33910.472,76.2818,29847.2654,69.5828,26998.8991,,,,,69.8859,33940.8744,78.4707,31375.078,71.6319,26913.8085,69.7198,26570.3327,68.1171,26824.5775
258,688139.SH,20201116,88.6472,89.0356,81.6749,85.4101,79.4836,5.926500000000004,7.4563,51050.63,433877.898,80.2048,36125.712,75.3279,29125.2915,69.1237,26757.1247,,,,,69.6933,34012.7036,77.6111,31063.965,70.6518,25947.9625,69.2507,26131.4637,68.0213,27268.276
259,688139.SH,20201113,76.1768,79.5833,76.1768,79.4836,78.8661,0.6174999999999926,0.783,17387.17,136610.997,78.8402,32063.064,73.8767,27700.8092,68.5123,25601.7238,,,,,69.4271,34079.6192,75.9039,28124.069,69.4511,24264.7155,68.672,25150.7693,67.7389,27055.7478
260,688139.SH,20201112,78.8263,81.9239,76.8143,78.8661,78.5872,0.27890000000000725,0.3549,31805.88,253605.149,78.0832,33446.94,72.67,28019.5546,68.0612,25523.2526,,,,,69.2943,34581.1907,74.5991,28528.009,68.59,24676.361,68.3486,25640.9553,67.5465,27672.5255
261,688139.SH,20201111,79.8621,80.6689,74.0055,78.5872,78.6769,-0.08970000000000766,-0.114,35012.12,274050.217,77.4916,31626.624,71.3108,27045.11,67.6086,25366.8935,,,,,69.095,34821.8336,73.5503,27838.511,67.7498,24898.349,68.0425,26114.0777,67.4019,27959.1497
262,688139.SH,20201110,81.5156,86.4459,78.6769,78.6769,78.5872,0.08970000000000766,0.1141,45372.76,374874.712,76.3163,28839.684,69.7853,25476.7162,67.1035,24690.9626,,,,,68.8526,34743.1456,72.3461,27590.535,67.1383,24847.9975,67.5953,25816.2147,67.3119,28223.591
263,688139.SH,20201109,76.5752,78.886,73.7066,78.5872,75.6987,2.8884999999999934,3.8158,30737.39,235320.047,75.0174,26002.218,68.348,23268.6669,66.5958,23844.175,,,,,68.5817,34538.524,70.858,25206.345,66.6622,24205.02,67.1268,24696.0227,67.2487,28492.3667
264,688139.SH,20201106,75.8581,76.3262,72.0931,75.6987,75.9079,-0.2091999999999956,-0.2756,24306.55,180728.661,72.9676,24185.074,67.096,22508.7431,66.0307,23685.8097,,,,,68.2856,34638.5439,69.1189,24046.416,66.1741,24142.0225,66.6454,24162.0813,67.2434,28751.1235
265,688139.SH,20201105,73.6568,76.5453,72.8102,75.9079,72.7106,3.1972999999999985,4.3973,22704.3,171383.83,71.115,23609.078,65.9789,21791.2885,65.4946,23610.4385,,,,,68.0355,35045.7156,67.4246,23078.061,65.8843,24188.259,66.238,24234.852,67.3098,29394.3208
266,688139.SH,20201104,72.7006,73.0393,71.2166,72.7106,72.1827,0.5279000000000025,0.7313,21077.42,153010.537,69.6089,24050.398,64.8626,21382.1646,64.8762,23744.3815,,,,,67.8423,35289.1488,65.833,22474.443,65.5785,24253.216,65.755,23879.0577,67.4421,30084.0153
267,688139.SH,20201103,68.1488,72.8102,68.1488,72.1827,68.338,3.844700000000003,5.626,31185.43,223748.915,68.3758,26341.386,64.0589,21731.6,64.4251,24284.4388,,,,,67.7201,35757.1439,64.7931,22452.539,65.3444,24167.96,65.3785,23729.2097,67.627,31648.7955
268,688139.SH,20201102,67.6009,69.085,64.7423,68.338,66.4356,1.9024,2.8635,21651.67,147294.19,66.6985,24410.472,63.2804,22120.8469,64.1242,24239.8494,,,,,67.6144,36115.6695,63.6925,20831.96,65.0705,23665.213,64.9515,23534.7943,67.9841,32507.8267
269,688139.SH,20201030,67.7902,69.6229,66.3957,66.4356,68.3778,-1.9421999999999997,-2.8404,21426.57,145777.081,65.2702,23907.758,63.128,23071.11,64.0302,24253.5885,,,,,67.4881,36585.5112,62.9982,20405.362,65.0561,23664.1195,64.5893,23537.8697,68.2221,33459.623
270,688139.SH,20201029,66.8938,69.9217,66.3559,68.3778,66.5451,1.8326999999999884,2.7541,24910.9,171033.031,63.7343,22547.044,63.3371,23923.9285,64.0729,24109.4047,,,,,67.3709,36992.412,62.5809,20824.713,65.2234,24197.4285,64.2041,23732.2627,68.3696,34072.0092
271,688139.SH,20201028,66.2264,68.1986,65.5391,66.5451,63.7961,2.7490000000000023,4.309,32532.36,218655.888,62.057,20898.488,63.3716,24275.2008,64.1251,24127.8547,,,,,67.2153,37299.3673,61.9494,21958.187,65.2886,25251.861,63.8373,24216.545,68.514,34561.4572
272,688139.SH,20201027,60.7582,64.5132,60.7582,63.7961,61.1964,2.5997000000000057,4.2481,21530.86,136579.891,61.2104,18563.692,63.6298,23713.5792,64.2039,23797.3047,,,,,67.0711,37755.3343,61.9305,22105.46,65.2199,24929.0545,63.6842,24121.1127,68.5809,35001.7978
273,688139.SH,20201026,58.6167,62.2323,58.2083,61.1964,58.7561,2.4402999999999935,4.1533,19138.1,116408.517,60.6864,17253.448,64.0911,23903.7777,64.3709,23630.59,,,,,66.9149,38275.5756,62.4664,23203.695,65.2613,24440.8615,63.729,24140.7107,68.6232,35304.346
274,688139.SH,20201023,59.9912,61.0371,58.4275,58.7561,59.9912,-1.2350999999999956,-2.0588,14623.0,87245.172,60.7263,16902.966,64.6167,23921.7931,64.5806,23682.3274,,,,,66.7819,38649.1233,63.2293,24237.629,65.4087,24219.914,63.9521,24053.5847,68.6941,35919.866
275,688139.SH,20201022,61.4753,62.053,58.6665,59.9912,62.312,-2.3207999999999984,-3.7245,16668.12,99887.587,61.4275,19102.382,65.2281,24422.3692,64.8885,23988.8921,,,,,66.6891,39078.0575,64.3439,25298.457,65.6447,24813.2475,64.332,24417.4247,68.8736,36592.8998
276,688139.SH,20201021,61.7542,64.0152,61.7343,62.312,61.1765,1.1355000000000004,1.8561,20858.38,131252.571,61.8419,23017.886,65.8479,24804.0369,65.1448,24244.7124,,,,,66.5931,39576.9797,65.324,26031.989,65.716,24581.365,64.6397,24571.6093,68.939,37145.9995
277,688139.SH,20201020,61.057,62.3419,60.5689,61.1765,61.3956,-0.2191000000000045,-0.3569,14979.64,92568.79,62.6506,25647.228,66.4226,25668.2192,65.2456,24335.2597,,,,,,,65.8957,25883.381,65.6711,24367.545,64.8785,24405.082,68.9073,37283.5352
278,688139.SH,20201019,63.0291,64.2443,60.9175,61.3956,62.2622,-0.8665999999999983,-1.3919,17385.69,108118.853,64.2463,29153.942,67.0769,28054.3662,65.4738,24747.0,,,,,,,66.4485,26498.466,65.581,24886.2115,65.1168,24602.333,68.8603,37534.3102
279,688139.SH,20201016,61.4056,64.0451,61.1566,62.2622,62.063,0.1991999999999976,0.321,25620.08,159904.868,65.7324,31572.292,67.3673,28722.8692,65.7867,25420.5703,,,,,,,67.1139,26922.877,65.3848,25104.1235,65.3778,24857.6833,68.7766,37881.8633
280,688139.SH,20201015,65.4694,66.336,61.2562,62.063,66.3559,-4.292900000000003,-6.4695,36245.64,229819.429,67.2603,31494.532,67.5489,27657.2477,66.0407,26074.4909,,,,,,,67.8659,27570.144,65.0158,25186.0375,65.5926,24849.2143,68.688,38368.9358
281,688139.SH,20201014,69.0253,69.0253,65.7184,66.3559,69.1548,-2.798899999999989,-4.0473,34005.09,227695.889,68.8062,29046.092,67.709,26001.3638,66.4581,26197.3782,,,,,,,68.6279,28545.535,64.7812,25345.724,65.7151,24438.926,68.6772,38447.5383
282,688139.SH,20201013,69.2344,72.0034,68.328,69.1548,68.8261,0.32869999999999777,0.4776,32513.21,229756.117,69.1408,26119.534,67.4876,25423.2546,66.6509,26094.3421,,,,,,,68.5093,27752.649,64.5611,25128.939,65.8011,24271.3833,68.6304,38817.071
283,688139.SH,20201012,70.8181,70.8181,68.4974,68.8261,69.9018,-1.0756999999999977,-1.5389,29477.44,205837.486,68.6508,23842.99,66.8922,23847.6592,66.8229,26777.9156,,,,,,,68.0561,25678.028,64.3604,24609.2185,65.8971,24530.5123,68.5487,39243.0983
284,688139.SH,20201009,71.2664,71.5652,69.2344,69.9018,69.7922,0.10960000000000036,0.157,25231.28,177944.82,68.4954,22273.462,66.3222,22855.7008,67.0054,27702.6518,,,,,,,67.588,24202.199,64.3135,23961.5625,65.9661,25143.0437,68.3827,39699.971
285,688139.SH,20200930,69.1249,70.4994,67.2424,69.7922,68.0292,1.762999999999991,2.5915,24003.44,166168.464,68.4715,23645.756,65.5123,22865.0615,66.9632,28086.9947,,,,,,,66.9456,24328.038,64.326,23976.9085,66.1779,25649.4613,68.1785,40145.1852
286,688139.SH,20200929,67.5711,69.6528,65.7483,68.0292,66.7045,1.324700000000007,1.9859,19372.3,131700.195,68.4496,28044.978,64.5646,22691.2531,66.9087,28980.8297,,,,,,,66.1079,23130.741,64.2976,23841.4195,66.2819,25866.0753,67.9604,40544.0037
287,688139.SH,20200928,69.105,69.105,65.3001,66.7045,68.0492,-1.3447000000000031,-1.9761,21130.49,142835.115,67.8779,29385.764,63.5532,23297.8731,66.9723,29852.3306,,,,,,,65.4465,22851.709,64.3698,23665.9325,66.5143,27078.8223,67.7553,41333.2967
288,688139.SH,20200925,70.2404,71.4456,67.6906,68.0492,69.7823,-1.7331000000000074,-2.4836,21629.8,151564.534,67.4615,27513.066,62.8353,24706.2485,67.163,30727.275,,,,,,,64.7135,23273.957,64.451,23654.2665,66.7918,28405.0883,67.5116,41990.2712
289,688139.SH,20200924,69.2245,71.605,68.5273,69.7823,69.6827,0.09960000000000946,0.1429,32092.75,226156.225,66.6806,26130.936,62.3664,25324.6785,67.364,31899.9074,,,,,,,63.6557,23285.37,64.5098,23825.0865,66.8058,28960.7263,67.2313,42415.6775
290,688139.SH,20200923,65.7384,70.5791,65.7384,69.6827,65.1706,4.512100000000004,6.9235,45999.55,320322.405,65.4196,25010.32,62.0094,24557.4515,67.6135,32316.6735,,,,,,,62.1656,22801.931,64.456,23488.7495,66.7444,29704.0957,66.9314,42660.6827
291,688139.SH,20200922,64.6228,67.2523,63.826,65.1706,64.6228,0.5477999999999952,0.8477,26076.23,172437.496,63.7662,18216.504,61.8715,22290.1262,67.9077,32813.6982,,,,,,,60.9345,22145.913,64.2588,22385.6215,66.7613,29804.2217,66.6499,42795.4783
292,688139.SH,20200921,64.2443,65.1806,63.2483,64.6228,64.1447,0.47809999999999775,0.7453,11767.0,75658.756,63.0152,16317.654,62.2545,22248.7392,68.457,33931.6318,,,,,,,60.6128,22505.229,64.447,22530.7505,67.0286,30630.9673,,
293,688139.SH,20200918,63.2483,64.2443,61.8737,64.1447,63.4774,0.6672999999999973,1.0512,14719.15,93580.053,61.9654,19034.848,62.6085,22981.5592,69.0212,36966.8444,,,,,,,60.6646,23540.409,64.8175,23956.7545,67.3705,32288.7107,,
294,688139.SH,20200917,61.3658,63.8459,58.8358,63.4774,61.4156,2.061800000000005,3.3571,26489.67,164465.567,60.6307,20439.804,63.0184,23069.5138,69.8877,38967.0841,,,,,,,61.0391,23720.926,65.1552,25613.466,67.8413,33340.1657,,
295,688139.SH,20200916,61.7243,62.4016,59.8916,61.4156,61.4156,0.0,0.0,12030.47,73501.163,58.9116,20593.542,63.3916,22639.3215,70.4508,40504.4306,,,,,,,61.7064,23625.779,65.7941,26310.173,68.3815,34553.7897,,
296,688139.SH,20200915,59.7422,62.0829,58.288,61.4156,59.3737,2.0418999999999983,3.4391,16581.98,100702.391,58.1028,26075.322,63.9922,23640.5315,70.8586,41861.4679,,,,,,,62.4873,24552.098,66.3689,27233.7425,69.1292,36288.973,,
297,688139.SH,20200914,58.9653,61.7243,58.5769,59.3737,57.4713,1.9024,3.3102,25352.97,153236.803,58.2103,28692.804,64.5531,24316.2262,71.3182,42970.1679,,,,,,,63.2931,24480.156,67.0481,29192.379,69.8756,39568.3813,,
298,688139.SH,20200911,54.8915,58.1286,54.6724,57.4713,54.8816,2.5897000000000006,4.7187,21743.93,123883.349,59.3637,28045.97,65.0427,24207.3046,71.6472,43958.3982,,,,,,,64.1885,24034.576,67.831,30970.654,71.0167,41480.859,,
299,688139.SH,20200910,57.6207,59.0151,54.6824,54.8816,57.3717,-2.490099999999998,-4.3403,27258.36,156230.65,61.4474,27002.048,65.9245,24763.8338,71.9079,44486.04,,,,,,,65.3639,24364.803,68.3808,31798.4045,71.855,43381.3763,,
300,688139.SH,20200909,62.2522,62.2522,56.7641,57.3717,61.9534,-4.581700000000005,-7.3954,39439.37,229994.119,64.5013,26658.016,67.2439,25766.0431,72.2187,45333.4206,,,,,,,66.7463,24175.568,69.0337,33155.178,72.535,44411.7557,,
301,688139.SH,20200908,66.1168,66.1268,61.7542,61.9534,65.1407,-3.1872999999999934,-4.8929,29669.39,187711.067,66.8718,23028.874,68.2844,26413.2746,72.5761,45791.2341,,,,,,,67.583,22625.33,69.6747,33633.376,73.1907,44906.3693,,
302,688139.SH,20200907,68.328,68.5273,64.9515,65.1407,67.8898,-2.7490999999999985,-4.0494,22118.8,147460.654,68.3759,20267.508,69.3846,27240.5377,72.6339,46384.9021,,,,,,,68.2812,22556.272,70.2365,34693.8365,73.4776,45882.483,,
303,688139.SH,20200904,68.6269,69.7225,67.1826,67.8898,70.1508,-2.26100000000001,-3.2231,16524.32,113036.628,69.0133,20023.182,69.9822,27885.3885,72.4947,46590.5409,,,,,,,68.9705,24373.1,70.7235,36662.8615,73.5174,46467.9813,,
304,688139.SH,20200903,69.5233,73.0592,68.7663,70.1508,69.2245,0.9262999999999977,1.3381,25538.2,181602.149,69.2803,21727.558,70.5293,30903.1108,72.2143,46987.6532,,,,,,,69.2713,27506.006,71.2425,38149.7855,73.4361,47786.1473,,
305,688139.SH,20200902,69.9317,70.2205,67.332,69.2245,69.4735,-0.24899999999999523,-0.3584,21293.66,146491.581,68.9914,21693.12,70.9047,33624.67,71.8092,47361.2026,,,,,,,69.8819,28994.567,71.7191,40017.795,73.4151,48768.375,,
306,688139.SH,20200901,67.2324,69.8819,67.2324,69.4735,68.328,1.1454999999999984,1.6765,15862.56,110154.055,68.2942,22221.786,70.8465,34932.7685,71.448,48347.99,,,,,,,70.2504,29915.387,72.4501,42157.4105,73.2382,49720.3897,,
307,688139.SH,20200831,69.4336,70.599,68.328,68.328,69.2245,-0.8965000000000032,-1.2951,20897.17,145464.824,68.1866,24845.036,70.7285,37896.7123,71.211,49086.2026,,,,,,,70.8032,33904.602,73.1668,47112.494,72.936,50161.9883,,
308,688139.SH,20200828,69.3241,70.6389,67.7503,69.2245,68.7065,0.5180000000000007,0.7539,25046.2,174600.995,68.9277,28723.018,70.8718,40058.7246,71.0704,50123.8462,,,,,,,71.4735,37906.732,74.4308,50204.0005,72.6037,50466.2873,,
309,688139.SH,20200827,66.2165,70.4098,64.7523,68.7065,65.7384,2.968100000000007,4.515,25366.01,173187.586,69.2623,33284.454,71.1767,42045.8323,70.9242,51095.2771,,,,,,,71.3978,39232.006,75.1006,52889.663,72.1754,50906.0433,,
310,688139.SH,20200826,67.7304,70.1906,65.7384,65.7384,68.9356,-3.197199999999995,-4.638,23936.99,162428.759,70.7723,36296.014,71.6517,44825.3162,70.6348,52022.4474,,,,,,,71.3211,42134.788,75.4293,54529.8495,71.7833,51888.6573,,
311,688139.SH,20200825,71.107,71.7046,68.5273,68.9356,72.0333,-3.0977000000000032,-4.3004,28978.81,202304.897,72.2066,37608.988,72.6156,46542.6862,70.3969,52846.1868,,,,,,,71.7664,44641.422,75.9945,56046.889,71.6392,52456.1507,,
312,688139.SH,20200824,71.2166,72.2524,65.7981,72.0333,70.8978,1.1354999999999933,1.6016,40287.08,279064.528,73.4198,42964.168,73.4423,49151.8846,70.0371,53403.6497,,,,,,,72.1917,46831.401,76.0757,57545.5885,71.4596,53362.7587,,
313,688139.SH,20200821,74.6728,74.7027,70.0313,70.8978,76.2565,-5.358699999999999,-7.0272,47853.38,344962.324,74.0194,47090.446,74.351,50982.5685,69.5576,54181.3791,,,,,,,72.4765,48952.623,75.7909,57515.422,71.2003,53955.6843,,
314,688139.SH,20200820,71.9138,77.1928,70.7783,76.2565,72.9098,3.3466999999999985,4.5902,40423.81,304536.366,73.5333,45179.558,75.344,56144.9415,69.0042,54554.7785,,,,,,,73.2136,48793.565,75.5184,57926.218,70.7992,54256.8983,,
315,688139.SH,20200819,74.2345,74.9019,72.2325,72.9098,75.0015,-2.091699999999989,-2.7889,30501.86,224282.625,71.87,47973.562,76.6787,59399.0562,68.268,54752.7306,,,,,,,73.5563,51041.023,75.1818,58655.279,70.179,54640.909,,
316,688139.SH,20200818,73.9357,79.2546,73.7066,75.0015,75.0314,-0.029900000000012028,-0.0398,55754.71,428944.216,71.3261,51673.856,77.4257,63111.1785,67.6469,55231.8835,,,,,,,74.6499,54399.434,74.7321,59622.891,69.6388,55221.932,,
317,688139.SH,20200817,68.7265,75.3501,67.2922,75.0314,68.4675,6.563900000000004,9.5869,60918.47,439782.982,70.9636,50698.634,77.4471,63296.95,66.9937,55182.8418,,,,,,,75.5304,60320.386,74.0025,58290.6815,68.9964,55587.771,,
318,688139.SH,20200814,68.0093,69.5034,66.1866,68.4675,67.9396,0.5279000000000025,0.777,38298.94,259887.499,70.9337,50814.8,77.6019,62786.1277,,,,,,,,,77.388,62501.269,73.1688,56746.065,68.2314,55575.454,,
319,688139.SH,20200813,71.3859,71.3859,66.5551,67.9396,70.1906,-2.2510000000000048,-3.207,54393.83,371971.605,72.8939,52407.572,77.7628,64374.8862,,,,,,,,,78.8034,66547.32,72.5642,56743.062,67.6567,55870.6287,,
320,688139.SH,20200812,73.5871,73.6568,67.5113,70.1906,73.1887,-2.9980999999999938,-4.0964,49003.33,346752.908,75.2425,54108.484,77.6395,63243.3415,,,,,,,,,79.5374,66924.911,72.0144,56765.592,67.1185,55617.2697,,
321,688139.SH,20200811,75.3003,78.0394,71.7444,73.1887,74.882,-1.6933000000000078,-2.2613,50878.6,381260.664,77.9737,57125.012,77.2748,63786.8777,,,,,,,,,80.2227,67452.356,71.5756,56363.515,66.5385,55786.735,,
322,688139.SH,20200810,78.2386,78.4677,72.7106,74.882,78.2685,-3.386499999999998,-4.3268,61499.3,461415.152,80.0972,69942.138,76.9928,64104.2954,,,,,,,,,79.9598,68259.776,71.0936,56628.4375,,,,
323,688139.SH,20200807,78.8462,81.6749,75.6987,78.2685,79.6829,-1.4144000000000005,-1.775,46262.8,364131.355,83.8423,74187.738,76.1492,63208.5108,,,,,,,,,79.1052,66078.221,70.5622,56457.215,,,,
324,688139.SH,20200806,83.2785,84.2547,78.3681,79.6829,83.8463,-4.163399999999996,-4.9655,62898.39,507632.663,84.7128,80687.068,74.7755,61889.1046,,,,,,,,,77.8233,67058.871,69.592,56988.565,,,,
325,688139.SH,20200805,80.6789,87.6511,77.6908,83.8463,83.8064,0.03990000000000293,0.0476,64085.97,535311.972,83.8323,79741.338,73.1351,59360.47,,,,,,,,,76.8073,66269.535,68.4904,56440.852,,,,
326,688139.SH,20200804,92.6313,99.2052,81.0773,83.8064,93.6074,-9.801000000000002,-10.4703,114964.23,1046117.164,82.4718,77779.7,71.0219,57372.2323,,,,,,,,,74.8142,64846.348,67.1333,55633.181,,,,
327,688139.SH,20200803,84.8622,93.6274,81.6749,93.6074,82.6212,10.986199999999997,13.2971,82727.3,724456.938,79.8223,66577.414,68.9556,52747.6323,,,,,,,,,72.4746,56260.977,65.7294,53221.4635,,,,
328,688139.SH,20200731,75.3003,85.6591,74.0353,82.6212,75.2804,7.3408000000000015,9.7513,78759.45,633163.809,74.368,57968.704,66.4793,49534.9008,,,,,,,,,68.9496,50990.861,63.6532,52112.5465,,,,
329,688139.SH,20200730,78.6968,80.2904,74.2047,75.2804,77.0434,-1.7630000000000052,-2.2883,58169.74,450606.161,70.9337,53430.674,65.012,47797.7931,,,,,,,,,66.325,46938.804,62.0834,50532.283,,,,
330,688139.SH,20200729,70.3002,77.6011,69.603,77.0434,70.5592,6.484200000000001,9.1897,54277.78,405628.388,69.7823,52797.732,64.1639,47790.4938,,,,,,,,,64.4913,46606.273,60.9091,49963.449,,,,
331,688139.SH,20200728,67.5312,71.5154,67.5312,70.5592,66.336,4.223200000000006,6.3664,58952.8,411402.207,67.1567,51912.996,62.7656,47991.4185,,,,,,,,,62.9286,45274.674,59.6964,49953.9245,,,,
332,688139.SH,20200727,65.6089,68.8958,63.9256,66.336,65.4495,0.8864999999999981,1.3545,39683.75,264059.055,65.1268,45944.54,61.7726,47452.29,,,,,,,,,62.2273,44997.099,,,,,,
333,688139.SH,20200724,68.8161,70.3799,64.573,65.4495,69.5233,-4.073800000000006,-5.8596,56069.3,381682.114,63.5311,44013.018,61.0317,48086.8131,,,,,,,,,62.0192,46836.209,,,,,,
334,688139.SH,20200723,63.4076,71.0173,63.0491,69.5233,63.9156,5.607700000000008,8.7736,55005.03,373834.917,61.7164,40446.934,60.2839,48906.8577,,,,,,,,,61.3608,46918.259,,,,,,
335,688139.SH,20200722,59.8817,65.5391,59.5629,63.9156,60.4096,3.5060000000000002,5.8037,49854.1,315622.814,59.2004,40414.814,58.9423,49333.3138,,,,,,,,,60.1735,46612.169,,,,,,
336,688139.SH,20200721,58.2183,60.6387,57.9792,60.4096,58.3577,2.0518999999999963,3.5161,29110.52,174643.498,58.7004,38636.352,57.9662,49125.6277,,,,,,,,,59.4524,46420.014,,,,,,
337,688139.SH,20200720,57.6705,59.1645,56.8039,58.3577,56.3756,1.9821000000000026,3.5159,30026.14,174855.321,59.3279,44049.658,57.3035,50485.8231,,,,,,,,,58.9842,50181.95,,,,,,
338,688139.SH,20200717,57.0131,59.2442,55.3298,56.3756,56.9434,-0.5677999999999983,-0.9971,38238.88,219975.022,60.5072,49659.4,56.8752,52336.6808,,,,,,,,,58.3567,53234.232,,,,,,
339,688139.SH,20200716,62.7502,63.2283,55.9573,56.9434,61.4156,-4.472200000000001,-7.2819,54844.43,323666.776,61.0052,53389.584,,,,,,,,,,,57.8418,54125.762,,,,,,
340,688139.SH,20200715,63.5471,64.5332,60.9076,61.4156,63.5471,-2.1315000000000026,-3.3542,40961.79,257479.303,61.1466,52809.524,,,,,,,,,,,57.3268,53320.625,,,,,,
341,688139.SH,20200714,64.5132,65.3997,60.9076,63.5471,64.2543,-0.7072000000000003,-1.1006,56177.05,355231.967,60.2044,54203.676,,,,,,,,,,,56.4643,54633.175,,,,,,
342,688139.SH,20200713,59.0151,64.3638,59.0151,64.2543,58.8657,5.388600000000004,9.1541,58074.85,361063.979,58.6406,56314.242,,,,,,,,,,,,,,,,,,
343,688139.SH,20200710,57.1724,60.5789,56.6545,58.8657,57.6505,1.2151999999999958,2.1079,56889.8,338427.207,56.2063,56809.064,,,,,,,,,,,,,,,,,,
344,688139.SH,20200709,56.5748,59.7522,56.0768,57.6505,56.7043,0.9461999999999975,1.6687,51944.13,300861.494,54.6784,54861.94,,,,,,,,,,,,,,,,,,
345,688139.SH,20200708,55.5788,58.3777,54.8915,56.7043,55.7282,0.9761000000000024,1.7515,47932.55,272643.306,53.507,53831.726,,,,,,,,,,,,,,,,,,
346,688139.SH,20200707,51.9731,57.7402,51.7142,55.7282,52.0827,3.6454999999999984,6.9994,66729.88,363212.394,52.7242,55062.674,,,,,,,,,,,,,,,,,,
347,688139.SH,20200706,50.7978,52.6604,49.4133,52.0827,51.2261,0.8566000000000003,1.6722,60548.96,309650.288,,,,,,,,,,,,,,,,,,,,
348,688139.SH,20200703,51.7441,52.2919,49.6026,51.2261,51.7939,-0.5677999999999983,-1.0963,47154.18,239532.873,,,,,,,,,,,,,,,,,,,,
349,688139.SH,20200702,52.6903,55.0808,51.6544,51.7939,52.7899,-0.9960000000000022,-1.8867,46793.06,248638.047,,,,,,,,,,,,,,,,,,,,
350,688139.SH,20200701,55.8378,56.0569,51.7739,52.7899,55.8378,-3.0478999999999985,-5.4585,54087.29,291212.921,,,,,,,,,,,,,,,,,,,,
