,ts_code,trade_date,open,high,low,close,pre_close,change,pct_chg,vol,amount,ma5,ma_v_5,ma13,ma_v_13,ma34,ma_v_34,ma144,ma_v_144,ma169,ma_v_169,ma75,ma_v_75
0,000725.SZ,20201231,5.92,6.0,5.88,6.0,5.96,0.040000000000000036,0.6711,12408156.0,7369178.133,5.782,11849200.626,5.5223,9840904.6638,5.4118,9156939.525,5.0647,9445444.9089,4.8767,9029114.7451,5.216,7803996.4232
1,000725.SZ,20201230,5.52,6.03,5.5,5.96,5.59,0.3700000000000001,6.619,18741988.69,11040895.403,5.72,11643934.05,5.46,9350278.1569,5.3929,9050115.6959,5.0524,9514594.3461,4.8634,8975678.7143,5.2067,7733786.7617
2,000725.SZ,20201229,5.66,5.86,5.57,5.59,5.67,-0.08000000000000007,-1.4109,12663775.76,7238265.197,5.644,10570109.476,5.3923,8491692.0062,5.3756,8830219.4856,5.0382,9458058.7953,4.8506,8884143.4666,5.2007,7583986.0473
3,000725.SZ,20201228,5.7,5.73,5.56,5.67,5.69,-0.020000000000000462,-0.3515,7160559.32,4044288.989,5.594,10408937.97,5.3608,8053691.71,5.3632,8805737.7682,5.025,9400145.854,4.8399,8834117.0653,5.1979,7541034.7135
4,000725.SZ,20201225,5.64,5.75,5.55,5.69,5.69,0.0,0.0,8271523.36,4680918.668,5.54,11404539.362,5.3223,8006894.7469,5.3565,8916780.7332,5.0113,9373566.5991,4.829,8825872.2389,5.1972,7545083.9113
5,000725.SZ,20201224,5.58,5.72,5.44,5.69,5.58,0.11000000000000032,1.9713,11381823.12,6343110.679,5.438,10560283.304,5.2885,7884348.9323,5.3465,9053465.7712,4.9974,9333414.4171,4.8183,8823654.8525,5.1975,7586316.608
6,000725.SZ,20201223,5.4,5.6,5.38,5.58,5.34,0.2400000000000002,4.4944,13372865.82,7382120.193,5.35,9222739.244,5.2569,7537179.51,5.3332,9115104.7018,4.984,9273748.9243,4.807,8778450.1952,5.1981,7623474.034
7,000725.SZ,20201222,5.48,5.56,5.33,5.34,5.4,-0.0600000000000005,-1.1111,11857918.23,6468970.353,5.268,7498511.688,5.24,7147536.8908,5.3194,8950918.6347,4.9709,9203732.4883,4.7967,8728247.413,5.198,7543651.5677
8,000725.SZ,20201221,5.17,5.44,5.14,5.4,5.18,0.22000000000000064,4.2471,12138566.28,6494436.497,5.254,6414630.066,5.2515,7148372.6415,5.3106,8746866.0176,4.9599,9159482.7394,4.7877,8680452.9586,5.2001,7617670.8659
9,000725.SZ,20201218,5.28,5.28,5.15,5.18,5.25,-0.07000000000000028,-1.3333,4050243.07,2103987.986,5.212,5192919.092,5.2769,7575031.2723,5.3006,8665454.1974,4.9491,9114269.5398,4.7778,8626206.9945,5.2005,7657157.4741
10,000725.SZ,20201217,5.14,5.26,5.06,5.25,5.17,0.08000000000000007,1.5474,4694102.82,2438919.864,5.192,5898944.224,5.3092,8283459.24,5.2944,8866043.2303,4.9402,9144841.0889,4.7695,8634896.6891,5.1997,7684936.7387
11,000725.SZ,20201216,5.23,5.27,5.14,5.17,5.27,-0.09999999999999964,-1.8975,4751728.04,2470083.975,5.178,6354078.042,5.3215,8969278.6846,5.2791,8955004.3559,4.9304,9142689.9959,4.7616,8628910.028,5.1971,7773852.6728
12,000725.SZ,20201215,5.2,5.33,5.18,5.27,5.19,0.07999999999999918,1.5414,6438510.12,3398411.74,5.178,6714172.194,5.3269,9012905.6592,5.2697,9005462.5112,4.9207,9168995.4845,4.7542,8631624.8283,5.1995,7850700.146
13,000725.SZ,20201214,5.05,5.21,5.04,5.19,5.08,0.11000000000000032,2.1654,6030011.41,3099456.794,5.174,6762155.724,5.3223,9182167.9423,5.2556,8955786.6741,4.9113,9177702.2217,4.7462,8637093.183,5.202,7991853.7451
14,000725.SZ,20201211,5.15,5.18,4.99,5.08,5.18,-0.09999999999999964,-1.9305,7580368.73,3833147.17,5.192,6929877.568,5.3346,9413258.8,5.2426,8888195.3932,4.902,9166481.3753,4.738,8633828.7949,5.202,8034109.9511
15,000725.SZ,20201210,5.15,5.2,5.01,5.18,5.17,0.009999999999999787,0.1934,6969771.91,3565419.778,5.248,7075306.176,5.3585,9348681.2131,5.2341,8752307.6935,4.8937,9147867.2153,4.7309,8637151.7373,5.2033,8057347.0001
16,000725.SZ,20201209,5.25,5.27,5.16,5.17,5.25,-0.08000000000000007,-1.5238,6552198.8,3410930.074,5.31,8055108.392,5.3762,9383346.8085,5.2226,8662737.6806,4.8848,9135302.6889,4.7227,8657012.7859,5.2027,8106682.1485
17,000725.SZ,20201208,5.28,5.32,5.23,5.25,5.28,-0.03000000000000025,-0.5682,6678427.77,3522869.51,5.422,10281694.328,5.3931,9348643.7908,5.2138,8603868.4015,4.8762,9159571.4647,4.714,8654610.3072,5.2036,8188453.4081
18,000725.SZ,20201207,5.37,5.39,5.26,5.28,5.36,-0.08000000000000007,-1.4925,6868620.63,3647524.147,5.492,11597970.104,5.4038,9408397.7792,5.2018,8543236.9309,4.8665,9159609.8474,4.705,8672389.3132,5.2033,8369454.3459
19,000725.SZ,20201204,5.45,5.5,5.32,5.36,5.49,-0.1299999999999999,-2.3679,8307511.77,4477289.808,5.518,12946197.098,5.4162,9840542.8146,5.1915,8530649.24,4.8559,9147780.0701,4.6971,8663314.4704,5.1988,8431400.5289
20,000725.SZ,20201203,5.73,5.74,5.48,5.49,5.73,-0.2400000000000002,-4.1885,11868782.99,6606275.673,5.494,12348470.486,5.4092,9829176.8138,5.1765,8418860.2326,4.8451,9143552.2939,4.6886,8653212.4688,5.192,8473369.2752
21,000725.SZ,20201202,5.61,5.83,5.57,5.73,5.6,0.13000000000000078,2.3214,17685128.48,10093814.13,5.438,11702497.848,5.4008,9426806.8623,5.1597,8205173.3197,4.8329,9124104.3965,4.68,8638889.6859,5.1813,8402762.8639
22,000725.SZ,20201201,5.47,5.65,5.42,5.6,5.41,0.1899999999999995,3.512,13259806.65,7346417.712,5.362,9972310.664,5.3723,8741500.5031,5.1374,7838226.9968,4.8178,9036426.01,4.6694,8588979.366,5.1675,8267412.3152
23,000725.SZ,20201130,5.26,5.51,5.21,5.41,5.24,0.16999999999999993,3.2443,13609755.6,7379002.458,5.32,8668521.354,5.3546,8588093.6485,5.1212,7670262.4571,4.8034,9008798.0107,4.6595,8580795.1283,5.1568,8185640.3328
24,000725.SZ,20201127,5.22,5.26,5.16,5.24,5.21,0.03000000000000025,0.5758,5318878.71,2773699.2,5.32,7430655.164,5.3362,8451296.8615,5.1141,7433764.9962,4.7913,8940007.3993,4.6522,8552251.2432,5.1485,8123082.19
25,000725.SZ,20201126,5.33,5.35,5.18,5.21,5.35,-0.13999999999999968,-2.6168,8638919.8,4528160.23,5.35,7587091.336,5.3515,8883384.6631,5.1144,7517655.9638,4.7805,8939301.1656,4.6458,8587116.5259,5.1444,8259957.2889
26,000725.SZ,20201125,5.4,5.52,5.34,5.35,5.39,-0.040000000000000036,-0.7421,9034192.56,4909470.019,5.386,7350353.3,5.3623,9212607.3438,5.1141,7494397.0191,4.7703,8902763.2975,4.6393,8593099.8186,5.1385,8260952.4653
27,000725.SZ,20201124,5.4,5.47,5.38,5.39,5.41,-0.020000000000000462,-0.3697,6740860.1,3653649.665,5.404,8040816.006,5.3538,9554403.8208,5.1012,7371921.9421,4.7595,8862751.7646,4.6327,8608467.744,5.1305,8233694.3333
28,000725.SZ,20201123,5.38,5.44,5.32,5.41,5.39,0.020000000000000462,0.3711,7420424.65,4000517.081,5.38,8324594.738,5.3323,9635148.3931,5.0903,7345647.9479,4.7484,8845171.5829,4.6253,8647865.4315,5.1227,8255974.4951
29,000725.SZ,20201120,5.3,5.42,5.26,5.39,5.39,0.0,0.0,6101059.57,3260530.869,5.374,8168104.532,5.3038,9442817.9777,5.0744,7223589.0338,4.7374,8833690.7428,4.6197,8681570.648,5.1128,8247441.8385
30,000725.SZ,20201119,5.45,5.49,5.32,5.39,5.44,-0.05000000000000071,-0.9191,7455229.62,4016080.56,5.368,8703121.78,5.2785,9694318.3485,5.0588,7172359.2432,4.7269,8846161.0587,4.615,8725119.1772,5.1021,8244613.1143
31,000725.SZ,20201118,5.29,5.53,5.27,5.44,5.27,0.17000000000000082,3.2258,12486506.09,6787927.056,5.364,9465179.364,5.2462,9957013.7769,5.0447,7179496.4062,4.7158,8820376.381,4.6119,8738459.166,5.0927,8233186.4753
32,000725.SZ,20201117,5.32,5.34,5.16,5.27,5.38,-0.11000000000000032,-2.0446,8159753.76,4272313.112,5.31,9334157.62,5.1915,9590265.7,5.0353,6949725.7376,4.7046,8767613.1139,4.6093,8738034.0904,5.0813,8149588.3755
33,000725.SZ,20201116,5.4,5.42,5.29,5.38,5.36,0.019999999999999574,0.3731,6637973.62,3550059.706,5.344,9889410.894,5.1592,9460077.3585,5.0294,6863583.8662,4.6946,8737202.7088,4.607,8762689.3934,5.0707,8115242.9045
34,000725.SZ,20201113,5.33,5.41,5.29,5.36,5.37,-0.009999999999999787,-0.1862,8776145.81,4705607.242,5.338,11145579.1,5.1138,9314812.5923,5.0221,6851288.4109,4.6831,8711737.6028,4.6056,8793672.6211,5.0592,8151110.5424
35,000725.SZ,20201112,5.19,5.41,5.15,5.37,5.17,0.20000000000000018,3.8685,11265517.54,5998615.962,5.314,12085859.29,5.0669,8926794.2885,5.0194,6806426.1112,4.6721,8689117.1558,4.6039,8796525.1851,5.0515,8187566.9795
36,000725.SZ,20201111,5.35,5.37,5.16,5.17,5.44,-0.27000000000000046,-4.9632,11831397.37,6200383.978,5.262,11390863.69,5.0223,8287922.7038,5.0153,6642092.2794,4.662,8636456.3194,4.6017,8797070.3707,5.0457,8156551.4868
37,000725.SZ,20201110,5.31,5.46,5.26,5.44,5.35,0.09000000000000075,1.6822,10936020.13,5873578.593,5.236,10008610.066,4.9931,7679691.4808,5.015,6417766.9929,4.6533,8590478.0689,4.6011,8814130.6664,5.0427,8146317.6621
38,000725.SZ,20201109,5.3,5.42,5.24,5.35,5.24,0.10999999999999943,2.0992,12918814.65,6888667.302,5.16,9695518.918,4.9492,7188508.6485,5.0085,6214130.2915,4.6428,8565663.0823,4.5989,8842561.9264,5.0344,8119168.4159
39,000725.SZ,20201106,5.13,5.32,5.09,5.24,5.11,0.1299999999999999,2.544,13477546.76,7064847.807,5.084,9285810.026,4.91,6549904.2731,5.0053,5987418.6826,4.632,8513993.0488,4.5961,8876748.9979,5.0248,8078638.0332
40,000725.SZ,20201105,5.09,5.13,5.03,5.11,5.04,0.07000000000000028,1.3889,7790539.54,3965295.729,4.982,8134056.892,4.8862,6008603.6869,5.0053,5768224.0056,4.6226,8476940.2657,4.5963,8859722.8989,5.0175,8074057.2909
41,000725.SZ,20201104,5.02,5.07,4.98,5.04,5.06,-0.019999999999999574,-0.3953,4920129.25,2475050.13,4.93,7869410.048,4.8662,5755999.5315,5.0047,5793170.7674,4.6134,8494549.6378,4.5977,8933280.5302,5.0152,8116294.1429
42,000725.SZ,20201103,4.98,5.13,4.95,5.06,4.97,0.08999999999999986,1.8109,9370564.39,4732918.472,4.88,7835290.53,4.8569,5731637.8931,5.0124,5858532.595,4.6041,8503063.8784,4.6022,9024892.8712,5.0169,8225173.0643
43,000725.SZ,20201102,4.77,4.99,4.72,4.97,4.73,0.23999999999999932,5.074,10870270.19,5305991.078,4.818,6707559.224,4.85,5411513.9785,5.0256,5803719.9691,4.5949,8505234.1242,4.6062,9085442.7459,5.0196,8285599.2564
44,000725.SZ,20201030,4.93,4.96,4.72,4.73,4.85,-0.11999999999999922,-2.4742,7718781.09,3726065.176,4.782,5125542.574,4.8562,5156032.6023,5.0376,5761724.5435,4.5878,8466794.5548,4.6083,9134631.9572,5.0211,8347698.8423
45,000725.SZ,20201029,4.7,4.89,4.67,4.85,4.79,0.05999999999999961,1.2526,6467305.32,3120537.714,4.794,4366664.65,4.89,4990652.6669,5.0638,5754238.3103,4.5822,8459027.141,4.6118,9208320.6019,5.0289,8459759.5644
46,000725.SZ,20201028,4.74,4.83,4.65,4.79,4.75,0.040000000000000036,0.8421,4749531.66,2254231.93,4.798,3983332.248,4.9208,5121719.3046,5.0891,5898258.0247,4.5766,8479728.0255,4.6123,9232439.4415,5.0347,8564063.1412
47,000725.SZ,20201027,4.76,4.79,4.67,4.75,4.79,-0.040000000000000036,-0.8351,3731907.86,1765430.746,4.808,3956817.47,4.9523,5360071.9215,5.1171,6175290.3309,4.5706,8510983.2529,4.6138,9297749.4813,5.04,8780117.6501
48,000725.SZ,20201026,4.77,4.83,4.73,4.79,4.79,0.0,0.0,2960186.94,1414128.956,4.844,4498563.726,4.9646,5447620.5431,5.1412,6282768.9482,4.5649,8567544.1045,4.6146,9353119.6317,5.0435,8950757.1564
49,000725.SZ,20201023,4.88,4.92,4.77,4.79,4.87,-0.08000000000000007,-1.6427,3924391.47,1892969.474,4.856,4807863.442,4.9823,5669724.9554,5.1621,6707744.7909,4.5607,8608000.0217,4.6138,9378129.693,5.0433,9055951.2276
50,000725.SZ,20201022,4.8,4.92,4.78,4.87,4.84,0.03000000000000025,0.6198,4550643.31,2212270.619,4.882,4943670.738,4.9885,5619419.5785,5.1809,7036440.98,4.5563,8658602.244,4.6133,9400885.1093,5.0441,9204100.1315
51,000725.SZ,20201021,4.92,4.92,4.79,4.84,4.93,-0.08999999999999986,-1.8256,4616957.77,2230953.105,4.902,5075332.776,4.9877,5604696.7615,5.1882,7083001.1153,4.551,8694015.1117,4.6125,9415743.1603,5.0409,9247649.5712
52,000725.SZ,20201020,4.87,4.94,4.72,4.93,4.85,0.08000000000000007,1.6495,6440639.14,3107556.592,4.944,5661743.682,4.9931,5841691.7915,5.1944,7281408.1774,4.5468,8742726.3213,4.6119,9429027.7846,5.0384,9295100.378
53,000725.SZ,20201019,4.94,4.97,4.84,4.85,4.92,-0.07000000000000028,-1.4228,4506685.52,2205452.743,4.992,5487384.24,5.0077,5705819.8085,5.2068,7401250.8065,4.5413,8791048.753,4.6107,9442029.7881,5.0342,9341339.9939
54,000725.SZ,20201016,4.96,4.98,4.87,4.92,4.97,-0.04999999999999982,-1.006,4603427.95,2260682.7,5.072,6220281.458,5.0246,5761530.9323,5.2247,7769437.4103,4.5387,8850839.8691,4.6095,9464495.4405,5.0297,9390043.8079
55,000725.SZ,20201015,5.0,5.04,4.95,4.97,5.05,-0.08000000000000007,-1.5842,5208953.5,2596185.385,5.128,6869219.004,5.0408,5885877.1008,5.2326,7904607.9665,4.5364,8912349.1264,4.6079,9517125.439,5.0251,9481088.7256
56,000725.SZ,20201014,5.17,5.17,4.99,5.05,5.17,-0.1200000000000001,-2.3211,7549012.3,3809336.728,5.116,6801436.292,5.0638,6042944.3408,5.2388,8025613.6697,4.5356,8943604.2252,4.6045,9549463.7477,5.02,9543715.5261
57,000725.SZ,20201013,5.2,5.21,5.14,5.17,5.25,-0.08000000000000007,-1.5238,5568841.93,2876705.898,5.11,6461142.692,5.0777,5899033.1838,5.2412,8117404.7209,4.5353,8977393.5031,4.6006,9592910.1657,5.0136,9584198.9551
58,000725.SZ,20201012,5.22,5.26,5.16,5.25,5.2,0.04999999999999982,0.9615,8171171.61,4262624.255,5.05,6001458.62,5.0769,5794071.3146,5.2432,8326704.7603,4.5333,9024321.6838,4.5951,9569095.0596,5.0051,9658674.2784
59,000725.SZ,20201009,5.06,5.23,5.0,5.2,4.91,0.29000000000000004,5.9063,7848115.68,4030688.5,4.972,5239073.636,5.0746,5474163.6738,5.2426,8682067.3041,4.5325,9050036.7358,4.5918,9583953.1871,4.9941,9658736.8444
60,000725.SZ,20200930,5.03,5.04,4.88,4.91,5.02,-0.10999999999999943,-2.1912,4870039.94,2407480.647,4.914,5209029.132,5.0777,5271279.3869,5.235,8789904.6182,4.5317,9059829.1904,4.5901,9590152.0574,4.9851,9660530.5419
61,000725.SZ,20200929,4.91,5.11,4.89,5.02,4.87,0.14999999999999947,3.0801,5847544.3,2936451.997,4.956,5169881.816,5.1031,5360116.91,5.2332,8983584.8476,4.5323,9104882.0651,4.5903,9608859.3599,4.9783,9761676.2
62,000725.SZ,20200928,4.91,4.94,4.86,4.87,4.86,0.009999999999999787,0.2058,3270421.57,1603145.608,4.966,5046558.982,5.1085,5574823.4592,5.2235,9004930.6665,4.5327,9166458.753,4.5899,9626900.0238,4.9729,9820435.4381
63,000725.SZ,20200925,4.9,4.94,4.81,4.86,4.91,-0.04999999999999982,-1.0183,4359246.69,2120221.349,5.018,5636460.296,5.1415,5872670.3685,5.2182,9130325.2476,4.534,9253059.3189,4.5896,9636646.0963,4.9697,9947285.5839
64,000725.SZ,20200924,5.1,5.1,4.89,4.91,5.12,-0.20999999999999996,-4.1016,7697893.16,3813886.368,5.1,6214776.482,5.1915,6114800.2469,5.2165,9211727.05,4.5341,9352623.09,4.5896,9639689.012,4.9686,10120421.0508
65,000725.SZ,20200923,5.09,5.16,5.02,5.12,5.07,0.04999999999999982,0.9862,4674303.36,2380757.457,5.164,5810831.302,5.2277,6248995.0592,5.2129,9247609.4538,4.5366,9372777.5544,4.5893,9636482.6743,4.9642,10226814.392
66,000725.SZ,20200922,5.06,5.15,5.05,5.07,5.13,-0.05999999999999961,-1.1696,5230930.13,2663734.89,5.172,5716838.156,5.2662,6463606.2746,5.2074,9568497.9176,4.5382,9480746.1368,4.5883,9654573.5532,4.9589,10487966.4703
67,000725.SZ,20200921,5.24,5.29,5.12,5.13,5.27,-0.13999999999999968,-2.6565,6219928.14,3230777.786,5.202,5473126.586,5.3154,6935379.0038,5.1985,9670928.15,4.5433,9586105.0588,4.5874,9670158.618,4.9489,10552150.8975
68,000725.SZ,20200918,5.24,5.27,5.12,5.27,5.23,0.03999999999999915,0.7648,7250827.62,3770799.363,5.224,5271264.948,5.3623,7546817.6138,5.1874,9693572.4006,4.5474,9679046.4828,4.5862,9674957.4951,4.938,10656655.2496
69,000725.SZ,20200917,5.13,5.28,5.1,5.23,5.16,0.07000000000000028,1.3566,5678167.26,2951106.221,5.218,5026084.972,5.3854,7557229.4008,5.1735,9727720.7715,4.5478,9761910.5056,4.5845,9696929.4313,4.9239,10781513.1925
70,000725.SZ,20200916,5.19,5.28,5.11,5.16,5.22,-0.05999999999999961,-1.1494,4204337.63,2183855.225,5.19,5618197.408,5.4062,8459629.2723,5.1571,9760141.5994,4.5485,9862563.2472,4.5828,9792487.5731,4.9106,11004013.2952
71,000725.SZ,20200915,5.24,5.24,5.13,5.22,5.24,-0.020000000000000462,-0.3817,4012372.28,2081694.32,5.218,6205816.16,5.4269,9297761.9085,5.1403,9809687.7059,4.5469,9906584.4388,4.5798,9806294.1382,4.894,11089300.3852
72,000725.SZ,20200914,5.26,5.34,5.18,5.24,5.24,0.0,0.0,5210619.95,2737071.446,5.276,6904728.726,5.4192,9460940.0338,5.1244,9885742.3947,4.5457,9988352.1894,4.5767,9838604.2728,4.8737,11093459.5841
73,000725.SZ,20200911,5.1,5.27,5.01,5.24,5.09,0.15000000000000036,2.947,6024927.74,3117864.711,5.304,7751089.88,5.4046,9934184.49,5.1053,9915331.4726,4.5432,10043066.3792,4.5735,9866620.7561,4.853,11068426.6064
74,000725.SZ,20200910,5.37,5.39,5.07,5.09,5.3,-0.20999999999999996,-3.9623,8638729.44,4504686.262,5.38,8038954.164,5.4131,10279596.8585,5.0826,9902358.405,4.5392,10051135.5428,4.5697,9878918.1994,4.8324,11021289.0252
75,000725.SZ,20200909,5.42,5.43,5.28,5.3,5.51,-0.20999999999999996,-3.8113,7142431.39,3818282.526,5.504,8584003.398,5.4415,10924696.9054,5.0659,9922632.435,4.5365,10045103.0941,4.5663,9864781.5359,4.8145,10943305.8615
76,000725.SZ,20200908,5.38,5.52,5.29,5.51,5.38,0.1299999999999999,2.4164,7506935.11,4084691.267,5.592,9989243.134,5.4331,11082911.9415,5.0506,10051101.4703,4.5326,10044542.1395,4.5618,9879731.3241,4.7931,10891946.7635
77,000725.SZ,20200907,5.62,5.64,5.29,5.38,5.62,-0.2400000000000002,-4.2705,9442425.72,5165246.849,5.604,9965092.282,5.4077,11222620.58,5.0338,10093231.4844,4.5272,10040063.8351,4.5566,9904803.0634,4.7697,10865000.3539
78,000725.SZ,20200904,5.55,5.68,5.52,5.62,5.71,-0.08999999999999986,-1.5762,7464249.16,4179149.848,5.628,11558480.256,5.3885,11317042.2969,5.0209,10140920.7432,4.5227,10034477.3908,4.5532,9918641.8539,4.7494,10814139.5513
79,000725.SZ,20200903,5.78,5.78,5.6,5.71,5.74,-0.03000000000000025,-0.5226,11363975.61,6481159.307,5.59,13085642.804,5.3592,11718641.8438,4.9974,10183143.6109,4.5159,10040304.6937,4.5479,9921496.4392,4.7264,10827316.8444
80,000725.SZ,20200902,5.62,5.8,5.53,5.74,5.57,0.16999999999999993,3.0521,14168630.07,8084872.071,5.472,12039585.264,5.3223,12402451.2662,4.9656,10139468.915,4.5086,10055123.597,4.5418,9910955.4448,4.7014,10734255.1087
81,000725.SZ,20200901,5.53,5.6,5.49,5.57,5.5,0.07000000000000028,1.2727,7386180.85,4097984.734,5.334,11478418.826,5.2608,12198293.9038,4.9347,10109038.3568,4.4993,10030856.2192,4.5347,9897325.0729,4.6753,10659202.9531
82,000725.SZ,20200831,5.65,5.7,5.48,5.5,5.43,0.07000000000000028,1.2891,17409365.59,9758239.762,5.29,12104240.362,5.2054,12511292.8954,4.9162,10214100.7859,4.4911,10082976.1921,4.5293,9909355.7075,4.6532,10663284.2788
83,000725.SZ,20200828,5.15,5.48,5.13,5.43,5.12,0.3099999999999996,6.0547,15100061.9,8057215.533,5.282,12027373.254,5.1431,11677749.5531,4.9065,10086944.3965,4.4823,9972800.6602,4.5244,9882278.0378,4.6311,10490015.5312
84,000725.SZ,20200827,5.06,5.14,5.03,5.12,5.05,0.07000000000000028,1.3861,6133687.91,3125396.117,5.234,10847206.246,5.0862,11095732.2785,4.9015,10051722.8347,4.4772,9942121.0301,4.5198,9871624.2745,4.6105,10354013.7684
85,000725.SZ,20200826,5.29,5.33,5.03,5.05,5.35,-0.2999999999999998,-5.6075,11362797.88,5855517.076,5.246,11485098.146,5.0615,11172133.8215,4.9003,10328018.4588,4.4757,9961301.8415,4.5175,9981431.0935,4.5943,10341037.6644
86,000725.SZ,20200825,5.46,5.48,5.29,5.35,5.46,-0.11000000000000032,-2.0147,10515288.53,5637930.178,5.262,11346520.178,5.0415,10984064.3608,4.9082,10468034.2638,4.475,9938168.3428,4.5134,10019477.4666,4.5794,10323492.3929
87,000725.SZ,20200824,5.22,5.58,5.2,5.46,5.19,0.2699999999999996,5.2023,17025030.05,9204470.129,5.24,11780471.126,5.0092,11374004.5608,4.9062,10579057.3535,4.4723,9926926.176,4.506,10005498.7628,4.5593,10272407.9443
88,000725.SZ,20200821,5.33,5.43,5.16,5.19,5.18,0.010000000000000675,0.1931,9199226.86,4838434.335,5.194,12426164.736,4.9562,10734660.5592,4.8982,10694604.1118,4.4678,9842846.1605,4.4973,9936867.827,4.5366,10114275.9795
89,000725.SZ,20200820,5.08,5.23,5.03,5.18,5.13,0.04999999999999982,0.9747,9323147.41,4809607.368,5.144,12889236.236,4.9223,10564707.1592,4.8929,10910211.2874,4.4655,9812806.3867,4.4902,9930573.9464,4.5181,10094269.1147
90,000725.SZ,20200819,5.22,5.32,5.11,5.13,5.24,-0.11000000000000032,-2.0992,10669908.04,5568418.01,5.078,13315640.302,4.8931,10494609.0685,4.8812,10955111.1365,4.4633,9797756.9053,4.4839,9919804.1048,4.499,10090870.9595
91,000725.SZ,20200818,5.28,5.3,5.12,5.24,5.23,0.009999999999999787,0.1912,12685043.27,6612160.867,4.99,12496319.122,4.8577,10195421.9431,4.8729,11083512.6429,4.462,9777352.4182,4.4778,9912603.3802,4.478,10016064.7299
92,000725.SZ,20200817,5.11,5.36,5.1,5.23,4.94,0.29000000000000004,5.8704,20253498.1,10584538.572,4.88,11466077.934,4.8077,9672642.0954,4.855,10940330.5259,4.4598,9743878.5489,4.4708,9878328.8304,4.4551,9970682.4829
93,000725.SZ,20200814,4.84,5.02,4.82,4.94,4.85,0.09000000000000075,1.8557,11514584.36,5679997.582,4.794,8840759.908,4.7654,8622236.9877,4.838,10585103.1782,4.4577,9652055.2174,4.4636,9802957.2803,4.4341,9750021.2757
94,000725.SZ,20200813,4.71,4.91,4.68,4.85,4.69,0.15999999999999925,3.4115,11455167.74,5523654.624,4.764,8321422.014,4.7385,8214703.4677,4.8283,10537868.6479,4.458,9648232.304,4.4582,9805247.4437,4.4174,9666055.8983
95,000725.SZ,20200812,4.65,4.71,4.57,4.69,4.69,0.0,0.0,6573302.14,3048233.256,4.78,9147290.692,4.7092,7763063.1369,4.8184,10440936.4076,4.4586,9720262.3422,4.4529,9779445.3247,4.4028,9558353.2191
96,000725.SZ,20200811,4.78,4.89,4.66,4.69,4.8,-0.10999999999999943,-2.2917,7533837.33,3612674.345,4.796,9575341.87,4.6962,7974966.5462,4.8152,10583833.3088,4.4584,9720014.7379,4.448,9766380.3031,4.3909,9514342.9481
97,000725.SZ,20200810,4.73,4.87,4.69,4.8,4.79,0.009999999999999787,0.2088,7126907.97,3418663.835,4.808,9466540.936,4.7031,8280854.3354,4.812,10653601.7268,4.4584,9733479.6524,4.4433,9763151.0079,4.3788,9470015.9696
98,000725.SZ,20200807,4.88,4.89,4.71,4.79,4.93,-0.13999999999999968,-2.8398,8917894.89,4284168.026,4.808,9723533.788,4.7138,8420273.3831,4.8052,10755318.2415,4.4578,9753052.5528,4.4375,9749342.2368,4.3659,9451886.3123
99,000725.SZ,20200806,4.85,4.94,4.75,4.93,4.77,0.16000000000000014,3.3543,15584511.13,7543991.57,4.784,9296049.892,4.7254,8585347.6623,4.7976,10821100.4853,4.4564,9747394.9193,4.4321,9735633.3486,4.3537,9438271.5145
100,000725.SZ,20200805,4.79,4.81,4.65,4.77,4.75,0.019999999999999574,0.4211,8713558.03,4106288.611,4.716,7356928.716,4.7169,8071141.1646,4.783,10603199.1009,4.4536,9682569.3789,4.4256,9719225.8415,4.3385,9280374.5132
101,000725.SZ,20200804,4.82,4.83,4.7,4.75,4.8,-0.04999999999999982,-1.0417,6989832.66,3314671.86,4.698,6933863.45,4.7062,8160793.3123,4.7757,10581701.5997,4.452,9689204.0147,4.4193,9692125.2194,4.3259,9229375.0145
102,000725.SZ,20200803,4.72,4.82,4.7,4.8,4.67,0.1299999999999999,2.7837,8411872.23,4010327.846,4.666,6779226.638,4.7015,8633420.8838,4.7654,10742470.1774,4.4511,9722219.4758,4.4127,9670319.4759,4.3136,9186585.9848
103,000725.SZ,20200731,4.6,4.74,4.58,4.67,4.59,0.08000000000000007,1.7429,6780475.41,3171270.506,4.6,6213620.88,4.7123,8829300.2077,4.7599,10796664.7341,4.4511,9745617.4556,4.4059,9637751.7313,4.2993,9114040.9997
104,000725.SZ,20200730,4.7,4.73,4.58,4.59,4.68,-0.08999999999999986,-1.9231,5888905.25,2730467.88,4.57,6723135.09,4.7508,9314344.28,4.7587,10973244.3544,4.4515,9753716.0574,4.3998,9614858.9994,4.2874,9097218.6803
105,000725.SZ,20200729,4.56,4.68,4.51,4.68,4.59,0.08999999999999986,1.9608,6598231.7,3050008.765,4.608,7847429.758,4.8023,9930776.8608,4.7643,11310170.8679,4.4521,9779366.3512,4.3947,9601613.8258,4.2783,9067798.0383
106,000725.SZ,20200728,4.51,4.65,4.51,4.59,4.47,0.1200000000000001,2.6846,6216648.6,2851187.809,4.66,8315654.536,4.8331,10617662.0477,4.7614,11577205.0459,4.4512,9815941.8062,4.3889,9591329.5979,4.2682,9049295.3395
107,000725.SZ,20200727,4.52,4.57,4.42,4.47,4.52,-0.04999999999999982,-1.1062,5583843.44,2498719.191,4.73,9285096.92,4.8892,11379714.8669,4.7652,12107912.7115,4.4516,9838182.8443,4.3835,9586327.1647,4.2593,9064575.5189
108,000725.SZ,20200724,4.73,4.77,4.5,4.52,4.78,-0.2600000000000007,-5.4393,9328046.46,4298120.316,4.8,9948293.564,4.9515,12049424.8777,4.7609,12239116.2035,4.453,9888525.8719,4.3792,9605577.4657,4.2505,9063168.6708
109,000725.SZ,20200723,4.9,4.91,4.65,4.78,4.94,-0.16000000000000014,-3.2389,11510378.59,5478509.51,4.822,10058491.462,5.0031,12943699.7523,4.7548,12378225.265,4.4539,9916105.9375,4.3739,9564263.1177,4.242,9047353.9979
110,000725.SZ,20200722,4.92,5.04,4.88,4.94,4.94,0.0,0.0,8939355.59,4433863.605,4.804,10383213.962,5.0208,13329814.54,4.7381,12528366.2871,4.4535,10007638.3106,4.3672,9522706.9412,4.2287,9031566.1383
111,000725.SZ,20200721,4.85,5.03,4.8,4.94,4.82,0.1200000000000001,2.4896,11063860.52,5445033.19,4.804,10787003.532,5.0085,13476767.3623,4.7173,12923258.0332,4.4496,10069119.4172,4.3589,9487180.2816,4.2121,8994323.7957
112,000725.SZ,20200720,4.69,4.82,4.65,4.82,4.63,0.1900000000000004,4.1037,8899826.66,4217258.844,4.85,11191441.098,5.0016,13782282.65,4.6871,12909640.6468,4.4437,10048904.3274,4.3511,9437558.0703,4.1962,8975913.386
113,000725.SZ,20200717,4.7,4.75,4.53,4.63,4.69,-0.0600000000000005,-1.2793,9879035.95,4588217.804,4.938,12191981.526,4.987,13698976.8523,4.654,12775066.6921,4.438,10024783.3222,4.3442,9412492.537,4.1844,8928381.9931
114,000725.SZ,20200716,4.96,5.04,4.64,4.69,4.94,-0.25,-5.0607,13133991.09,6371276.874,5.028,13321722.162,4.9886,13567956.2623,4.6262,12582540.5353,4.4335,10012675.8575,4.3381,9367054.3525,4.1751,8884665.1604
115,000725.SZ,20200715,5.18,5.2,4.91,4.94,5.17,-0.22999999999999954,-4.4487,10958303.44,5510283.307,5.154,13919590.994,4.9825,13319850.05,4.597,12269470.4782,4.4295,9973572.0594,4.3316,9303623.7932,4.1663,8835521.7151
116,000725.SZ,20200714,5.29,5.38,5.06,5.17,5.26,-0.08999999999999986,-1.711,13086048.35,6779441.121,5.222,14585945.022,4.9496,13104555.2908,4.5621,12029226.0288,4.4237,9963118.4633,4.3236,9251227.8146,4.1529,8812748.128
117,000725.SZ,20200713,5.04,5.27,5.02,5.26,5.08,0.17999999999999972,3.5433,13902528.8,7200070.523,5.226,16159459.318,4.9043,12977305.17,4.5187,11741121.6374,4.4159,9920108.7133,4.3141,9185854.3096,4.1363,8796623.0899
118,000725.SZ,20200710,5.22,5.25,5.04,5.08,5.32,-0.2400000000000002,-4.5113,15527739.13,7986989.304,5.176,16684927.724,4.8521,12669877.0731,4.4744,11493575.3312,4.4073,9875755.7781,4.304,9126092.6502,4.1219,8728400.5593
119,000725.SZ,20200709,5.21,5.47,5.18,5.32,5.28,0.040000000000000036,0.7576,16123335.25,8522706.263,5.1161,15749328.354,4.8129,12289687.0992,4.4384,11202402.5782,4.4,9850574.409,4.2954,9046995.1906,4.1097,8670845.524
120,000725.SZ,20200708,5.32,5.38,5.07,5.28,5.19,0.08999999999999986,1.7341,14290073.58,7476173.558,5.0221,15531773.156,4.7523,11907468.3246,4.3964,10976791.1338,4.3904,9787874.9255,4.2855,8966708.0357,4.0936,8584535.6709
121,000725.SZ,20200707,5.13,5.4,5.13,5.19,5.01,0.1800000000000006,3.5928,20953619.83,11073800.821,4.8922,14237128.698,4.687,11437144.5154,4.3539,10685446.1882,4.3807,9718952.9803,4.2763,8901004.6649,4.0796,8549086.3159
122,000725.SZ,20200706,4.79,5.03,4.75,5.01,4.78,0.22999999999999954,4.8117,16529870.83,8159225.545,4.7844,11681558.388,4.6356,10439377.0662,4.3126,10320331.4403,4.3716,9621970.1097,4.2674,8791219.496,4.0655,8448358.9755
123,000725.SZ,20200703,4.8202,4.8202,4.7106,4.7803,4.85,-0.06969999999999921,-1.4371,10849742.28,5176331.73,4.7046,10357306.288,4.5888,10125999.6408,4.2803,10060402.3065,4.3634,9540465.6292,4.2596,8710222.65,4.0584,8402848.7809
124,000725.SZ,20200702,4.6309,4.85,4.5811,4.85,4.6309,0.21910000000000007,4.7313,15035559.26,7114152.836,4.6508,9819252.146,4.5758,10080210.7854,4.2528,9871121.9312,4.3571,9510961.1189,4.2534,8674110.3308,4.0558,8437662.3639
125,000725.SZ,20200701,4.6309,4.6309,4.5314,4.6309,4.6509,-0.020000000000000462,-0.43,7816851.29,3604352.453,4.5971,9098499.65,4.5589,9907027.9577,4.2244,9573015.1791,4.3501,9495517.2519,4.2463,8598319.4849,4.056,8366650.7435
126,000725.SZ,20200630,4.621,4.6708,4.5911,4.6509,4.611,0.03990000000000027,0.8653,8175768.28,3804563.855,4.5871,9516322.1,4.5704,10639916.8362,4.203,9494886.615,4.3436,9469938.7909,4.2401,8567391.4869,4.061,8427954.9704
127,000725.SZ,20200629,4.5114,4.6708,4.4816,4.611,4.5114,0.09959999999999969,2.2077,9908610.33,4585287.278,4.5712,9998222.338,4.565,11216964.9492,4.1819,9549919.975,4.3365,9436111.664,4.2341,8537635.6688,4.0641,8483298.0595
128,000725.SZ,20200624,4.611,4.621,4.4417,4.5114,4.5811,-0.0697000000000001,-1.5215,8159471.57,3701355.19,4.5552,10247398.508,4.5735,12320972.5569,4.1593,9455077.1676,4.3299,9387495.7825,4.2286,8491815.776,4.0711,8509505.1097
129,000725.SZ,20200623,4.6708,4.7604,4.5513,4.5811,4.5811,0.0,0.0,11431796.78,5332910.083,4.5393,10250677.006,4.5589,12465994.9108,4.1371,9367008.3771,4.3239,9351052.2558,4.2238,8455545.4378,4.0787,8524155.2107
130,000725.SZ,20200622,4.621,4.6608,4.5413,4.5811,4.5712,0.00990000000000002,0.2166,9905963.54,4585864.997,4.5274,9560846.248,4.5382,12667991.6623,4.1142,9257211.7659,4.3179,9297015.2706,4.2187,8404172.5867,4.0843,8523166.6388
131,000725.SZ,20200619,4.5314,4.5911,4.4816,4.5712,4.5314,0.0398000000000005,0.8783,10585269.47,4817393.56,4.4915,10070846.4,4.5099,13184084.7238,4.0896,9232574.1844,4.3118,9261975.2265,4.214,8368405.8144,4.0908,8587281.6231
132,000725.SZ,20200618,4.4318,4.5811,4.4218,4.5314,4.4318,0.09959999999999969,2.2474,11154491.18,5063066.45,4.4995,10004689.938,4.4839,14090269.7615,4.0598,9070049.8124,4.3055,9225766.6703,4.2091,8322163.4108,4.0973,8656023.4043
133,000725.SZ,20200617,4.5114,4.5114,4.382,4.4318,4.5214,-0.0895999999999999,-1.9817,8175864.06,3634384.717,4.5194,10330628.202,4.4364,14047683.4692,4.0302,9014958.1526,4.3001,9209673.9837,4.2045,8272864.7039,4.1019,8756582.5849
134,000725.SZ,20200616,4.5712,4.6011,4.4716,4.5214,4.4019,0.1194999999999995,2.7147,7982642.99,3631184.559,4.5891,12164336.732,4.3797,13751410.2492,4.0073,8883430.0203,4.2945,9169188.2725,4.2004,8241383.885,4.1131,8788906.2112
135,000725.SZ,20200615,4.4716,4.611,4.382,4.4019,4.611,-0.2090999999999994,-4.5348,12455964.3,5580852.49,4.601,13703286.884,4.3153,13393756.6823,3.9827,8802092.9044,4.2884,9144915.646,4.1958,8211602.1254,4.1241,8952094.6944
136,000725.SZ,20200612,4.4816,4.7007,4.4816,4.611,4.6309,-0.019899999999999807,-0.4297,10254487.16,4720677.353,4.6648,16064235.87,4.2609,12627113.9785,3.9637,8535078.2721,4.2824,9078800.2697,4.1918,8153809.3014,4.1428,9058050.0356
137,000725.SZ,20200611,4.7305,4.8002,4.5712,4.6309,4.7803,-0.14940000000000087,-3.1253,12784182.5,6033835.446,4.607,16022290.872,4.195,12052922.0554,3.9397,8329726.6444,4.2755,9026183.7394,4.1867,8109563.5102,4.1577,9182703.4495
138,000725.SZ,20200610,4.5513,4.8301,4.5015,4.7803,4.5811,0.19920000000000027,4.3483,17344406.71,8136733.846,4.5433,16277005.282,4.123,11322638.7123,3.9148,8077524.6279,4.2688,8969791.8577,4.1811,8058325.3076,4.167,9268024.3083
139,000725.SZ,20200609,4.6309,4.6708,4.5114,4.5811,4.7206,-0.13949999999999996,-2.9551,15677393.75,7201668.598,4.4298,16131158.608,4.0441,10410450.0723,3.8869,7737018.0679,4.2605,8864622.2471,4.1751,7998744.4137,4.1742,9305727.7127
140,000725.SZ,20200608,4.4517,4.7505,4.4417,4.7206,4.3222,0.39840000000000053,9.2175,24260709.23,11391894.603,4.3601,17468814.85,3.9882,9637409.44,3.8661,7508176.6359,4.2537,8772516.9194,4.1709,7930553.4759,4.1789,9237274.3189
141,000725.SZ,20200605,4.3521,4.4019,4.2425,4.3222,4.3123,0.00990000000000002,0.2296,10044762.17,4352140.588,4.1987,14736846.88,3.9246,8421396.8946,3.8389,6904692.13,4.2458,8618646.5988,4.166,7810002.5901,4.1832,9124290.5743
142,000725.SZ,20200604,4.3222,4.4019,4.2923,4.3123,4.2127,0.09959999999999969,2.3643,14057754.55,6129867.148,4.0733,13592756.886,3.8871,7985980.2223,3.8243,6753040.1729,4.2406,8563043.5699,4.1636,7778225.9348,4.1908,9164886.5891
143,000725.SZ,20200603,4.2824,4.3421,4.1728,4.2127,4.2326,-0.019899999999999807,-0.4702,16615173.34,7105618.895,3.9478,11447835.3,3.8465,7561515.9031,3.8099,6450772.5518,4.2353,8491828.6657,4.1614,7723245.2387,4.1954,9073275.0257
144,000725.SZ,20200602,3.9438,4.3023,3.9239,4.2326,3.9139,0.31869999999999976,8.1428,22365674.96,9292990.159,3.8442,8622722.462,3.8235,6875139.5138,3.7956,6049473.2874,4.2313,8391447.3818,4.1594,7649481.4236,4.2019,8955340.1388
145,000725.SZ,20200601,3.7147,3.9239,3.7048,3.9139,3.6948,0.21910000000000007,5.93,10600869.38,4100094.65,3.7486,4707585.902,3.7936,5494257.5569,3.7824,5553977.0076,4.2272,8253871.9035,4.1574,7563326.7127,4.2087,8751286.5251
146,000725.SZ,20200529,3.6749,3.7645,3.645,3.6948,3.6848,0.009999999999999787,0.2714,4324312.2,1613590.584,3.7047,3245511.834,3.7913,5055723.7346,3.7821,5350491.3524,4.2259,8202381.171,4.158,7535639.2111,4.2196,8701435.7237
147,000725.SZ,20200528,3.6948,3.7446,3.635,3.6848,3.6948,-0.009999999999999787,-0.2707,3333146.62,1232994.469,3.7167,3477840.272,3.8074,5120044.3431,3.7888,5376556.5609,4.2258,8189017.38,4.1599,7553131.0922,4.2334,8758951.2641
148,000725.SZ,20200527,3.7645,3.7645,3.6848,3.6948,3.7545,-0.05970000000000031,-1.5901,2489609.15,927296.964,3.7505,3936784.054,3.8265,5636487.1046,3.7958,5495071.7209,4.2259,8185602.4997,4.1619,7615186.4249,4.2461,8825221.0529
149,000725.SZ,20200526,3.7147,3.7645,3.7048,3.7545,3.6948,0.05970000000000031,1.6158,2789992.16,1047305.016,3.7904,5129371.452,3.838,5959129.0838,3.7991,5582975.2703,4.2262,8201277.1607,4.1637,7673952.9215,4.2589,8971998.2335
150,000725.SZ,20200525,3.7346,3.7446,3.6749,3.6948,3.7545,-0.05970000000000031,-1.5901,3290499.04,1223388.988,3.8063,5448242.106,3.838,6141832.2015,3.8029,5740385.6771,4.2254,8197366.8422,4.1656,7748031.8347,4.2675,9077120.0403
151,000725.SZ,20200522,3.8342,3.8442,3.7346,3.7545,3.8541,-0.09959999999999969,-2.5843,5485954.39,2084535.368,3.8242,6498085.978,3.8465,6480925.5062,3.8055,5947320.6794,4.2246,8192502.4018,4.1668,7785852.4761,4.2768,9231799.4789
152,000725.SZ,20200521,3.9239,3.9338,3.8243,3.8541,3.894,-0.03990000000000027,-1.0247,5627865.53,2191437.991,3.8561,6939351.156,3.8457,6756489.4585,3.8038,5966739.0768,4.2237,8176259.9063,4.1672,7820679.8209,4.2832,9179241.2737
153,000725.SZ,20200520,3.8442,3.9637,3.8143,3.894,3.8342,0.059800000000000075,1.5596,8452546.14,3314292.715,3.8541,6696619.954,3.8227,6712764.4808,3.8005,6086010.0844,4.2226,8152212.5654,4.1665,7816147.8205,4.2945,9246632.3355
154,000725.SZ,20200519,3.8243,3.8541,3.7944,3.8342,3.7844,0.049799999999999844,1.3159,4384345.43,1686430.054,3.8521,5986096.664,3.7944,6776520.5277,3.8017,5994316.7329,4.2212,8107610.0533,4.1655,7794577.3198,4.3079,9252541.3837
155,000725.SZ,20200518,3.9039,3.9039,3.7645,3.7844,3.9139,-0.12949999999999973,-3.3087,8539718.4,3278010.237,3.8661,6141323.6,3.7806,6724179.1531,3.8046,6059491.0879,4.2205,8096258.939,4.1647,7801273.6425,4.3227,9301171.0988
156,000725.SZ,20200515,3.8641,3.9736,3.8143,3.9139,3.8442,0.0697000000000001,1.8131,7692280.28,3017380.879,3.896,6442760.424,3.7729,6468599.3569,3.812,6086212.0965,4.2205,8063770.471,4.1639,7785917.6754,4.3384,9305927.0736
157,000725.SZ,20200514,3.8442,3.894,3.8342,3.8442,3.884,-0.03980000000000006,-1.0247,4414209.52,1709693.435,3.882,6241095.344,3.7607,6136690.6277,3.8125,6132035.7474,4.2193,8029590.075,4.1626,7773709.8589,4.3504,9268930.1075
158,000725.SZ,20200513,3.8641,3.9239,3.8342,3.884,3.9039,-0.01990000000000025,-0.5097,4899929.69,1903654.583,3.8641,6391279.978,3.7568,6048869.2662,3.8149,6351519.8935,4.2187,8018540.0764,4.1622,7784395.1453,4.364,9275053.9729
159,000725.SZ,20200512,3.9438,3.9537,3.8342,3.9039,3.9338,-0.029900000000000038,-0.7601,5160480.11,2010002.501,3.8481,6951036.44,3.7492,5995744.9777,3.8237,6465811.3441,4.2176,8004343.3818,4.1619,7809292.4839,4.3771,9305135.2049
160,000725.SZ,20200511,3.884,4.0135,3.8641,3.9338,3.8442,0.08960000000000035,2.3308,10046902.52,3983176.075,3.8163,7732597.572,3.7438,6042414.4823,3.8313,6643771.0903,4.2165,7988989.5312,4.1616,7816081.6059,4.3909,9339417.6288
161,000725.SZ,20200508,3.7844,3.8641,3.7745,3.8442,3.7545,0.08969999999999967,2.3891,6683954.88,2575777.734,3.7406,6735105.232,3.7392,5877020.8315,3.8366,6632100.3182,4.2151,7937892.8264,4.1618,7800253.1453,4.404,9310323.0097
162,000725.SZ,20200507,3.8243,3.8541,3.7446,3.7545,3.8043,-0.049799999999999844,-1.309,5165132.69,1964931.462,3.6769,7254589.206,3.7354,5650734.7662,3.848,6777612.585,4.2144,7910760.8373,4.1625,7831601.3778,4.4185,9314949.4563
163,000725.SZ,20200506,3.6848,3.8143,3.6649,3.8043,3.7446,0.059699999999999864,1.5943,7698712.0,2912178.415,3.657,6962344.18,3.7408,5629462.6846,3.8591,7019787.1912,4.214,7903537.1816,4.163,7828850.642,4.4348,9392268.8181
164,000725.SZ,20200430,3.5852,3.7745,3.5753,3.7446,3.5554,0.18920000000000003,5.3215,9068285.77,3368565.754,3.6331,6466037.99,3.7423,5328073.7177,3.8787,7179137.0218,4.2136,7900596.3735,4.1635,7818046.4299,4.45,9580652.5679
165,000725.SZ,20200429,3.4956,3.6151,3.4657,3.5554,3.5255,0.029900000000000038,0.8481,5059440.82,1802881.967,3.635,5327874.196,3.7408,4859051.6085,3.9036,7308327.4697,4.2146,7866463.3144,4.1645,7813021.1896,4.4622,9546910.7193
166,000725.SZ,20200428,3.6251,3.635,3.3363,3.5255,3.655,-0.12949999999999973,-3.5431,9281374.75,3256274.704,3.6828,4970492.396,3.7584,4894387.0415,3.942,7445099.4376,4.2169,7858325.5972,4.166,7819627.2898,4.4773,9605755.3087
167,000725.SZ,20200427,3.6848,3.7147,3.645,3.655,3.6848,-0.02980000000000027,-0.8087,3703907.56,1367681.485,3.7346,3956080.234,3.7875,4463693.3762,3.9857,7537255.1306,4.2197,7826333.4629,4.1678,7800297.8174,4.4931,9614609.0537
168,000725.SZ,20200424,3.7446,3.7745,3.6649,3.6848,3.7545,-0.0697000000000001,-1.8564,5217181.05,1940087.664,3.7705,4368735.456,3.8082,4579587.3554,4.0217,7790860.7894,4.2216,7833709.2223,4.1689,7827461.5074,4.5056,9673266.2284
169,000725.SZ,20200423,3.8143,3.8143,3.7446,3.7545,3.7944,-0.039899999999999824,-1.0515,3377466.8,1277863.098,3.8083,4904656.258,3.8266,4744624.3562,4.0645,7986653.6732,4.2229,7826291.9135,4.1695,7826349.6423,4.5167,9687032.2585
170,000725.SZ,20200422,3.7545,3.8043,3.7346,3.7944,3.7844,0.009999999999999787,0.2642,3272531.82,1241243.85,3.8163,4977610.104,3.8304,4906229.2046,4.1034,8159617.2715,4.2239,7857042.3442,4.17,7847877.8725,4.5272,9770918.6424
171,000725.SZ,20200421,3.8043,3.8043,3.7446,3.7844,3.8342,-0.049799999999999844,-1.2988,4209313.94,1593751.89,3.8223,5300822.866,3.8373,5280799.5254,4.1389,8397414.9794,4.2254,7875439.2177,4.1695,7869952.4149,4.5383,9883872.3388
172,000725.SZ,20200420,3.8641,3.8641,3.7645,3.8342,3.8741,-0.039899999999999824,-1.0299,5767183.67,2207080.137,3.8303,5215091.164,3.8373,5751336.0777,4.1766,8706393.6094,4.227,7896766.4828,4.1696,7885805.5425,4.5519,9984830.5705
173,000725.SZ,20200417,3.8342,3.9438,3.8342,3.8741,3.7944,0.07969999999999988,2.1005,7896785.06,3089662.91,3.8084,4655854.1,3.8266,5780489.6338,4.2127,8999738.2974,4.2284,7952692.2756,4.1688,7886889.4864,4.5638,10013890.4427
174,000725.SZ,20200416,3.7844,3.8342,3.7446,3.7944,3.8243,-0.029900000000000038,-0.7818,3742236.03,1422657.024,3.7904,4180257.378,3.8166,5917896.9208,4.2423,9317374.9053,4.2292,7984111.4564,4.1681,7901906.3133,4.5745,10036367.2759
175,000725.SZ,20200415,3.8243,3.8741,3.7944,3.8243,3.8243,0.0,0.0,4888595.63,1884136.609,3.8123,4168281.592,3.8273,6040415.0869,4.2856,9519077.8465,4.2312,8064438.4873,4.1682,7931525.1594,4.5845,10144672.0917
176,000725.SZ,20200414,3.7446,3.8243,3.7346,3.8243,3.7247,0.09960000000000013,2.674,3780655.43,1434347.525,3.8322,4232668.324,3.8358,6172082.6154,4.3304,9970053.8347,4.2317,8097727.3193,4.1687,7956759.2815,4.5956,10205082.2579
177,000725.SZ,20200413,3.7545,3.7645,3.7147,3.7247,3.7844,-0.05970000000000031,-1.5775,2970998.35,1113710.92,3.8522,4949069.65,3.8518,6608050.0969,4.3887,10458934.9953,4.2317,8150443.4321,4.1699,7967964.9533,4.6069,10325783.3777
178,000725.SZ,20200410,3.894,3.9039,3.7745,3.7844,3.9039,-0.11949999999999994,-3.061,5518801.45,2115309.968,3.8681,5450535.946,3.8679,7091072.1015,4.4476,10948126.0203,4.2317,8163575.0926,4.1717,8001200.2159,4.6191,10463497.7451
179,000725.SZ,20200409,3.9438,3.9537,3.9039,3.9039,3.9239,-0.020000000000000018,-0.5097,3682357.1,1449942.326,3.888,5975164.854,3.8787,7580138.9508,4.493,11350021.475,4.2313,8158632.9403,4.1737,8041794.7818,4.6317,10719127.5967
180,000725.SZ,20200408,3.884,3.9537,3.884,3.9239,3.9239,0.0,0.0,5210529.29,2049468.802,3.8641,7303951.258,3.9001,7972714.4823,4.5346,11835015.7379,4.2299,8171366.7379,4.1759,8085861.8503,4.638,10907264.6344
181,000725.SZ,20200407,3.9039,3.9438,3.8641,3.9239,3.8043,0.11960000000000015,3.1438,7362662.06,2891677.17,3.8183,7491081.38,3.9185,8434297.7277,4.5645,11991864.5594,4.228,8176464.1731,4.1774,8121168.5763,4.6402,10946496.0784
182,000725.SZ,20200403,3.8641,3.8741,3.7844,3.8043,3.884,-0.07969999999999988,-2.052,5478329.83,2101933.422,3.7824,7955164.926,3.933,8610254.2054,4.5973,12239637.0982,4.2264,8164425.9594,4.1795,8172475.9566,4.6412,10920679.2764
183,000725.SZ,20200402,3.7446,3.884,3.7247,3.884,3.7844,0.09959999999999969,2.6319,8141945.99,3119836.883,3.8083,7926493.398,3.966,9083565.1377,4.6292,12463493.9644,4.2262,8169576.6059,4.181,8188389.9835,4.6436,10956109.0259
184,000725.SZ,20200401,3.6848,3.884,3.6649,3.7844,3.6948,0.08960000000000035,2.425,10326289.12,3936750.371,3.8183,7618158.9,3.9851,9487959.2385,4.652,12435404.0029,4.2258,8176282.3971,4.1816,8174023.0164,4.6466,10947590.3349
185,000725.SZ,20200331,3.7844,3.7944,3.6848,3.6948,3.7446,-0.04980000000000029,-1.3299,6146179.9,2303423.717,3.8681,7442547.614,4.038,9702599.0169,4.679,12360220.7,4.2264,8148376.5124,4.1828,8165996.3171,4.6509,10935946.2879
186,000725.SZ,20200330,3.8043,3.8143,3.6649,3.7446,3.9338,-0.18920000000000003,-4.8096,9683079.79,3628961.994,3.9159,8063368.516,4.107,10265259.1015,4.7097,12387146.4068,4.2282,8156888.4067,4.1847,8180594.3493,4.6556,10945899.1472
187,000725.SZ,20200327,3.9936,4.0135,3.9338,3.9338,3.9338,0.0,0.0,5334972.19,2126565.271,3.9517,8502086.656,4.1928,10267305.8662,4.7387,12304175.2153,4.2297,8172851.7844,4.1865,8213790.7018,4.6594,10917000.8317
188,000725.SZ,20200326,4.0035,4.0135,3.9239,3.9338,4.0334,-0.09960000000000013,-2.4694,6600273.5,2623513.953,4.0015,9192260.02,4.2755,10811897.8754,4.7622,12401322.4371,4.2291,8168444.0492,4.1874,8310785.8012,4.6606,11004556.1623
189,000725.SZ,20200325,4.0135,4.0633,3.9736,4.0334,3.9338,0.09960000000000013,2.5319,9448232.69,3819669.33,4.0474,10114427.616,4.3483,11252376.8338,4.783,12451413.8276,4.2288,8163392.1511,4.1875,8358834.9339,4.6607,11011147.3107
190,000725.SZ,20200324,4.0035,4.0135,3.7944,3.9338,3.9239,0.00990000000000002,0.2523,9250284.41,3630852.736,4.0633,10154800.332,4.4333,11438985.0192,4.8011,12570521.6218,4.228,8154855.9529,4.1859,8346826.5149,4.6586,10943375.0545
191,000725.SZ,20200323,3.9936,4.0533,3.8541,3.9239,4.1828,-0.25890000000000013,-6.1896,11876670.49,4721849.703,4.1231,10631017.84,4.5214,11439596.1523,4.8149,12612399.3647,4.2271,8133505.8651,4.1846,8340944.0418,4.6579,10913212.4151
192,000725.SZ,20200320,4.2127,4.2226,4.0732,4.1828,4.1629,0.019900000000000695,0.478,8785839.01,3652453.861,4.1649,10935497.602,4.6041,11399671.7985,4.8287,12701069.5544,4.2264,8092797.6944,4.1829,8299766.6127,4.6566,10818766.4839
193,000725.SZ,20200319,4.1131,4.2127,3.9936,4.1629,4.1131,0.0497999999999994,1.2108,11211111.48,4617244.945,4.2226,11801651.048,4.6723,11855729.3638,4.8301,12488076.9071,4.2241,8089386.1122,4.1798,8292213.6919,4.6525,10789636.5343
194,000725.SZ,20200318,4.2525,4.3322,4.0932,4.1131,4.2326,-0.1194999999999995,-2.8233,9650096.27,4099022.496,4.3083,12251580.952,4.7413,12204174.87,4.8459,12472520.5447,4.2214,8046456.6981,4.1762,8249080.0407,4.6482,10810976.9468
195,000725.SZ,20200317,4.1728,4.2824,4.0434,4.2326,4.133,0.09959999999999969,2.4099,11631371.95,4885718.436,4.4577,12263499.244,4.8002,12900046.6746,4.8691,12450333.1474,4.2195,8028162.5413,4.1727,8226182.7253,4.6426,10737423.0352
196,000725.SZ,20200316,4.4816,4.4816,4.1031,4.133,4.4716,-0.33859999999999957,-7.5722,13399069.3,5763378.683,4.613,12420158.516,4.8799,12820720.8346,4.8902,12344456.7388,4.2158,7996021.9686,4.1691,8175412.7062,4.6347,10626400.236
197,000725.SZ,20200313,4.2824,4.5811,4.2127,4.4716,4.5911,-0.11950000000000038,-2.6029,13116606.24,5775659.455,4.7624,12205644.648,4.9734,13345544.6754,4.9145,12212025.7744,4.2136,7950809.6299,4.1661,8125847.7247,4.6283,10486518.2905
198,000725.SZ,20200312,4.7206,4.7604,4.5114,4.5911,4.86,-0.26890000000000036,-5.5329,13460761.0,6278553.525,4.8959,11957151.22,5.076,13906006.8792,4.9244,11970875.8209,4.2082,7901044.1017,4.1615,8098590.3473,4.6173,10350451.5903
199,000725.SZ,20200311,5.0193,5.0293,4.85,4.86,5.0094,-0.14939999999999998,-2.9824,9709687.73,4797280.218,4.9935,11116644.848,5.1634,14378524.7408,4.9326,11718309.3041,4.2024,7880029.2947,4.1564,8121939.8917,4.6056,10219647.7224
200,000725.SZ,20200310,4.7903,5.0094,4.7505,5.0094,4.8799,0.12950000000000017,2.6537,12414668.31,6103572.114,5.0213,11446238.08,5.1994,15107260.0623,4.9326,11643201.4912,4.1951,7873349.6649,4.1499,8160014.3823,4.5902,10154987.8485
201,000725.SZ,20200309,4.9795,5.0293,4.85,4.8799,5.1389,-0.25899999999999945,-5.04,12326499.96,6111066.141,5.0333,11906221.89,5.2231,15703990.3492,4.9306,11505466.0085,4.1875,7850700.3173,4.1405,8103358.9892,4.5724,10061075.4361
202,000725.SZ,20200306,4.9994,5.2584,4.9596,5.1389,5.0791,0.05979999999999919,1.1774,11874139.1,6116909.327,5.0691,12589102.51,5.2277,15566827.9846,4.9318,11374239.7182,4.1815,7804505.2756,4.132,8049710.1333,4.5572,10014550.6941
203,000725.SZ,20200305,5.1289,5.1687,5.0193,5.0791,4.9994,0.07970000000000077,1.5942,9258229.14,4719468.604,5.0173,13953560.636,5.2201,15867811.7754,4.9256,11231792.6379,4.1739,7781683.1828,4.1218,7994096.7709,4.5371,9887507.7948
204,000725.SZ,20200304,4.9795,5.0393,4.8301,4.9994,5.0691,-0.0697000000000001,-1.375,11357653.89,5625990.63,5.0552,14221942.014,5.2055,16162522.0938,4.9227,11281964.8641,4.1672,7803357.1686,4.1118,7955189.42,4.5179,9823896.5365
205,000725.SZ,20200303,5.1687,5.2882,4.9994,5.0691,5.0592,0.00990000000000002,0.1957,14714587.36,7620929.811,5.1249,15994767.082,5.1795,15841693.8946,4.9209,11589901.3153,4.1622,7801774.0976,4.1026,7903898.3071,4.4986,9711599.1528
206,000725.SZ,20200302,4.9795,5.1488,4.9198,5.0592,4.8799,0.17929999999999957,3.6743,15740903.06,7966407.609,5.2723,17132372.588,5.1511,15307499.2377,4.9089,11349403.0732,4.156,7777210.0603,4.0932,7854339.0949,4.4792,9551107.4121
207,000725.SZ,20200228,4.9795,5.0691,4.8301,4.8799,5.2683,-0.38839999999999986,-7.3724,18696429.73,9286087.466,5.4057,17904890.616,5.1266,14639864.6892,4.8981,11165046.6603,4.1506,7779242.7427,4.0836,7785920.4658,4.4606,9403412.0584
208,000725.SZ,20200227,5.3679,5.4476,5.2285,5.2683,5.348,-0.07969999999999988,-1.4903,10600136.03,5670584.444,5.4954,18002254.052,5.1151,13729528.5008,4.8931,10907663.5985,4.1448,7706127.2611,4.0746,7696966.0172,4.4433,9183459.4324
209,000725.SZ,20200226,5.6567,5.6966,5.2484,5.348,5.8061,-0.45809999999999995,-7.89,20221779.23,11136219.692,5.5053,19916659.254,5.0737,13578593.2469,4.8732,10834224.1759,4.1359,7672195.2648,4.0632,7645668.051,4.421,9074313.9728
210,000725.SZ,20200225,5.577,5.826,5.4177,5.8061,5.7264,0.07969999999999988,1.3918,20402614.89,11613838.713,5.4237,17980981.252,5.0193,12661793.3662,4.8489,10423278.7076,4.1265,7594056.3599,4.0514,7536603.0004,4.3975,8832735.3572
211,000725.SZ,20200224,5.4675,5.7464,5.3978,5.7264,5.3281,0.3982999999999999,7.4755,19603493.2,10977999.31,5.2703,17057843.95,4.9305,12130661.2738,4.8117,10107582.5518,4.114,7512185.7519,4.037,7431724.5192,4.3678,8587872.8388
212,000725.SZ,20200221,5.4277,5.6268,5.3181,5.3281,5.3181,0.009999999999999787,0.188,19183246.91,10468709.476,5.103,15755037.966,4.8286,11443787.0023,4.7792,9876422.7238,4.1024,7482253.6003,4.0234,7331383.1183,4.3388,8377197.0408
213,000725.SZ,20200220,4.9895,5.3779,4.9397,5.3181,4.9397,0.37840000000000007,7.6604,20172162.04,10457039.202,4.9696,13355766.044,4.7566,11113649.3123,4.7639,9658714.9124,4.0938,7499919.5523,4.0122,7237341.5858,4.3161,8150223.9948
214,000725.SZ,20200219,5.0691,5.109,4.9397,4.9397,5.0393,-0.09959999999999969,-1.9765,10543389.22,5305803.335,4.8461,10875345.0,4.6731,9680720.6169,4.7464,9299141.7371,4.0843,7462061.3223,4.0013,7156852.6098,4.2938,7915325.9153
215,000725.SZ,20200218,4.8998,5.0891,4.86,5.0393,4.8899,0.14939999999999998,3.0553,15786928.38,7887316.975,4.8062,10178997.942,4.6547,9691397.9969,4.7387,9270881.6879,4.0761,7440362.8547,3.992,7115064.6078,4.2776,7817230.1111
216,000725.SZ,20200217,4.6608,4.9198,4.6509,4.8899,4.6608,0.22909999999999986,4.9155,13089463.28,6297370.988,4.7445,8394024.122,4.644,9161305.4108,4.7241,9155533.7126,4.0669,7388065.758,3.9818,7038875.675,4.2595,7638736.75
217,000725.SZ,20200214,4.6807,4.7405,4.621,4.6608,4.7007,-0.03990000000000027,-0.8488,7186887.3,3372674.651,4.7126,7503727.012,4.6486,8772237.0092,4.7174,9047589.4424,4.0582,7331317.2974,3.9728,6976370.7756,4.2436,7502095.9576
218,000725.SZ,20200213,4.7206,4.7803,4.6509,4.7007,4.7405,-0.03979999999999961,-0.8396,7770056.82,3668883.11,4.7086,7727025.708,4.6715,8903739.2562,4.7176,9213658.6224,4.0513,7333556.937,3.965,6954404.303,4.2313,7469560.9315
219,000725.SZ,20200212,4.6907,4.7505,4.6409,4.7405,4.7305,0.009999999999999787,0.2114,7061653.93,3328113.389,4.6987,8872593.882,4.68,8684312.41,4.7159,9376291.5365,4.0434,7306831.0176,3.9575,6924898.2709,4.2172,7395652.2577
220,000725.SZ,20200211,4.7106,4.7903,4.6708,4.7305,4.7305,0.0,0.0,6862059.28,3263428.811,4.6309,9595088.63,4.6899,8515992.8331,4.7156,9894802.9009,4.0348,7297933.7678,3.9497,6902841.5379,4.2018,7336030.4671
221,000725.SZ,20200210,4.5811,4.8301,4.5612,4.7305,4.6409,0.0895999999999999,1.9307,8637977.73,4085855.392,4.5632,11200968.162,4.6999,8538605.3569,4.705,10216290.42,4.0272,7271469.7363,3.9422,6895878.6626,4.187,7286496.8104
222,000725.SZ,20200207,4.6309,4.6807,4.5513,4.6409,4.6509,-0.009999999999999787,-0.215,8303380.78,3855046.625,4.4636,9782190.416,4.716,8468888.7546,4.6863,10202023.0629,4.0195,7246362.8591,3.9343,6863284.3544,4.1731,7200191.0867
223,000725.SZ,20200206,4.382,4.6807,4.3123,4.6509,4.4019,0.24899999999999967,5.6566,13497897.69,6174726.92,4.4756,10257953.292,4.7374,8435152.24,4.6673,10117406.0374,4.0129,7247798.4749,3.9272,6841754.5,4.1606,7116543.1349
224,000725.SZ,20200205,4.372,4.5413,4.3521,4.4019,4.3919,0.010000000000000675,0.2277,10674127.67,4763540.244,4.5254,9337518.706,4.7589,7937693.8308,4.6476,9959690.2535,4.0065,7274943.866,3.9203,6794858.1247,4.1483,6973234.9652
225,000725.SZ,20200204,4.0135,4.4318,4.0135,4.3919,4.2326,0.1593,3.7636,14891456.94,6406117.176,4.6349,8809007.984,4.8033,7959998.2277,4.6391,9866423.0918,4.0021,7312931.0117,3.914,6744337.2922,4.14,6882398.3164
226,000725.SZ,20200203,4.2326,4.2326,4.2326,4.2326,4.7007,-0.4681000000000006,-9.9581,1544089.0,656237.825,4.7485,7609999.898,4.8455,8493539.4808,4.6307,9706468.0521,3.9954,7229239.6917,3.9078,6679505.5114,4.1314,6720782.934
227,000725.SZ,20200123,4.7903,4.9397,4.5911,4.7007,4.8998,-0.1990999999999996,-4.0634,10682195.16,5108272.033,4.864,8284683.662,4.8784,8877659.3369,4.6254,9863778.5035,3.9899,7241154.6522,3.9032,6700179.3867,4.125,6737835.2103
228,000725.SZ,20200122,4.9496,4.9596,4.7305,4.8998,4.9496,-0.04980000000000029,-1.0061,8895724.76,4330700.981,4.8978,7122944.516,4.8776,8784627.7877,4.6055,9770646.4732,3.9809,7184163.5808,3.8956,6675224.7589,4.1121,6633480.6837
229,000725.SZ,20200121,4.9795,5.0094,4.9098,4.9496,4.9596,-0.009999999999999787,-0.2016,8031574.06,4005605.391,4.8899,6775003.982,4.8631,8865372.47,4.5797,9859055.215,3.9705,7141018.8729,3.8864,6650851.847,4.0966,6554198.0285
230,000725.SZ,20200120,4.7903,4.9795,4.7704,4.9596,4.8102,0.14939999999999998,3.1059,8896416.51,4374171.42,4.8879,6715021.55,4.8355,8870881.8238,4.5501,9831497.4376,3.96,7103920.8295,3.8765,6631337.7393,4.0804,6482963.4015
231,000725.SZ,20200117,4.8799,4.8899,4.7903,4.8102,4.87,-0.059800000000000075,-1.2279,4917507.82,2388501.348,4.8799,6508699.466,4.8018,8667283.1162,4.5182,9698229.7015,3.9497,7086161.5516,3.8672,6596956.5535,4.0642,6401370.494
232,000725.SZ,20200116,4.8799,4.9098,4.8202,4.87,4.86,0.009999999999999787,0.2058,4873499.43,2378049.782,4.9038,6931385.576,4.7811,9032778.3292,4.4909,9759129.0729,3.9401,7081027.1553,3.8587,6587273.8945,4.0493,6390802.74
233,000725.SZ,20200115,4.9098,4.9098,4.8002,4.86,4.9397,-0.07969999999999988,-1.6135,7156022.09,3476076.827,4.9257,8149502.656,4.7619,9561282.9154,4.4602,9756768.0794,3.9297,7072621.7975,3.8497,6574434.1233,4.0345,6422825.8893
234,000725.SZ,20200114,4.8998,4.9994,4.87,4.9397,4.9198,0.019899999999999807,0.4045,7731661.9,3834915.414,4.9417,11083796.884,4.7581,9917064.3946,4.4312,9740446.6294,3.9191,7036335.3924,3.8409,6557989.6376,4.0214,6382787.2651
235,000725.SZ,20200113,4.9198,4.9297,4.8002,4.9198,4.9297,-0.00990000000000002,-0.2008,7864806.09,3845497.21,4.8859,10844993.93,4.7413,9933603.7931,4.399,9889857.8212,3.9081,6995072.3631,3.8321,6548866.2762,4.0074,6331533.2335
236,000725.SZ,20200110,5.0094,5.0293,4.86,4.9297,4.9795,-0.0497999999999994,-1.0001,7030938.37,3467765.356,4.8401,11166589.716,4.7229,10065737.7515,4.3629,9780115.0803,3.8974,6959053.9289,3.823,6525639.9436,3.9941,6288995.9179
237,000725.SZ,20200109,5.0393,5.099,4.9098,4.9795,4.9397,0.03979999999999961,0.8057,10964084.83,5495429.974,4.7963,11749483.168,4.693,10437596.1246,4.3248,9670518.7168,3.8869,6928601.5544,3.814,6522365.4113,3.9808,6258796.9651
238,000725.SZ,20200108,4.8002,5.109,4.7704,4.9397,4.6608,0.27890000000000015,5.984,21827493.23,10757770.424,4.7186,11177305.334,4.6685,10318770.9908,4.2859,9433572.7921,3.8762,6875310.8814,3.8043,6486206.4667,3.9661,6167930.3485
239,000725.SZ,20200107,4.7106,4.7505,4.6309,4.6608,4.6907,-0.029899999999999594,-0.6374,6537647.13,3072428.716,4.6349,8061733.35,4.6478,9626905.3131,4.2478,8877223.1006,3.866,6769352.7693,3.7944,6407777.0082,3.9521,5980970.8231
240,000725.SZ,20200106,4.6509,4.7803,4.611,4.6907,4.7106,-0.019900000000000695,-0.4225,9472785.02,4471327.996,4.611,8687993.042,4.6463,10147053.68,4.22,8792306.1529,3.8571,6748127.5593,3.7879,6393525.6172,3.9435,5972757.9493
241,000725.SZ,20200103,4.6011,4.7405,4.5712,4.7106,4.5911,0.11950000000000038,2.6029,9945405.63,4667172.017,4.5971,9142247.848,4.6493,11317688.7031,4.191,8656641.805,3.8475,6702559.599,3.781,6397568.7247,3.9345,5943526.684
242,000725.SZ,20200102,4.5513,4.6509,4.5314,4.5911,4.5214,0.0697000000000001,1.5416,8103195.66,3740718.881,4.617,9509402.986,4.6233,11921321.7262,4.1605,8522107.4447,3.8382,6651036.8882,3.7754,6372272.4014,3.9254,5995194.58
243,000725.SZ,20191231,4.5413,4.6011,4.4816,4.5214,4.5413,-0.019899999999999807,-0.4382,6249633.31,2843637.287,4.6429,9478098.67,4.585,11925144.1823,4.1356,8543694.1697,3.8296,6618893.5394,3.7709,6387986.2812,3.9175,6052767.2657
244,000725.SZ,20191230,4.5413,4.5712,4.4019,4.5413,4.621,-0.07970000000000077,-1.7247,9668945.59,4366782.829,4.6748,10144681.518,4.5444,11861818.69,4.1093,8428879.1209,3.822,6594823.429,3.7679,6443621.2539,3.9116,6173563.2013
245,000725.SZ,20191227,4.8301,4.8301,4.5911,4.621,4.8102,-0.1891999999999996,-3.9333,11744059.05,5535803.934,4.6748,10583911.844,4.5015,11743866.0323,4.0829,8276480.2732,3.8142,6550831.2099,3.7636,6417281.2011,3.903,6173739.7593
246,000725.SZ,20191226,4.7604,4.87,4.7106,4.8102,4.7206,0.0895999999999999,1.8981,11781181.32,5670161.331,4.6827,10118971.652,4.4624,11417634.1185,4.0513,8017400.5985,3.8061,6508756.7259,3.7594,6390269.9515,3.8924,6168775.9809
247,000725.SZ,20191225,4.6509,4.7604,4.6309,4.7206,4.6807,0.03990000000000027,0.8524,7946674.08,3740227.994,4.6548,10329383.272,4.408,11238542.1392,4.0161,7749651.3482,3.7964,6448675.881,3.754,6349040.5864,3.8779,6076519.6628
248,000725.SZ,20191224,4.5811,4.7007,4.4616,4.6807,4.5413,0.1394000000000002,3.0696,9582547.55,4410735.133,4.6389,11399963.636,4.3567,11157462.9292,3.9851,7653094.8026,3.7875,6425885.3344,3.7491,6338067.8263,3.8646,6034659.0953
249,000725.SZ,20191223,4.7405,4.7903,4.5214,4.5413,4.6608,-0.11950000000000038,-2.5639,11865097.22,5560483.237,4.6489,14421662.19,4.3061,10998475.1277,3.9529,7435960.5447,3.7791,6398037.1588,3.7447,6357718.1652,3.8516,5980438.7808
250,000725.SZ,20191220,4.6907,4.8102,4.6409,4.6608,4.6708,-0.009999999999999787,-0.2141,9419358.09,4467357.138,4.615,15607169.732,4.2663,11001284.7246,3.925,7157993.7606,3.7707,6330474.7266,3.7406,6325479.8279,3.8397,5901498.284
251,000725.SZ,20191219,4.6708,4.7903,4.6011,4.6708,4.6409,0.029899999999999594,0.6443,12833239.42,6055358.307,4.5015,15353875.632,4.2111,10822457.92,3.8934,6942818.0244,3.7617,6292388.1148,3.7354,6301485.7739,3.8269,5850962.3
252,000725.SZ,20191218,4.7305,4.7505,4.6011,4.6409,4.7305,-0.0895999999999999,-1.8941,13299575.9,6218775.925,4.366,13872508.13,4.1498,10171079.0015,3.8612,6625308.8065,3.7532,6238254.3267,3.7301,6244854.8328,3.8148,5762786.08
253,000725.SZ,20191217,4.362,4.8102,4.3322,4.7305,4.372,0.35850000000000026,8.1999,24691040.32,11456030.375,4.2346,12839705.158,4.0916,9685579.8131,3.8292,6345992.1138,3.7447,6190791.0431,3.7251,6199313.1949,3.8041,5706892.8003
254,000725.SZ,20191216,4.1927,4.4218,4.1927,4.372,4.0932,0.2787999999999995,6.8113,17792634.93,7720566.945,4.1111,9402105.928,4.0219,8154978.6846,3.7967,5683322.3532,3.7351,6052497.0314,3.72,6104035.976,3.7925,5461783.4856
255,000725.SZ,20191213,4.0533,4.1131,4.0135,4.0932,3.9936,0.09960000000000058,2.494,8152887.59,3330182.192,4.0573,7734176.06,3.9836,7294090.8277,3.7753,5235150.9165,3.7275,5961809.9129,3.7168,6027370.8038,3.787,5322840.2557
256,000725.SZ,20191212,3.9936,4.0434,3.9736,3.9936,3.9836,0.009999999999999787,0.251,5426401.91,2187396.427,4.0493,7482127.412,3.9645,7652456.5838,3.7645,5089071.9844,3.7226,5926623.1665,3.7152,6037463.5492,3.7852,5373892.5035
257,000725.SZ,20191211,4.1031,4.1031,3.9637,3.9836,4.1131,-0.12950000000000017,-3.1485,8135561.04,3280377.773,4.0553,7899988.256,3.9415,7553006.66,3.7554,5000057.9959,3.7183,5911725.5035,3.7149,6054959.5563,3.7834,5364210.5891
258,000725.SZ,20191210,4.0732,4.1131,4.0234,4.1131,4.1031,0.009999999999999787,0.2437,7503044.17,3065670.218,4.0633,8653200.444,3.9147,7181399.0423,3.7469,4844347.4903,3.7138,5874003.3997,3.7145,6048454.4002,3.782,5334040.4441
259,000725.SZ,20191209,4.1131,4.1529,4.0633,4.1031,4.0533,0.04980000000000029,1.2286,9452985.59,3908280.308,4.0294,8571513.536,3.8794,6827928.2131,3.7358,4763280.3188,3.7087,5852294.0931,3.7133,6051831.6213,3.7794,5343586.7905
260,000725.SZ,20191206,4.0234,4.1031,4.0135,4.0533,4.0234,0.029900000000000482,0.7432,6892644.35,2810970.559,3.9836,7553979.114,3.8442,6324744.9923,3.7223,4550748.5747,3.7042,5829633.178,3.7125,6061519.9533,3.7754,5299891.9395
261,000725.SZ,20191205,4.0234,4.0633,3.9736,4.0234,4.0234,0.0,0.0,7515706.13,3033206.5,3.9497,7573067.534,3.8181,6075347.0354,3.7086,4424200.7888,3.6995,5809125.6192,3.7113,6073119.1846,3.7725,5288185.9336
262,000725.SZ,20191204,3.9338,4.0932,3.9139,4.0234,3.9438,0.07959999999999967,2.0184,11901621.98,4815838.503,3.9099,7028571.438,3.7936,5871077.1169,3.6968,4295710.4624,3.6952,5801916.149,3.7098,6070024.7866,3.7701,5298570.8008
263,000725.SZ,20191203,3.8442,3.9438,3.8342,3.9438,3.8741,0.0697000000000001,1.7991,7094609.63,2788628.253,3.8801,5968465.6,3.7668,5368739.84,3.6869,4009340.6526,3.6905,5752968.9351,3.7082,6041297.8205,3.7669,5206939.5191
264,000725.SZ,20191202,3.9239,3.9338,3.8541,3.8741,3.884,-0.00990000000000002,-0.2549,4365313.48,1703950.731,3.8601,7111872.158,3.7515,5502780.9692,3.6799,3860375.2047,3.6859,5763234.9428,3.7073,6073191.5559,3.7654,5205887.8933
265,000725.SZ,20191129,3.8243,3.9338,3.8243,3.884,3.8243,0.059699999999999864,1.5611,6988086.45,2727733.102,3.8243,7065520.042,3.7323,5347443.1362,3.6755,3812859.66,3.6836,5761595.0024,3.7081,6133404.5956,3.7632,5241058.7733
266,000725.SZ,20191128,3.8641,3.9239,3.8143,3.8243,3.8741,-0.049799999999999844,-1.2855,4793225.65,1860724.536,3.7745,6328835.154,3.714,5155081.4685,3.6725,3720897.6765,3.6811,5783594.8895,3.7089,6185170.9662,3.7623,5239730.8543
267,000725.SZ,20191127,3.8143,3.894,3.7944,3.8741,3.8442,0.029900000000000038,0.7778,6601092.79,2557369.833,3.7406,5951774.702,3.6925,5012167.9654,3.6702,3661399.9591,3.6808,5789685.871,3.7092,6213960.7468,3.7605,5255159.4481
268,000725.SZ,20191126,3.7247,3.9338,3.7247,3.8442,3.6948,0.14939999999999998,4.0435,12811642.42,4941474.04,3.6948,5213876.888,3.6726,4710369.0438,3.6667,3550279.8688,3.6804,5818559.1249,3.7091,6221479.3022,3.7588,5306273.2615
269,000725.SZ,20191125,3.635,3.7048,3.5952,3.6948,3.635,0.059800000000000075,1.6451,4133552.9,1522029.971,3.6689,3381642.586,3.6588,4083608.2062,3.6635,3257455.2585,3.6817,5838283.4393,3.7094,6220212.0523,3.7584,5252088.9763
270,000725.SZ,20191122,3.645,3.7048,3.6151,3.635,3.655,-0.020000000000000018,-0.5472,3304662.01,1212888.779,3.6709,3526971.444,3.6504,3934872.0431,3.6646,3222630.9268,3.6825,5845810.6876,3.7102,6260809.8227,3.7613,5319017.1011
271,000725.SZ,20191121,3.6151,3.6848,3.6052,3.655,3.645,0.009999999999999787,0.2743,2907923.39,1067743.533,3.6789,3940286.518,3.6473,3866377.0085,3.6676,3204522.545,3.6843,5872716.9089,3.711,6289181.2543,3.7665,5350613.7937
272,000725.SZ,20191120,3.6948,3.7048,3.635,3.645,3.7147,-0.0697000000000001,-1.8763,2911603.72,1070573.23,3.6968,5126130.702,3.6419,3804489.2908,3.6702,3200670.3409,3.686,5885949.5147,3.7116,6341924.5798,3.7715,5426344.9183
273,000725.SZ,20191119,3.6848,3.7247,3.645,3.7147,3.7048,0.00990000000000002,0.2672,3650470.91,1348246.576,3.6928,5012994.288,3.6366,3737283.3131,3.6717,3236356.2982,3.6878,5908037.5278,3.713,6409971.6586,3.7778,5552580.6433
274,000725.SZ,20191118,3.7147,3.7645,3.6749,3.7048,3.6749,0.029900000000000038,0.8136,4860197.19,1815885.726,3.6789,5180377.06,3.6243,3749001.5777,3.6728,3342967.0253,3.6894,5972294.3606,3.7151,6480332.8069,3.7854,5652303.5868
275,000725.SZ,20191115,3.7346,3.7844,3.6649,3.6749,3.7446,-0.0697000000000001,-1.8613,5371237.38,2007466.616,3.647,4795407.644,3.6182,3541314.7523,3.6781,3322170.7924,3.6903,5983104.2289,3.7174,6558374.7889,3.7917,5736532.504
276,000725.SZ,20191114,3.6151,3.7745,3.6052,3.7446,3.6251,0.11949999999999994,3.2965,8837144.31,3308338.733,3.635,4256701.53,3.6159,3324666.1908,3.6842,3278534.6791,3.691,5983056.4899,3.7191,6642723.8089,3.7997,5878697.4633
277,000725.SZ,20191113,3.635,3.645,3.5952,3.6251,3.645,-0.019899999999999807,-0.546,2345921.65,852734.153,3.6191,3422022.974,3.6144,2889978.4669,3.6895,3156104.1824,3.6913,5944344.4486,3.7215,6710832.7349,3.8038,5869772.8776
278,000725.SZ,20191112,3.5653,3.645,3.5653,3.645,3.5454,0.09960000000000013,2.8093,4487384.77,1626364.969,3.6111,3392835.2,3.6189,2894132.6708,3.6986,3227283.4547,3.6924,5966963.3197,3.7252,6880527.1173,3.8086,5914679.6364
279,000725.SZ,20191111,3.5952,3.5952,3.5355,3.5454,3.6151,-0.0697000000000001,-1.928,2935350.11,1046893.911,3.6012,2978203.558,3.6228,2767518.7538,3.7053,3217333.5671,3.694,5995448.0806,3.7294,6964238.813,3.8132,5974444.8652
280,000725.SZ,20191108,3.6848,3.6948,3.6151,3.6151,3.6649,-0.049799999999999844,-1.3588,2677706.81,978886.679,3.6091,2811810.148,3.6373,2906858.0023,3.7156,3360574.1174,3.696,6008648.5717,3.7337,7089346.2517,3.8195,6050150.1616
281,000725.SZ,20191107,3.5753,3.6649,3.5653,3.6649,3.5852,0.07969999999999988,2.223,4663751.53,1702371.939,3.6012,2683853.988,3.6396,2872181.0392,3.7273,3455985.1406,3.6975,6058515.6185,3.7373,7184518.7782,3.8253,6218357.5823
282,000725.SZ,20191106,3.6052,3.6151,3.5753,3.5852,3.5952,-0.010000000000000231,-0.2781,2199982.78,794318.298,3.5793,2511665.352,3.6335,2712663.2008,3.7376,3532946.5697,3.6993,6084345.3101,3.7394,7261410.1332,3.831,6445869.4819
283,000725.SZ,20191105,3.5852,3.6052,3.5454,3.5952,3.5852,0.010000000000000231,0.2789,2414226.56,868086.503,3.5872,2503722.488,3.6366,2785513.3738,3.7507,3874726.4241,3.7016,6117930.0801,3.7424,7422497.4166,3.8358,6612810.7371
284,000725.SZ,20191104,3.5852,3.6251,3.5753,3.5852,3.5753,0.00990000000000002,0.2769,2103383.06,759314.277,3.5972,2531838.392,3.6435,2766345.8269,3.7625,4169047.6162,3.7039,6157232.6355,3.7468,7646961.1904,3.8381,6679538.5147
285,000725.SZ,20191101,3.5454,3.5952,3.5255,3.5753,3.5554,0.019899999999999807,0.5597,2037926.01,730116.158,3.6251,2748402.56,3.6527,2760684.3915,3.7771,4557457.7756,3.7065,6219641.876,3.75,7778906.8662,3.8398,6761575.36
286,000725.SZ,20191031,3.5753,3.5753,3.5255,3.5554,3.6251,-0.0697000000000001,-1.9227,3802808.35,1355605.468,3.647,2820802.618,3.6642,2815442.7723,3.7865,4782288.9941,3.7084,6266968.1846,3.7512,7861810.601,3.8406,6799972.146
287,000725.SZ,20191030,3.635,3.645,3.5852,3.6251,3.645,-0.019899999999999807,-0.546,2160268.46,783372.298,3.6749,2628521.718,3.6818,2819948.2077,3.7944,5004905.68,3.7099,6289120.5771,3.752,7962399.8804,3.8421,6849393.3067
288,000725.SZ,20191029,3.7147,3.7147,3.635,3.645,3.7247,-0.07969999999999988,-2.1398,2554806.08,940871.426,3.6968,3145820.094,3.691,2866873.9615,3.7973,5084367.1212,3.7108,6323054.5788,3.7529,8086797.9974,3.8411,6872876.7195
289,000725.SZ,20191028,3.6948,3.7247,3.6749,3.7247,3.6848,0.039899999999999824,1.0828,3186203.9,1184943.139,3.6968,3080240.136,3.6994,2887505.0108,3.7997,5150611.9871,3.7119,6392011.8345,3.7533,8212050.986,3.8393,6915885.3047
290,000725.SZ,20191025,3.7048,3.7048,3.635,3.6848,3.6948,-0.009999999999999787,-0.2707,2399926.3,884564.993,3.6689,2961003.282,3.7001,2862074.3777,3.7991,5219136.1065,3.7138,6470866.788,3.7534,8387130.7618,3.8381,6914085.7691
291,000725.SZ,20191024,3.6948,3.7346,3.6749,3.6948,3.7346,-0.03980000000000006,-1.0657,2841403.85,1056256.432,3.6569,3110425.028,3.704,2904351.2485,3.7979,5323390.0376,3.7161,6563482.599,3.7525,8531370.3412,3.8373,6949054.584
292,000725.SZ,20191023,3.645,3.8243,3.6052,3.7346,3.645,0.0895999999999999,2.4582,4746760.34,1766744.367,3.6549,2975153.948,3.707,2892626.1085,3.7982,5405382.8447,3.7174,6610824.9234,3.7513,8750686.0942,3.8371,7024637.3255
293,000725.SZ,20191022,3.6052,3.655,3.5952,3.645,3.5852,0.059800000000000075,1.668,2226906.29,812419.876,3.649,2431758.76,3.7078,2741102.1169,3.7991,5448714.0971,3.7182,6632526.0923,3.7485,8814708.306,3.8371,7193438.3076
294,000725.SZ,20191021,3.6251,3.635,3.5255,3.5852,3.6251,-0.03990000000000027,-1.1007,2590019.63,928831.944,3.6649,2536334.494,3.7116,2887103.6538,3.8046,5651086.8509,3.72,6704543.9457,3.7445,8924063.5804,3.8387,7379003.2457
295,000725.SZ,20191018,3.6749,3.6948,3.6151,3.6251,3.6848,-0.059699999999999864,-1.6202,3147035.03,1154455.042,3.7048,2790606.37,3.7247,3247504.8846,3.8128,5760434.5594,3.7217,6762908.9212,3.7393,8947550.247,3.8366,7382335.0756
296,000725.SZ,20191017,3.7048,3.7147,3.6749,3.6848,3.7048,-0.020000000000000018,-0.5398,2165048.45,803075.638,3.7287,2715260.016,3.7446,3324896.4415,3.8225,5884695.0788,3.7227,6797300.5803,3.7332,8945332.8365,3.8342,7383839.186
297,000725.SZ,20191016,3.7346,3.7446,3.6948,3.7048,3.7247,-0.019899999999999807,-0.5343,2029784.4,756666.803,3.7426,2846852.27,3.7599,3457401.14,3.8307,6173423.2471,3.7232,6864359.5869,3.7263,8953073.3736,3.8305,7387978.2849
298,000725.SZ,20191015,3.7844,3.7844,3.7147,3.7247,3.7844,-0.05970000000000031,-1.5775,2749784.96,1030625.695,3.7486,3012016.524,3.7768,3660841.3723,3.8351,6251966.5979,3.7244,6950344.14,3.7196,8949762.9927,3.8264,7396686.3173
299,000725.SZ,20191014,3.7844,3.8143,3.7745,3.7844,3.7446,0.03980000000000006,1.0629,3861379.01,1471017.421,3.7505,3051964.656,3.7928,3815936.1377,3.8398,6343819.9865,3.7268,7039175.5289,3.7128,8947902.3272,3.8225,7395881.9287
300,000725.SZ,20191011,3.7745,3.7745,3.7048,3.7446,3.7545,-0.00990000000000002,-0.2637,2770303.26,1040286.468,3.7406,2817484.26,3.7997,3838067.6438,3.8436,6471985.9024,3.7289,7137702.7035,3.7059,8940254.6282,3.8186,7428917.9484
301,000725.SZ,20191010,3.7346,3.7745,3.7048,3.7545,3.7346,0.01990000000000025,0.5329,2823009.72,1062174.642,3.7406,2818813.298,3.8112,4225392.6869,3.8454,6572149.6818,3.7305,7254757.6931,3.6992,8937269.9528,3.8143,7447689.3016
302,000725.SZ,20191009,3.7048,3.7346,3.6649,3.7346,3.7346,0.0,0.0,2855605.67,1060096.35,3.7286,3079196.608,3.8312,4463752.0623,3.8477,6666022.7462,3.7332,7376455.909,3.6925,8934551.8066,3.8091,7458890.8775
303,000725.SZ,20191008,3.7645,3.7944,3.7346,3.7346,3.7346,0.0,0.0,2949525.62,1114647.246,3.7326,3963122.6,3.8526,4804123.9431,3.8509,6825992.3197,3.7367,7572071.6492,3.6858,8929367.4617,3.8038,7446559.8652
304,000725.SZ,20190930,3.7247,3.8043,3.7247,3.7346,3.7446,-0.010000000000000231,-0.2671,2688977.03,1016568.386,3.7625,4203842.53,3.8756,5640352.5746,3.8524,6887161.4441,3.7411,7680996.2028,3.6793,8927207.3211,3.7988,7431096.666
305,000725.SZ,20190927,3.7048,3.7745,3.6948,3.7446,3.6948,0.04980000000000029,1.3478,2776948.45,1043538.673,3.7924,4443569.03,3.8955,6388981.0408,3.8553,7014419.1109,3.7448,7829534.6072,3.673,8930086.3441,3.794,7430952.3265
306,000725.SZ,20190926,3.7645,3.7745,3.6948,3.6948,3.7545,-0.05970000000000031,-1.5901,4124926.27,1541990.739,3.8282,4823080.824,3.9216,7353010.2738,3.8541,7138718.5529,3.7481,7940540.9638,3.6666,8929716.7465,3.7897,7429203.6331
307,000725.SZ,20190925,3.8541,3.8641,3.7446,3.7545,3.884,-0.12949999999999973,-3.3342,7275235.63,2761817.977,3.876,4951298.952,3.9369,7780491.9023,3.8577,7219999.9132,3.7504,8034523.3544,3.6604,8921540.3659,3.7863,7418074.3217
308,000725.SZ,20190924,3.884,3.9338,3.8741,3.884,3.884,0.0,0.0,4153125.27,1625722.997,3.9,4326069.544,3.9423,8095610.3669,3.8559,7181033.2826,3.7527,8188332.3685,3.6538,8896409.5527,3.7826,7408664.8479
309,000725.SZ,20190923,3.9039,3.9239,3.8541,3.884,3.9239,-0.03990000000000027,-1.0168,3887609.53,1513638.802,3.902,5056550.254,3.93,8150135.92,3.8518,7365783.3862,3.7559,8439689.8621,3.6466,8888405.4533,3.7758,7399706.0695
310,000725.SZ,20190920,3.9239,3.9537,3.884,3.9239,3.9338,-0.00990000000000002,-0.2517,4674507.42,1839341.082,3.9279,5463364.668,3.9177,8220868.3808,3.8498,7508730.7832,3.7576,8582152.3116,3.6395,8885841.2313,3.7681,7386684.5921
311,000725.SZ,20190919,3.894,3.9338,3.8641,3.9338,3.8741,0.05970000000000031,1.541,4766016.91,1870307.53,3.9458,5984551.208,3.9009,8285600.4223,3.8495,7640455.9256,3.7565,8661139.4628,3.6319,8871634.9946,3.7607,7358039.6303
312,000725.SZ,20190918,3.894,3.9139,3.8442,3.8741,3.894,-0.01990000000000025,-0.511,4149088.59,1616723.844,3.9657,7795447.392,3.8787,8376257.58,3.8521,7667173.4859,3.7549,8772503.2105,3.6242,8858500.1123,3.753,7340820.1172
313,000725.SZ,20190917,3.9836,3.9936,3.8641,3.894,4.0135,-0.1194999999999995,-2.9775,7805528.82,3066506.645,3.9896,9449859.092,3.8657,8490109.1723,3.8568,7797722.5782,3.7543,8904686.9719,3.617,8860613.5691,3.747,7322612.7681
314,000725.SZ,20190916,4.0334,4.0633,3.9736,4.0135,4.0135,0.0,0.0,5921681.6,2388920.73,4.0274,10950619.024,3.8557,8368147.18,3.8632,7932244.7629,3.753,9015221.9187,3.6098,8847054.6167,3.7407,7262993.2645
315,000725.SZ,20190912,4.0434,4.0633,3.9637,4.0135,4.0334,-0.019900000000000695,-0.4934,7280440.12,2925323.245,4.0035,11702720.192,3.8419,8613216.2815,3.8711,8085421.5297,3.751,9201701.1159,3.6016,8831982.1652,3.7333,7259841.9545
316,000725.SZ,20190911,4.0234,4.1629,3.9936,4.0334,3.9936,0.0398000000000005,0.9966,13820497.83,5658247.693,3.9657,12520987.302,3.8304,8538401.02,3.8761,8200036.9962,3.7477,9337089.8319,3.5932,8807857.3631,3.7252,7204496.6149
317,000725.SZ,20190910,4.123,4.1529,3.9637,3.9936,4.0832,-0.0895999999999999,-2.1944,12421147.09,5018672.959,3.904,10729279.228,3.8243,8042354.4708,3.8831,8265128.5109,3.7439,9518237.5283,3.5844,8736065.2886,3.7172,7082421.1156
318,000725.SZ,20190909,3.9637,4.0832,3.9139,4.0832,3.894,0.1891999999999996,4.8588,15309328.48,6151281.21,3.8502,9206476.114,3.822,8008559.0154,3.8849,8140030.0782,3.7389,9540080.3549,3.5759,8674406.3137,3.7103,6991104.6245
319,000725.SZ,20190906,3.8541,3.9039,3.8143,3.894,3.8243,0.0697000000000001,1.8226,9682187.44,3764083.709,3.7745,7247815.21,3.8044,7192476.6962,3.882,7857812.4335,3.7311,9577570.766,3.5671,8594026.5699,3.7004,6815461.6712
320,000725.SZ,20190905,3.7545,3.9039,3.7346,3.8243,3.7247,0.09960000000000013,2.674,11371775.67,4352431.266,3.7247,6500289.714,3.8036,6899446.9062,3.8849,7836859.1832,3.7229,9555883.8135,3.5594,8556212.0433,3.6932,6738830.9852
321,000725.SZ,20190904,3.7048,3.7346,3.6848,3.7247,3.7247,0.0,0.0,4861957.46,1808578.52,3.7008,5351766.438,3.8105,6656927.2508,3.8905,7755725.9971,3.7143,9496165.1815,3.5521,8508162.3939,3.6882,6654380.2953
322,000725.SZ,20190903,3.6948,3.7346,3.6848,3.7247,3.7048,0.019899999999999807,0.5371,4807131.52,1793953.755,3.7088,5623379.53,3.8166,6757997.5815,3.9001,8062529.1118,3.706,9486521.0269,3.5451,8498880.2401,3.6842,6675752.37
323,000725.SZ,20190902,3.635,3.7446,3.6052,3.7048,3.645,0.059800000000000075,1.6406,5516023.96,2046268.673,3.7307,6483469.21,3.825,6850886.9962,3.911,8560176.5376,3.6979,9463348.7944,3.5384,8480830.8934,3.6791,6675346.6516
324,000725.SZ,20190830,3.7346,3.7446,3.635,3.645,3.7048,-0.059800000000000075,-1.6141,5944559.96,2197797.508,3.7625,6641832.762,3.8357,7064621.3969,3.918,8830898.6835,3.6902,9441955.1036,3.5317,8477796.2414,3.6735,6664915.5304
325,000725.SZ,20190829,3.7545,3.7645,3.6848,3.7048,3.7645,-0.059699999999999864,-1.5859,5629159.29,2099917.824,3.8243,6927299.308,3.8465,6994214.9269,3.9215,8874258.9753,3.683,9418513.1447,3.5257,8453657.6351,3.6699,6626801.3456
326,000725.SZ,20190828,3.8143,3.8143,3.7346,3.7645,3.8342,-0.0697000000000001,-1.8178,6220022.92,2350775.054,3.876,8197828.684,3.8564,7100874.8046,3.9218,8951523.3038,3.6754,9395157.1297,3.5194,8428880.7853,3.6655,6595494.4011
327,000725.SZ,20190827,3.8342,3.884,3.8043,3.8342,3.8641,-0.029900000000000038,-0.7738,9107579.92,3514581.068,3.894,7893875.766,3.8518,7161113.7708,3.918,8913219.2462,3.6674,9368376.7137,3.5129,8405265.8426,3.6599,6548608.47
328,000725.SZ,20190826,3.8442,3.884,3.8243,3.8641,3.9537,-0.0895999999999999,-2.2662,6307841.72,2443908.12,3.9039,7246919.816,3.8503,6990414.74,3.913,8866213.8191,3.659,9318875.821,3.5061,8363308.7359,3.6538,6485532.7912
329,000725.SZ,20190823,3.9537,3.9836,3.9039,3.9537,3.9637,-0.009999999999999787,-0.2523,7371892.69,2915400.681,3.9139,7629155.502,3.8373,6962916.93,3.9039,8796028.0162,3.6504,9293019.0164,3.4992,8338129.0617,3.6484,6483959.0859
330,000725.SZ,20190822,3.9338,4.0633,3.9239,3.9637,3.8541,0.10959999999999992,2.8437,11981806.17,4801617.307,3.884,7389951.316,3.8212,7198512.0146,3.8908,8749220.8774,3.6415,9263877.6222,3.4921,8311759.3022,3.6407,6438194.5952
331,000725.SZ,20190821,3.8641,3.9039,3.8342,3.8541,3.884,-0.029900000000000038,-0.7698,4700258.33,1821456.694,3.8581,6196528.864,3.8097,6949743.9269,3.8811,8486557.1291,3.6325,9199521.2353,3.4846,8247326.7711,3.6332,6364804.4117
332,000725.SZ,20190820,3.9239,3.9537,3.8641,3.884,3.9139,-0.029900000000000038,-0.7639,5872800.17,2300829.884,3.8561,6915391.432,3.8143,7292274.9985,3.8744,8496037.3965,3.624,9185929.9826,3.4778,8227234.8109,3.6264,6366843.9432
333,000725.SZ,20190819,3.8442,3.9239,3.8243,3.9139,3.8043,0.10959999999999992,2.881,8219020.15,3208292.07,3.8362,6746686.568,3.825,7277014.5208,3.8685,8573605.3168,3.6154,9166175.3162,3.4707,8202895.3281,3.6183,6402845.4708
334,000725.SZ,20190816,3.8143,3.8541,3.7745,3.8043,3.8342,-0.029900000000000038,-0.7798,6175871.76,2363950.015,3.8203,6506030.078,3.8342,7305378.95,3.8632,8843835.1359,3.6068,9128546.2351,3.4636,8161894.4569,3.6135,6348314.0295
335,000725.SZ,20190815,3.7247,3.8442,3.7048,3.8342,3.8442,-0.009999999999999787,-0.2601,6014693.91,2281009.123,3.8004,6671481.622,3.858,7782564.4377,3.862,9137023.515,3.5989,9109646.1257,3.4571,8141058.8618,3.6097,6401383.342
336,000725.SZ,20190814,3.8741,3.9239,3.8342,3.8442,3.7844,0.05979999999999963,1.5802,8294571.17,3232309.773,3.7964,6846241.344,3.8924,8176025.8038,3.85,9043647.4256,3.5907,9083666.6778,3.4508,8118913.5014,3.6089,6396791.7831
337,000725.SZ,20190813,3.7745,3.8243,3.7346,3.7844,3.8342,-0.049799999999999844,-1.2988,5029275.85,1908723.448,3.7665,6377401.148,3.9185,8397779.2508,3.8383,8895567.1944,3.5823,9043747.585,3.4447,8086820.7195,3.6086,6429648.7187
338,000725.SZ,20190812,3.7247,3.8442,3.6948,3.8342,3.7048,0.12939999999999996,3.4928,7015737.7,2664174.591,3.7585,7458471.736,3.956,9244266.4415,3.8272,8820455.5774,3.5745,9040115.5498,3.4389,8084424.2471,3.6118,6571284.29
339,000725.SZ,20190809,3.8342,3.8442,3.6848,3.7048,3.8143,-0.10949999999999971,-2.8708,7003129.48,2633121.353,3.7546,7804888.402,3.9729,9332886.6477,3.8143,8693018.7871,3.5664,9029687.2732,3.4325,8056515.6904,3.6115,6547307.4761
340,000725.SZ,20190808,3.7247,3.8143,3.6948,3.8143,3.6948,0.11949999999999994,3.2343,6888492.52,2602926.151,3.7964,8234894.958,3.9943,9233717.3462,3.8064,8566146.0321,3.5589,9004488.0219,3.4266,8035321.3983,3.6141,6549654.5213
341,000725.SZ,20190807,3.7645,3.7944,3.6948,3.6948,3.7446,-0.04980000000000029,-1.3299,5950370.19,2239754.06,3.8382,7992079.246,4.0081,9393816.1469,3.7967,8549986.8547,3.5505,8978896.7444,3.4206,8025025.0847,3.6153,6521986.8695
342,000725.SZ,20190806,3.7048,3.7844,3.6251,3.7446,3.8143,-0.06969999999999965,-1.8273,10434628.79,3879617.849,3.9059,8519556.754,4.0326,9598652.8508,3.7888,8497862.8712,3.5425,8949294.4323,3.4147,7999657.9457,3.618,6523878.9684
343,000725.SZ,20190805,3.8741,3.9537,3.7844,3.8143,3.9139,-0.09960000000000013,-2.5448,8747821.03,3400299.255,3.9796,8908487.616,4.0564,9972393.9715,3.7777,8298701.0806,3.5342,8890726.0403,3.4083,7948759.6457,3.6206,6556796.6489
344,000725.SZ,20190802,3.9139,3.9637,3.8641,3.9139,4.0234,-0.10949999999999971,-2.7216,9153162.26,3596817.775,4.0732,9384861.744,4.0778,10970803.4308,3.7636,8098199.8665,3.5257,8841957.5038,3.4016,7917870.2941,3.621,6525716.6115
345,000725.SZ,20190801,4.0135,4.0633,4.0035,4.0234,4.0334,-0.010000000000000675,-0.2479,5674413.96,2294595.314,4.127,9789702.488,4.0801,11399066.0969,3.7472,7881629.9671,3.5166,8801251.7411,3.3948,7878070.1034,3.6192,6475199.2875
346,000725.SZ,20190731,4.0832,4.0932,3.9936,4.0334,4.1131,-0.07969999999999988,-1.9377,8587757.73,3483431.327,4.1768,11861541.562,4.0602,11533250.3985,3.7282,7793504.6026,3.5067,8784425.1506,3.3875,7866463.2992,3.616,6443041.9063
347,000725.SZ,20190730,4.2525,4.2824,4.1131,4.1131,4.2824,-0.16929999999999978,-3.9534,12379283.1,5218000.348,4.1808,11777550.092,4.0357,11507741.8392,3.7103,7618741.0353,3.4963,8747657.8988,3.3801,7845355.7202,3.6127,6403245.6577
348,000725.SZ,20190729,4.1927,4.3023,4.1529,4.2824,4.1828,0.09959999999999969,2.3812,11129691.67,4733743.218,4.1549,10444479.184,3.9989,10933772.7515,3.6904,7351415.8829,3.4857,8673890.599,3.3728,7794237.4141,3.6095,6352711.0876
349,000725.SZ,20190726,4.2326,4.3023,4.1529,4.1828,4.2724,-0.0895999999999999,-2.0972,11177365.98,4733301.382,4.0971,10012496.236,3.9514,10655288.4231,3.6667,7217293.3365,3.4738,8631345.2942,3.3646,7763563.5612,3.6035,6268798.1431
350,000725.SZ,20190725,4.0633,4.2724,4.0434,4.2724,4.0533,0.21910000000000007,5.4055,16033609.33,6718201.094,4.0633,9499672.508,3.9032,10097146.7646,3.643,6990936.0103,3.4631,8566677.0269,3.357,7730721.262,3.5988,6251214.084
351,000725.SZ,20190724,3.9936,4.1131,3.9936,4.0533,3.9836,0.0697000000000001,1.7497,8167800.38,3325538.484,4.0195,9351603.314,3.8442,9308442.1985,3.6145,6604976.875,3.4518,8465345.5154,3.3486,7670842.0647,3.5942,6149208.9879
352,000725.SZ,20190723,3.9836,4.0533,3.9637,3.9836,3.9936,-0.009999999999999787,-0.2504,5713928.56,2293279.175,4.0274,12063472.038,3.812,8914860.5331,3.5943,6439045.5485,3.4422,8424104.5239,3.3418,7661175.8831,3.5924,6134120.8449
353,000725.SZ,20190722,4.0334,4.0732,3.8442,3.9936,4.0135,-0.019899999999999807,-0.4958,8969776.93,3575290.655,4.0195,13864801.71,3.7844,8861680.4454,3.5759,6373181.5741,3.4331,8398430.2206,3.3352,7658947.8254,3.5916,6165585.7245
354,000725.SZ,20190719,4.0334,4.123,3.9836,4.0135,4.0533,-0.0398000000000005,-0.9819,8613247.34,3495263.374,3.9737,13554608.3,3.7607,8826321.4092,3.5592,6191233.3529,3.4241,8350393.414,3.3278,7621387.1289,3.5911,6193859.5481
355,000725.SZ,20190718,4.0932,4.143,3.9637,4.0533,4.0932,-0.03990000000000027,-0.9748,15293263.36,6228267.047,3.9139,13483188.124,3.7392,9502751.1523,3.5419,6035963.315,3.4153,8310825.0529,3.3206,7584910.9995,3.5889,6197055.1095
356,000725.SZ,20190717,3.9637,4.3322,3.9139,4.0932,3.9438,0.14940000000000042,3.7882,21727144.0,8979049.854,3.8302,11408072.444,3.717,9568213.7131,3.5243,5753377.1382,3.406,8212210.088,3.3132,7516216.4859,3.5852,6086381.6363
357,000725.SZ,20190716,3.7944,3.9637,3.7645,3.9438,3.7645,0.17930000000000001,4.7629,14720576.92,5730615.106,3.7446,8564522.724,3.6657,8115349.3185,3.5041,5206388.775,3.3963,8070387.6786,3.3058,7410651.778,3.5806,5890643.2456
358,000725.SZ,20190715,3.7346,3.7944,3.6948,3.7645,3.7147,0.049799999999999844,1.3406,7418809.88,2795694.67,3.6669,6404712.224,3.6274,7233754.4254,3.4892,4910631.6709,3.3876,7980379.6971,3.2991,7353120.2608,3.5787,5860830.8988
359,000725.SZ,20190712,3.635,3.8043,3.6151,3.7147,3.635,0.07970000000000033,2.1926,8256146.46,3100041.717,3.6151,6077040.242,3.5998,6853498.3477,3.4807,4856325.7997,3.3803,7937817.6348,3.2937,7349709.9312,3.5818,5955797.6631
360,000725.SZ,20190711,3.655,3.7048,3.5952,3.635,3.6649,-0.029900000000000038,-0.8158,4917684.96,1803352.671,3.5992,5036058.696,3.5753,6424786.0685,3.4696,4676324.6385,3.3733,7898918.3969,3.2882,7342889.8588,3.5859,6055537.0847
361,000725.SZ,20190710,3.5653,3.7147,3.5056,3.6649,3.5554,0.10949999999999971,3.0798,7509395.4,2721388.395,3.5972,5057039.188,3.56,6253383.8262,3.4614,4647418.7865,3.3672,7880546.4735,3.2827,7332978.4918,3.5892,6118750.5995
362,000725.SZ,20190709,3.4956,3.5653,3.4657,3.5554,3.5056,0.04980000000000029,1.4206,3921524.42,1384577.534,3.6012,5257182.0,3.5462,6163359.6023,3.4549,4574729.9197,3.3613,7848334.6376,3.2768,7316444.7962,3.5918,6123581.7096
363,000725.SZ,20190708,3.645,3.655,3.4857,3.5056,3.635,-0.12939999999999996,-3.5598,5780449.97,2053826.509,3.637,7954243.916,3.5362,6183100.3969,3.4511,4649533.9974,3.3561,7853214.8292,3.272,7309622.8459,3.5964,6239261.0797
364,000725.SZ,20190705,3.635,3.6649,3.6151,3.635,3.6251,0.009899999999999576,0.2731,3051238.73,1114704.218,3.6888,10027009.252,3.5255,6020229.4692,3.4464,4620012.0171,3.3508,7829039.424,3.2675,7294686.7565,3.6006,6308782.7615
365,000725.SZ,20190704,3.6749,3.7048,3.6151,3.6251,3.6848,-0.059699999999999864,-1.6202,5022587.42,1841088.65,3.647,9984742.88,3.5025,5934040.3169,3.4359,4669495.8741,3.3444,7831609.2531,3.2623,7297848.6024,3.6024,6376092.0311
366,000725.SZ,20190703,3.6948,3.7147,3.635,3.6848,3.7346,-0.049799999999999844,-1.3335,8510109.46,3135394.259,3.6111,9632194.058,3.4818,5685363.26,3.4286,4612537.3059,3.3387,7832483.0594,3.2571,7289586.1721,3.6042,6466744.804
367,000725.SZ,20190702,3.8243,3.8741,3.7247,3.7346,3.7645,-0.029900000000000038,-0.7943,17406834.0,6641006.365,3.5554,8425268.34,3.4581,5236751.1146,3.4196,4458744.0409,3.3318,7784935.936,3.2517,7268436.3312,3.6068,6545430.8119
368,000725.SZ,20190701,3.5554,3.7645,3.5056,3.7645,3.4259,0.3386,9.8835,16144276.65,5971396.6,3.4876,5480478.906,3.4343,4101286.6869,3.4082,4026295.3376,3.3244,7676783.0339,3.2464,7207170.1021,3.6112,6520559.758
369,000725.SZ,20190628,3.4359,3.4657,3.396,3.4259,3.4458,-0.01990000000000025,-0.5775,2839906.87,976846.932,3.4219,2789514.738,3.4091,3112513.7077,3.3967,3680196.1424,3.3169,7589166.6725,3.24,7140186.1228,3.6155,6545959.9648
370,000725.SZ,20190627,3.4259,3.4757,3.4159,3.4458,3.406,0.03980000000000006,1.1685,3259843.31,1127351.167,3.4339,3489349.462,3.4129,3399407.4169,3.3976,3778722.8174,3.3123,7586298.7777,3.2352,7143671.773,3.6228,6769777.4965
371,000725.SZ,20190626,3.396,3.4458,3.3761,3.406,3.396,0.010000000000000231,0.2945,2475480.87,849203.447,3.4299,3673011.75,3.4075,3416436.1538,3.3956,3798714.3638,3.3077,7589444.7551,3.2307,7149769.4355,3.6321,6997613.6232
372,000725.SZ,20190625,3.4458,3.4458,3.3761,3.396,3.4359,-0.03990000000000027,-1.1613,2682886.83,916343.999,3.4219,3910541.158,3.3999,3449937.5277,3.3956,3916422.0562,3.3034,7607119.033,3.2258,7152149.8885,3.6433,7378264.1752
373,000725.SZ,20190624,3.4657,3.4757,3.4259,3.4359,3.4857,-0.049799999999999844,-1.4287,2689455.81,930363.787,3.41,3760119.742,3.3976,3437879.7162,3.3939,3980255.4785,3.2998,7614462.1061,3.2213,7154530.0636,3.6562,7590954.502
374,000725.SZ,20190621,3.4458,3.5056,3.4259,3.4857,3.4259,0.059800000000000075,1.7455,6339080.49,2208062.378,3.394,3580185.716,3.3914,3498271.8408,3.3892,4153298.3882,3.2961,7637075.6806,3.2167,7171271.235,3.6673,7876141.8545
375,000725.SZ,20190620,3.3562,3.4359,3.3462,3.4259,3.3661,0.059800000000000075,1.7765,4178154.75,1429085.013,3.3721,2847999.932,3.3868,3224768.5269,3.3912,4088300.7871,3.292,7632130.7981,3.212,7179304.4188,3.6772,8041778.9653
376,000725.SZ,20190619,3.4259,3.4458,3.3562,3.3661,3.3363,0.029799999999999827,0.8932,3663127.91,1250053.844,3.3721,2541528.27,3.3868,3159838.6269,3.3941,4264121.8297,3.288,7644185.4525,3.2093,7169088.8818,3.685,8221515.4423
377,000725.SZ,20190618,3.3562,3.3661,3.3164,3.3363,3.3562,-0.019899999999999807,-0.5929,1930779.75,646915.242,3.3861,2466948.272,3.3937,3315392.8915,3.406,4323157.0968,3.2848,7664123.5622,3.2071,7159445.5612,3.6947,8564990.1857
378,000725.SZ,20190617,3.3761,3.3861,3.3462,3.3562,3.3761,-0.01990000000000025,-0.5894,1789785.68,604627.15,3.414,3394697.34,3.3991,3407605.1915,3.4203,4582805.9671,3.2815,7687780.5556,3.205,7174622.128,3.7081,9077227.8469
379,000725.SZ,20190614,3.4359,3.4458,3.3661,3.3761,3.4259,-0.049799999999999844,-1.4536,2678151.57,914927.631,3.4179,3732983.582,3.4052,3628762.8608,3.4401,4990516.4971,3.2773,7693559.9551,3.2036,7178630.6244,3.7185,9378726.7347
380,000725.SZ,20190613,3.4159,3.4558,3.4159,3.4259,3.4359,-0.010000000000000231,-0.291,2645796.44,911599.08,3.404,3779553.014,3.4128,3851398.1446,3.4529,5065202.5291,3.2732,7691967.1072,3.2019,7180175.0649,3.7237,9557000.1431
381,000725.SZ,20190612,3.4558,3.4757,3.4159,3.4359,3.4757,-0.03979999999999961,-1.1451,3290227.92,1137793.206,3.392,3755620.782,3.406,3812191.2631,3.4668,5198536.6888,3.2689,7699176.0942,3.2003,7185145.0947,3.7273,9799088.1448
382,000725.SZ,20190611,3.3761,3.4857,3.3363,3.4757,3.3761,0.09959999999999969,2.9501,6569525.09,2265450.4,3.3761,3792485.884,3.3999,3861780.3454,3.4804,5243336.4156,3.2648,7703318.3196,3.1986,7179512.4457,3.7319,10064332.4423
383,000725.SZ,20190610,3.3263,3.406,3.3064,3.3761,3.3064,0.0697000000000001,2.108,3481216.89,1177026.632,3.3661,3035288.348,3.3976,3743968.7177,3.4929,5229299.725,3.2602,7692403.2183,3.197,7166211.2364,3.7351,10293039.5899
384,000725.SZ,20190606,3.3661,3.3761,3.2865,3.3064,3.3661,-0.059699999999999864,-1.7736,2910998.73,971506.562,3.3761,3005858.18,3.4014,3973479.9615,3.5095,5506424.3703,3.2566,7715745.2133,3.1954,7158762.273,3.7398,10683619.178
385,000725.SZ,20190605,3.3861,3.406,3.3562,3.3661,3.3562,0.00990000000000002,0.295,2526135.28,857176.502,3.4059,3560725.104,3.4046,4116995.6469,3.5252,5609536.7082,3.2529,7744860.182,3.1943,7163953.1602,3.7429,11001824.7312
386,000725.SZ,20190604,3.4259,3.4259,3.3363,3.3562,3.4259,-0.0697000000000001,-2.0345,3474553.43,1179990.139,3.4139,3681405.978,3.3978,4286807.5385,3.5374,5693013.9929,3.2484,7749836.0756,3.1926,7169275.9266,3.7445,11500219.8089
387,000725.SZ,20190603,3.4359,3.4558,3.396,3.4259,3.4259,0.0,0.0,2783537.41,956914.126,3.4299,3919462.368,3.3993,4256918.5131,3.5499,5686780.3735,3.2436,7758451.6825,3.1908,7172764.5557,3.7433,11661445.9516
388,000725.SZ,20190531,3.4458,3.4757,3.406,3.4259,3.4558,-0.029900000000000038,-0.8652,3334066.05,1150898.386,3.4397,4477236.938,3.3955,4295195.5162,3.5606,5769706.8935,3.2388,7758348.0535,3.1893,7168301.8222,3.7372,11900438.0884
389,000725.SZ,20190530,3.3864,3.495,3.3568,3.4555,3.4062,0.04929999999999968,1.4474,5685333.35,1978979.13,3.422,4237645.124,3.3895,4246696.4423,3.5737,5924269.3726,3.2341,7757807.6702,3.188,7161648.5908,3.7276,11943440.7583
390,000725.SZ,20190529,3.3963,3.4555,3.3765,3.4062,3.4358,-0.02959999999999985,-0.8615,3129539.65,1082649.791,3.4022,3887555.652,3.3834,4146048.0315,3.5847,5899295.475,3.2292,7743226.124,3.1864,7138525.3989,3.716,11904600.2156
391,000725.SZ,20190528,3.4753,3.4852,3.3963,3.4358,3.4753,-0.03949999999999987,-1.1366,4664835.38,1625182.445,3.4101,4269242.508,3.3872,4381453.7369,3.5972,6097207.8838,3.2247,7746675.409,3.1852,7133930.9681,3.7043,11909182.3431
392,000725.SZ,20190527,3.3568,3.4852,3.3272,3.4753,3.3371,0.13819999999999988,4.1413,5572410.26,1928583.52,3.4082,4629248.044,3.3826,4325663.0069,3.6118,6206572.3468,3.22,7748557.0129,3.1836,7125992.0852,3.6927,11866588.9384
393,000725.SZ,20190524,3.3371,3.3765,3.3173,3.3371,3.3568,-0.01969999999999983,-0.5869,2136106.98,723262.022,3.3825,4470106.52,3.3773,4395288.5569,3.6248,6249624.6821,3.2156,7758837.784,3.1824,7109964.5975,3.6809,11824761.2348
394,000725.SZ,20190523,3.4259,3.4259,3.3371,3.3568,3.4457,-0.0889000000000002,-2.58,3934885.99,1345760.87,3.3706,4989623.098,3.3773,4604297.4962,3.642,6424262.5512,3.2111,7777503.5976,3.1821,7112530.6262,3.6713,11830532.0468
395,000725.SZ,20190522,3.416,3.495,3.3963,3.4457,3.4259,0.01980000000000004,0.578,5037973.93,1758952.508,3.3746,4819845.12,3.3712,4961068.9385,3.6597,6634716.3074,3.206,7773990.3738,3.1817,7103165.8815,3.6613,11808278.8087
396,000725.SZ,20190521,3.3371,3.4654,3.3173,3.4259,3.3469,0.07899999999999974,2.3604,6464863.06,2231522.117,3.3607,4468478.024,3.3796,4891160.3323,3.6716,6746920.44,3.2006,7768798.5289,3.1813,7088669.102,3.6502,11772621.0631
397,000725.SZ,20190520,3.2778,3.3765,3.2679,3.3469,3.2778,0.06910000000000016,2.1081,4776702.64,1614014.428,3.3449,3716221.03,3.3872,5175099.3431,3.6817,6762446.6109,3.1948,7743888.212,3.1807,7069622.9243,3.6394,11712815.5739
398,000725.SZ,20190517,3.3765,3.3963,3.2581,3.2778,3.3765,-0.09870000000000001,-2.9231,4733689.87,1589545.477,3.3508,3636261.304,3.4198,5243839.6777,3.6936,6829213.1421,3.1899,7732141.2244,3.1808,7060461.2063,3.6298,11683585.6968
399,000725.SZ,20190516,3.3667,3.416,3.3469,3.3765,3.3765,0.0,0.0,3085996.1,1055481.649,3.3864,3927486.094,3.4616,5707312.8677,3.709,7057182.5844,3.1855,7737592.7793,3.1814,7084040.0871,3.6218,11662810.2575
400,000725.SZ,20190515,3.3765,3.3963,3.3469,3.3765,3.3469,0.02959999999999985,0.8844,3281138.45,1120580.73,3.3864,4098198.052,3.5117,6673924.2215,3.7273,7394103.7932,3.1808,7769611.4769,3.1824,7103404.7315,3.6123,11657856.7956
401,000725.SZ,20190514,3.3173,3.3963,3.3074,3.3469,3.3765,-0.02959999999999985,-0.8766,2703578.09,919975.55,3.3923,4737478.844,3.5451,6822873.3146,3.7462,7760440.9882,3.178,7763851.689,3.1839,7117344.1235,3.6024,11650683.1889
402,000725.SZ,20190513,3.416,3.4358,3.3568,3.3765,3.4555,-0.07899999999999974,-2.2862,4376904.01,1500816.835,3.3904,5167407.864,3.5877,7167148.6823,3.7619,7965003.3553,3.1755,7759197.7213,3.1859,7150658.8467,3.593,11655010.5237
403,000725.SZ,20190510,3.4259,3.4753,3.2877,3.4555,3.3765,0.07899999999999974,2.3397,6189813.82,2146133.374,3.3706,6006610.01,3.6279,7200726.73,3.7761,8067792.3156,3.1728,7760022.1347,3.1866,7138786.7037,3.5836,11633990.9032
404,000725.SZ,20190509,3.3568,3.4457,3.3272,3.3765,3.4062,-0.02970000000000006,-0.8719,3939555.89,1356673.332,3.3904,5594479.656,3.6621,7193223.9446,3.7892,8256253.0026,3.1704,7734170.7996,3.1869,7123364.7353,3.5732,11597516.7991
405,000725.SZ,20190508,3.2778,3.4753,3.2383,3.4062,3.3371,0.06910000000000016,2.0707,6477542.41,2229656.228,3.42,6837782.518,3.7054,7882754.6323,3.8023,8463753.5971,3.1684,7727223.6199,3.1874,7113343.3321,3.5635,11575304.7661
406,000725.SZ,20190507,3.3074,3.3864,3.2778,3.3371,3.2778,0.05929999999999991,1.8091,4853223.19,1636594.283,3.4931,6676339.434,3.7388,7878083.5408,3.813,8511456.2894,3.1667,7706447.155,3.1881,7095938.7512,3.5532,11522887.158
407,000725.SZ,20190506,3.495,3.5049,3.2285,3.2778,3.5543,-0.27649999999999997,-7.7793,8572914.74,2913674.855,3.5898,7857463.064,3.773,7917401.9846,3.8255,8716406.9424,3.1654,7688982.4817,3.1891,7086610.587,3.5441,11518261.0192
408,000725.SZ,20190430,3.5148,3.5938,3.4852,3.5543,3.5246,0.02970000000000006,0.8426,4129162.05,1485825.095,3.7399,9273268.856,3.8117,7508917.0331,3.8432,8888131.8044,3.1648,7659459.6067,3.1901,7052308.2013,3.5361,11477476.3676
409,000725.SZ,20190429,3.7813,3.811,3.4358,3.5246,3.7715,-0.24690000000000012,-6.5465,10156070.2,3710099.937,3.7912,9490931.778,3.8299,7622292.19,3.8583,9223788.9488,3.1617,7646217.8012,3.1897,7050583.2395,3.5237,11467413.3709
410,000725.SZ,20190426,3.7715,3.8603,3.7616,3.7715,3.8208,-0.04930000000000012,-1.2903,5670326.99,2180752.198,3.8663,8895549.312,3.8565,7501762.97,3.8748,9455942.5359,3.1589,7601996.8878,3.1895,7014881.5604,3.5114,11374710.4157
411,000725.SZ,20190425,3.9591,3.9788,3.811,3.8208,4.0282,-0.2073999999999998,-5.1487,10758841.34,4257556.479,3.8919,8724167.64,3.8611,7437600.9577,3.8807,9866410.0288,3.1542,7586409.0809,3.1883,7002201.4616,3.495,11321607.8857
412,000725.SZ,20190424,3.8208,4.0479,3.7715,4.0282,3.811,0.21720000000000006,5.6993,15651943.7,6281205.718,3.9077,7790854.894,3.8618,7368348.6662,3.8902,10148430.9544,3.1488,7539918.0422,3.1871,6968679.7741,3.478,11204833.7391
413,000725.SZ,20190423,3.8801,3.8899,3.811,3.811,3.8998,-0.08879999999999999,-2.277,5217476.66,2027376.878,3.8899,7241157.12,3.8542,6809216.6215,3.8966,10600558.2653,3.1429,7445316.5959,3.1844,6897508.5452,3.459,11019143.18
414,000725.SZ,20190422,3.9294,3.9492,3.8801,3.8998,3.8998,0.0,0.0,7179157.87,2846404.221,3.8959,7481025.432,3.8626,6949117.6215,3.9129,10995181.3441,3.1386,7424429.0492,3.1829,6906684.3372,3.4428,10993463.9237
415,000725.SZ,20190419,3.8899,3.9097,3.8505,3.8998,3.8998,0.0,0.0,4813418.63,1893341.209,3.8722,7118066.45,3.8641,7017935.8262,3.9236,11492221.0318,3.1337,7386917.633,3.1801,6884428.0576,3.4254,10941093.6179
416,000725.SZ,20190418,3.9492,3.9591,3.8702,3.8998,3.9393,-0.03949999999999987,-1.0027,6092277.61,2406087.194,3.8485,6807904.798,3.8687,7500773.9085,3.9332,11902469.4191,3.1288,7369831.9539,3.178,6881066.2051,3.4074,10920825.0157
417,000725.SZ,20190417,3.8307,3.9689,3.8208,3.9393,3.8406,0.09870000000000001,2.5699,12903454.83,5130356.545,3.8267,6710057.094,3.8649,7713130.5877,3.9367,12242649.2106,3.1238,7350601.9994,3.1752,6864655.3996,3.3898,10863018.5399
418,000725.SZ,20190416,3.7517,3.8505,3.732,3.8406,3.7813,0.05929999999999991,1.5682,6416818.22,2465730.439,3.8129,5847204.196,3.852,7258461.2062,3.9411,12728539.7647,3.1191,7280881.93,3.172,6804573.1585,3.3716,10757681.3792
419,000725.SZ,20190415,3.8208,3.8702,3.7616,3.7813,3.7813,0.0,0.0,5364362.96,2077771.344,3.8109,5531084.718,3.8451,7306918.6277,3.9559,13726533.4741,3.1153,7254166.2884,3.1698,6797956.0707,3.3555,10696992.2763
420,000725.SZ,20190412,3.8011,3.8208,3.7616,3.7813,3.7912,-0.00990000000000002,-0.2611,3262610.37,1251278.953,3.8208,6429924.436,3.8467,7854633.0854,3.9663,14286469.9241,3.1119,7233248.7967,3.1684,6800682.7727,3.3404,10644692.3924
421,000725.SZ,20190411,3.8406,3.8603,3.7912,3.7912,3.8702,-0.07900000000000018,-2.0412,5603039.09,2166844.035,3.8504,7454047.786,3.8634,8722225.9185,3.9657,14662530.125,3.109,7228564.1287,3.168,6799829.2624,3.3255,10630912.2221
422,000725.SZ,20190410,3.811,3.9294,3.7616,3.8702,3.8307,0.03949999999999987,1.0311,8589190.34,3345088.631,3.8761,7740677.9,3.8808,9501730.8408,3.9631,15109570.0509,3.1059,7212196.2116,3.1674,6789771.0914,3.3107,10583096.0861
423,000725.SZ,20190409,3.811,3.8603,3.7813,3.8307,3.8307,0.0,0.0,4836220.83,1871617.993,3.886,7637598.738,3.8816,9584000.7046,3.9605,15538815.93,3.1024,7174968.3086,3.1662,6757611.3925,3.2951,10495939.9053
424,000725.SZ,20190408,3.9591,3.9591,3.7912,3.8307,3.9294,-0.09869999999999957,-2.5118,9858561.55,3855536.236,3.9117,8888417.312,3.8839,9817501.3069,3.957,16094296.5279,3.0992,7201928.7245,3.1654,6759291.4077,3.2806,10470329.0055
425,000725.SZ,20190404,3.9393,3.9788,3.8801,3.9294,3.9196,0.009799999999999809,0.25,8383227.12,3337059.59,3.9156,8687287.89,3.8892,10028187.1246,3.9541,16768300.1882,3.0972,7177623.5818,3.1648,6734012.8136,3.2656,10353450.9636
426,000725.SZ,20190403,3.8899,3.9196,3.8603,3.9196,3.9196,0.0,0.0,7036189.66,2771548.013,3.8841,8409193.04,3.8808,10229060.1231,3.9425,17309276.3088,3.0952,7158551.8358,3.1639,6750725.4156,3.2493,10259070.8293
427,000725.SZ,20190402,3.9689,3.9887,3.9097,3.9196,3.9591,-0.03949999999999987,-0.9977,8073794.53,3213440.493,3.8505,8411308.048,3.8694,10310848.1454,3.9297,18276028.5574,3.0935,7167562.7849,3.1619,6747051.4214,3.2328,10188714.0016
428,000725.SZ,20190401,3.8603,3.9887,3.8603,3.9591,3.8505,0.10860000000000003,2.8204,11090313.7,4413578.936,3.8268,9293479.324,3.8573,10599136.6731,3.9106,18496402.6632,3.0905,7127956.655,3.1594,6727713.0611,3.2167,10098261.7133
429,000725.SZ,20190329,3.7616,3.8702,3.6925,3.8505,3.7715,0.07899999999999974,2.0947,8852914.44,3410293.168,3.8347,9983680.024,3.8512,10854617.1615,3.8815,18779274.2506,3.0874,7075826.0124,3.1563,6684271.4146,3.2,9985786.28
430,000725.SZ,20190328,3.732,3.8801,3.7024,3.7715,3.7517,0.01980000000000004,0.5278,6992752.87,2690247.677,3.8682,11360417.752,3.8679,11369124.1246,3.8478,18711814.0109,3.0848,7029944.2367,3.1541,6655208.8316,3.1855,9898042.4607
431,000725.SZ,20190327,3.8011,3.8307,3.6826,3.7517,3.8011,-0.04939999999999989,-1.2996,7046764.7,2677063.452,3.8899,11893606.892,3.8922,12219627.1469,3.813,18587682.8279,3.083,7005940.1769,3.1526,6639277.8563,3.1726,9843084.3028
432,000725.SZ,20190326,3.9788,4.0084,3.7715,3.8011,3.9985,-0.19740000000000002,-4.9369,12484650.91,4869239.578,3.9117,12058599.684,3.9089,13187277.6892,3.777,18482577.9606,3.0813,6979759.6125,3.1513,6630089.1853,3.1601,9810784.4004
433,000725.SZ,20190325,3.9393,4.1368,3.9097,3.9985,4.0183,-0.01980000000000004,-0.4927,14541317.2,5950336.733,3.9314,12081164.938,3.9355,13792116.2969,3.7407,18158627.3465,3.0789,6912337.117,3.1496,6595864.598,3.1461,9674978.2765
434,000725.SZ,20190322,4.0282,4.0677,3.9294,4.0183,3.8801,0.13819999999999988,3.5618,15736603.08,6382085.952,3.8959,11371816.718,3.9545,15060035.9177,3.6992,17802568.9726,3.0752,6838006.0497,3.1471,6585296.9559,3.1289,9526711.3021
435,000725.SZ,20190321,3.8505,3.9393,3.8307,3.8801,3.8603,0.01980000000000004,0.5129,9658698.57,3816274.894,3.8465,9844382.892,3.9811,15282963.4762,3.6579,17415284.1138,3.0716,6757352.4619,3.1427,6516146.4253,3.1126,9385535.468
436,000725.SZ,20190320,3.8998,3.8998,3.7912,3.8603,3.8998,-0.03949999999999987,-1.0129,7871728.66,3061677.339,3.8228,10276952.256,4.0107,16392179.5285,3.6205,17197848.6597,3.0695,6714773.9322,3.1398,6479462.7921,3.0968,9278930.4697
437,000725.SZ,20190319,3.811,3.9689,3.7912,3.8998,3.8208,0.07899999999999974,2.0676,12597477.18,4965296.726,3.8268,11584918.534,4.0388,17229882.2315,3.5839,17035846.1406,3.0677,6695481.9009,3.137,6458546.312,3.081,9198411.6355
438,000725.SZ,20190318,3.7715,3.8208,3.6925,3.8208,3.7715,0.04930000000000012,1.3072,10994576.1,4206679.356,3.8603,12173724.09,4.0479,17619183.2577,3.5461,16723551.2638,3.0654,6633166.1289,3.1333,6413918.3772,3.0647,9077478.8812
439,000725.SZ,20190315,3.8011,3.8307,3.732,3.7715,3.7616,0.00990000000000002,0.2632,8099433.95,3101715.923,3.9137,13584667.302,4.0684,19036810.7631,3.511,16476194.9626,3.0636,6603816.1942,3.13,6372541.106,3.0506,8963243.6001
440,000725.SZ,20190314,3.8505,3.9097,3.7221,3.7616,3.8801,-0.11850000000000005,-3.054,11821545.39,4539646.614,3.9531,15890024.862,4.1125,21517516.1777,3.4788,16331374.3147,3.0613,6571305.171,3.1274,6346719.598,3.0375,8904756.0016
441,000725.SZ,20190313,4.0479,4.0479,3.8505,3.8801,4.0677,-0.1876000000000002,-4.6119,14411560.05,5770499.595,4.0301,17595226.346,4.1413,22485259.0138,3.4465,16063519.6403,3.0597,6518692.1167,3.1256,6305598.3049,3.0244,8814076.4215
442,000725.SZ,20190312,4.0874,4.117,4.0183,4.0677,4.0874,-0.019699999999999385,-0.482,15541504.96,6392693.352,4.1032,20917768.79,4.1322,22611189.5638,3.4099,15720330.1668,3.0566,6441659.4183,3.1227,6245525.3011,3.0111,8671792.8123
443,000725.SZ,20190311,3.9985,4.1269,3.9097,4.0874,3.9689,0.1184999999999996,2.9857,18049292.16,7349124.771,4.1624,21536400.066,4.1041,23015873.5338,3.3678,15352289.6738,3.052,6352826.44,3.1193,6186044.4583,2.9956,8543850.22
444,000725.SZ,20190308,3.9985,4.1861,3.9591,3.9689,4.1466,-0.1777000000000002,-4.2854,19626221.75,8029918.003,4.198,22742243.084,4.0806,23410816.4623,3.3263,14903793.8006,3.0477,6264279.4831,3.1151,6106085.862,2.9797,8378219.89
445,000725.SZ,20190307,4.1565,4.2552,4.1071,4.1466,4.2454,-0.09879999999999978,-2.3272,20347552.81,8579570.425,4.2493,22569371.494,4.0608,23725919.4938,3.2883,14428147.7494,3.0447,6168438.8849,3.1113,6010943.7101,2.9648,8195390.5997
446,000725.SZ,20190306,4.2157,4.275,4.0775,4.2454,4.3638,-0.11840000000000028,-2.7132,31024272.27,13121176.42,4.2236,22031539.036,4.0289,24681852.8162,3.2441,13896562.4732,3.0417,6048791.7622,3.107,5917227.2048,2.9482,8011212.7716
447,000725.SZ,20190305,4.2256,4.3935,4.1565,4.3638,4.2651,0.09870000000000001,2.3141,18634661.34,8141510.945,4.192,21711431.316,3.9742,24355094.5815,3.1968,13058972.7535,3.0379,5860451.0393,3.1016,5754992.5859,2.9298,7668720.9655
448,000725.SZ,20190304,4.3638,4.433,4.2059,4.2651,4.2256,0.03950000000000031,0.9348,24078507.25,10525626.493,4.1881,26054219.916,3.9067,25991333.41,3.1466,12643431.6194,3.033,5752947.8442,3.0957,5672642.2336,2.9083,7455219.0704
449,000725.SZ,20190301,4.0479,4.2256,3.9591,4.2256,4.0183,0.20730000000000004,5.1589,18761863.8,7776229.035,4.1624,26118958.918,3.8299,25336564.7085,3.0998,12097418.6376,3.029,5621292.5396,3.0901,5563938.423,2.8886,7166822.7267
450,000725.SZ,20190228,4.117,4.1565,3.9492,4.0183,4.0874,-0.06909999999999972,-1.6906,17658390.52,7234875.795,4.0696,25576317.598,3.7335,25486263.4677,3.0528,11644847.27,3.0257,5529796.8128,3.0858,5485247.7735,2.8696,6965783.0836
451,000725.SZ,20190227,4.3145,4.3935,3.9788,4.0874,4.3441,-0.2567000000000004,-5.9092,29423733.67,12572027.94,4.0065,26205118.808,3.6325,24632484.6808,3.011,11219698.9771,3.0239,5485000.0513,3.0826,5438268.7695,2.8539,6782160.6549
452,000725.SZ,20190226,4.3441,4.5514,4.1368,4.3441,4.1368,0.20730000000000004,5.0111,40348604.34,17847532.19,3.9452,24957082.12,3.5171,22582373.8331,2.9657,10403931.435,3.0204,5325219.1552,3.0809,5286210.615,2.837,6456480.8793
453,000725.SZ,20190225,3.9492,4.1368,3.8603,4.1368,3.7616,0.3752,9.9745,24402202.26,10097318.52,3.8189,21631873.484,3.3773,19745804.2077,2.9128,9276054.2585,3.0145,5078392.817,3.0781,5063133.4462,2.8171,6009732.3439
454,000725.SZ,20190222,3.6629,3.7912,3.653,3.7616,3.7024,0.05920000000000014,1.599,16048657.2,6065852.2,3.7379,23306370.232,3.2566,17981814.0362,2.8675,8609082.1853,3.0097,4934965.5475,3.0766,4936242.8187,2.7991,5779083.7033
455,000725.SZ,20190221,3.7517,3.8702,3.6727,3.7024,3.7813,-0.07889999999999997,-2.0866,20802396.57,7909276.814,3.6925,25451921.836,3.1662,16934635.2123,2.8333,8233872.6335,3.0077,4850886.9413,3.0777,4859936.3353,2.7851,5608337.1267
456,000725.SZ,20190220,3.6431,3.8801,3.6234,3.7813,3.7122,0.06909999999999972,1.8614,23183550.23,8848682.069,3.649,29272595.744,3.0826,15532059.9285,2.8007,7717666.4088,3.0064,4736289.8682,3.0789,4757108.5257,2.7713,5393841.1835
457,000725.SZ,20190219,3.6826,3.7912,3.6135,3.7122,3.732,-0.01980000000000004,-0.5305,23722561.16,8854799.143,3.5464,27749188.524,2.9923,13923009.3823,2.7644,7132658.2688,3.0047,4613444.9313,3.0798,4642743.3525,2.7573,5121642.0448
458,000725.SZ,20190218,3.574,3.8406,3.4259,3.732,3.5345,0.19750000000000023,5.5878,32774686.0,11927029.707,3.3983,27146265.826,2.908,12280015.6785,2.7313,6486606.2324,3.0034,4495237.5319,3.0816,4522378.7356,2.7446,4848757.9075
459,000725.SZ,20190215,3.416,3.6234,3.4062,3.5345,3.4852,0.04930000000000012,1.4146,26776415.22,9530564.389,3.1929,21903181.884,2.8221,9911151.4762,2.6971,5669796.8729,3.0022,4356214.613,3.0833,4348314.1278,2.7314,4459569.97
460,000725.SZ,20190214,3.5938,3.5938,3.3469,3.4852,3.2679,0.21729999999999983,6.6495,39905766.11,14124856.38,3.0034,17102357.37,2.7523,8050231.9869,2.6706,4937112.1753,3.0004,4198393.4199,3.0865,4224131.358,2.721,4150900.9231
461,000725.SZ,20190213,3.11,3.2679,3.0902,3.2679,2.9718,0.29610000000000003,9.9637,15566514.13,5007098.259,2.8118,9815843.99,2.69,5224829.3569,2.646,3805821.1624,2.9998,3945292.0203,3.0894,4011496.1592,2.7114,3684634.5261
462,000725.SZ,20190212,2.7052,2.9718,2.6854,2.9718,2.7052,0.26659999999999995,9.8551,20707947.67,6082754.79,2.6716,6996607.17,2.6437,4236211.8438,2.6282,3413544.2056,3.0006,3867308.1966,3.0933,3946439.5043,2.7057,3571118.8883
463,000725.SZ,20190211,2.5867,2.7052,2.5768,2.7052,2.5867,0.11850000000000005,4.5811,6559266.29,1769017.72,2.5946,3342084.134,2.6179,2854301.8654,2.6198,2863805.4179,3.0027,3758609.6447,3.0994,3877136.4325,2.7019,3359332.708
464,000725.SZ,20190201,2.5275,2.5867,2.5275,2.5867,2.5275,0.05920000000000014,2.3422,2772292.65,721010.719,2.5768,2544014.452,2.6125,2582675.8585,2.6195,2731252.7853,3.0065,3740849.582,3.106,3871199.754,2.7007,3317595.5808
465,000725.SZ,20190131,2.5768,2.5867,2.5077,2.5275,2.567,-0.03950000000000031,-1.5388,3473199.21,895356.738,2.5808,2442734.548,2.6194,2584840.46,2.6242,2735461.9232,3.0118,3747539.2102,3.1142,3872618.1263,2.7019,3337836.3224
466,000725.SZ,20190130,2.5768,2.5966,2.567,2.567,2.5867,-0.01969999999999983,-0.7616,1470330.03,384071.141,2.5986,2220823.308,2.6308,2583383.2908,2.6294,2665447.4879,3.0182,3757253.4299,3.1225,3876547.8312,2.7027,3329897.3653
467,000725.SZ,20190129,2.6065,2.6065,2.567,2.5867,2.6163,-0.02959999999999985,-1.1314,2435332.49,638348.921,2.6084,2322647.576,2.6368,2645177.3977,2.6335,2660576.5179,3.0239,3776620.7381,3.1311,3902249.1268,2.7036,3351428.1172
468,000725.SZ,20190128,2.6262,2.6558,2.6163,2.6163,2.6065,0.009799999999999809,0.376,2568917.88,684648.073,2.6163,2352473.45,2.6406,2653707.3446,2.6364,2640696.9618,3.0302,3797828.4467,3.1402,3908029.071,2.7045,3392539.8677
469,000725.SZ,20190125,2.6163,2.6361,2.5966,2.6065,2.6163,-0.009799999999999809,-0.3746,2265893.13,601481.653,2.6282,2473796.258,2.6437,2802733.8754,2.6393,2603077.9921,3.0355,3811490.7488,3.1493,3914693.943,2.7056,3460910.1433
470,000725.SZ,20190124,2.6163,2.6361,2.5867,2.6163,2.6163,0.0,0.0,2363643.01,625640.956,2.64,2563514.924,2.649,3052593.3169,2.6422,2614512.2,3.0405,3820388.6998,3.1592,3917673.8899,2.7105,3463387.9548
471,000725.SZ,20190123,2.6262,2.6361,2.5966,2.6163,2.6262,-0.00990000000000002,-0.377,1979451.37,524764.572,2.644,2639409.912,2.6498,3130346.7238,2.6465,2611820.5818,3.0461,3835290.2304,3.1691,3929332.74,2.7155,3458984.8045
472,000725.SZ,20190122,2.6657,2.6657,2.6163,2.6262,2.6756,-0.04940000000000033,-1.8463,2584461.86,691035.929,2.6479,2849145.278,2.6482,3224492.6615,2.6521,2638039.3953,3.051,3846590.0242,3.1786,3937508.2052,2.7203,3492533.7135
473,000725.SZ,20190121,2.6657,2.7052,2.6558,2.6756,2.6657,0.00990000000000002,0.3714,3175531.92,859514.979,2.6578,2892339.4,2.6422,3155506.1523,2.6576,2698033.8118,3.0562,3861402.4544,3.1881,3935893.3793,2.7268,3490970.5096
474,000725.SZ,20190118,2.6361,2.6756,2.6361,2.6657,2.6361,0.029600000000000293,1.1229,2714486.46,730789.973,2.6578,2948084.218,2.6323,3065140.6462,2.6596,2672259.0971,3.0607,3878986.0053,3.1973,3944142.4671,2.7323,3487818.9108
475,000725.SZ,20190117,2.6361,2.6756,2.6163,2.6361,2.6361,0.0,0.0,2743117.95,734913.64,2.6539,2859917.61,2.627,2989037.9777,2.6611,2693047.5576,3.0665,3898073.9051,3.2072,3955554.3593,2.7389,3498102.1776
476,000725.SZ,20190116,2.6756,2.6854,2.6262,2.6361,2.6756,-0.03950000000000031,-1.4763,3028128.2,812876.809,2.6539,2820538.38,2.6239,3031223.7077,2.6657,2763791.6038,3.0723,3946517.1058,3.2173,3968601.3745,2.7457,3492704.7415
477,000725.SZ,20190115,2.6657,2.6854,2.646,2.6756,2.6756,0.0,0.0,2800432.47,757360.841,2.6578,3116165.296,2.6209,3048397.3023,2.6674,2723650.295,3.0804,3951362.7819,3.2272,3973935.0991,2.7532,3509951.3085
478,000725.SZ,20190114,2.646,2.6953,2.6163,2.6756,2.646,0.029600000000000293,1.1187,3454256.01,928365.027,2.6578,3658891.976,2.611,3086308.1485,2.6674,2695190.9897,3.0887,3950308.1315,3.2372,3987991.1179,2.759,3502243.4364
479,000725.SZ,20190111,2.6558,2.6657,2.6262,2.646,2.6361,0.00990000000000002,0.3756,2273653.42,608990.51,2.6479,3642928.234,2.6042,2955733.9877,2.6674,2697345.8309,3.0971,3946859.7301,3.2476,3990266.2919,2.765,3506696.8053
480,000725.SZ,20190110,2.646,2.6558,2.6262,2.6361,2.6558,-0.019700000000000273,-0.7418,2546221.8,680742.373,2.6381,3828867.262,2.5981,3165696.6308,2.6709,2701853.9662,3.1061,3952965.3419,3.2583,4014733.7863,2.7709,3522057.1969
481,000725.SZ,20190109,2.6558,2.7151,2.646,2.6558,2.6756,-0.01980000000000004,-0.74,4506262.78,1222640.933,2.6203,3657150.35,2.5981,3113305.3769,2.6753,2736166.9738,3.1149,3959064.4734,3.2686,4033758.3622,2.7763,3542295.9964
482,000725.SZ,20190108,2.6163,2.7249,2.5867,2.6756,2.6262,0.04940000000000033,1.881,5514065.87,1490870.862,2.5986,3156053.862,2.5974,2877582.9838,2.6791,2751293.8591,3.1238,3954547.6205,3.2783,4039157.7502,2.7833,3509270.2985
483,000725.SZ,20190107,2.6163,2.6361,2.5867,2.6262,2.5966,0.02959999999999985,1.14,3374437.3,893091.491,2.5828,2398271.042,2.5966,2624893.1169,2.6852,2699123.9618,3.1331,3939734.2527,3.2883,4068977.4174,2.7902,3465211.6861
484,000725.SZ,20190104,2.5275,2.6163,2.5077,2.5966,2.5472,0.04939999999999989,1.9394,3203348.56,834450.362,2.5768,2381690.07,2.6011,2520461.7008,2.6933,2774752.5865,3.1428,3939618.4886,3.2973,4072981.2344,2.7977,3443919.3745
485,000725.SZ,20190103,2.5472,2.5867,2.5373,2.5472,2.5472,0.0,0.0,1687637.24,437458.776,2.5768,2391297.344,2.6087,2431933.1023,2.702,2846036.9644,3.1531,3957578.0621,3.3068,4090114.3037,2.8058,3432582.4716
486,000725.SZ,20190102,2.6065,2.6163,2.5472,2.5472,2.5966,-0.04939999999999989,-1.9025,2000780.34,520017.149,2.5768,2712424.59,2.6239,2526376.6485,2.711,2970342.4862,3.1629,3973430.7028,3.3163,4131038.3557,2.8141,3454389.4973
487,000725.SZ,20181228,2.5966,2.6262,2.5867,2.5966,2.5966,0.0,0.0,1725151.77,454615.031,2.5847,2663626.906,2.6361,2456524.9615,2.7215,3103678.8203,3.1725,3991285.9744,3.3271,4160732.355,2.8237,3465895.9572
488,000725.SZ,20181227,2.6361,2.6558,2.5867,2.5966,2.5966,0.0,0.0,3291532.44,877506.594,2.5788,3319230.108,2.6444,2424183.8292,2.7293,3209921.0274,3.1823,4041776.0908,3.3383,4213230.7989,2.8329,3477157.478
489,000725.SZ,20181226,2.5373,2.6163,2.5275,2.5966,2.5472,0.04939999999999989,1.9394,3251384.93,846605.527,2.5867,3033950.72,2.6513,2306329.6092,2.7339,3190229.4618,3.1908,4057501.3352,3.3499,4271736.2383,2.8422,3464633.6341
490,000725.SZ,20181225,2.5571,2.567,2.488,2.5472,2.5867,-0.03949999999999987,-1.527,3293273.47,841577.478,2.5966,2672048.068,2.6604,2155444.0692,2.7395,3166623.4776,3.2003,4055838.923,3.3604,4300386.5978,2.8525,3455788.7441
491,000725.SZ,20181224,2.567,2.5966,2.567,2.5867,2.567,0.01969999999999983,0.7674,1756791.92,460026.366,2.6203,2459212.894,2.6725,2106319.6638,2.747,3178112.2159,3.21,4061700.3526,3.3721,4323164.8364,2.863,3455159.2183
492,000725.SZ,20181221,2.6262,2.6361,2.567,2.567,2.6361,-0.06909999999999972,-2.6213,5003167.78,1309961.212,2.64,2511220.288,2.6862,2145960.9,2.7546,3240756.8174,3.2199,4089874.36,3.3835,4381382.9295,2.8734,3474780.2901
493,000725.SZ,20181220,2.646,2.6558,2.6163,2.6361,2.646,-0.00990000000000002,-0.3741,1865135.5,498321.86,2.6657,1921082.088,2.7044,1981939.6115,2.7618,3240597.4856,3.2307,4078825.5772,3.3965,4389388.4061,2.8842,3524318.3293
494,000725.SZ,20181219,2.6657,2.6756,2.6361,2.646,2.6657,-0.019700000000000273,-0.739,1441871.67,387528.681,2.6874,2131135.656,2.7181,2194180.8823,2.7682,3386989.5056,3.2413,4091534.9226,3.4101,4409634.1111,2.8962,3584231.4693
495,000725.SZ,20181218,2.6756,2.6953,2.646,2.6657,2.6854,-0.01969999999999983,-0.7336,2229097.6,601981.567,2.6993,2061303.004,2.7257,2260128.5708,2.7723,3553509.5806,3.2526,4100754.5928,3.4247,4422714.9096,2.9095,3640165.1231
496,000725.SZ,20181217,2.6854,2.6953,2.6657,2.6854,2.6953,-0.00990000000000002,-0.3673,2016828.89,548331.606,2.7072,1876426.894,2.7295,2351835.9954,2.7737,3583320.3556,3.2638,4115371.8919,3.439,4429448.6707,2.9229,3721560.706
497,000725.SZ,20181214,2.7348,2.7447,2.6854,2.6953,2.7447,-0.04939999999999989,-1.7998,2052476.78,563040.226,2.7072,1824946.632,2.7378,2592727.2746,2.7731,3662684.2362,3.2745,4124707.1426,3.4533,4445414.0754,2.9337,3726276.4785
498,000725.SZ,20181213,2.7151,2.7743,2.6854,2.7447,2.7052,0.03949999999999987,1.4602,2915403.34,808883.012,2.7111,1672425.858,2.7378,2562792.4223,2.7743,3683747.12,3.2852,4126506.3058,3.4675,4471193.2213,2.9446,3746690.1369
499,000725.SZ,20181212,2.7151,2.7249,2.6953,2.7052,2.7052,0.0,0.0,1092708.41,300010.222,2.7032,1620276.43,2.7325,2479516.48,2.7746,3693772.0471,3.2956,4137993.9753,3.4806,4484178.2104,2.9543,3737763.9424
500,000725.SZ,20181211,2.7052,2.7052,2.6854,2.7052,2.6854,0.01980000000000004,0.7373,1304717.05,356470.053,2.7151,1856160.346,2.7303,2666809.7262,2.7758,3767092.1141,3.3068,4162649.4464,3.4942,4502325.084,2.9652,3770343.4069
501,000725.SZ,20181210,2.6953,2.7052,2.6756,2.6854,2.7151,-0.02970000000000006,-1.0939,1759427.58,479235.015,2.7348,2169395.142,2.7348,2753133.8008,2.7772,3835372.1038,3.3183,4187950.4635,3.508,4529960.363,2.9758,3796637.3587
502,000725.SZ,20181207,2.7052,2.7249,2.6953,2.7151,2.7052,0.00990000000000002,0.366,1289872.91,354578.49,2.7605,2742364.03,2.7424,2903398.1454,2.7795,3928794.4203,3.3295,4203020.603,3.5226,4545234.8455,2.986,3810189.1451
503,000725.SZ,20181206,2.7348,2.7546,2.6953,2.7052,2.7644,-0.05920000000000014,-2.1415,2654656.2,731499.374,2.7664,2944227.772,2.7477,3190375.3738,2.7833,4098293.4903,3.341,4230006.8998,3.5371,4569144.6822,2.9961,3844159.4197
504,000725.SZ,20181205,2.7546,2.7842,2.7447,2.7644,2.8039,-0.03949999999999987,-1.4088,2272127.99,635739.174,2.7684,3097555.356,2.7614,3273885.6169,2.7827,4162097.2535,3.353,4238229.8457,3.552,4586508.3837,3.0066,3863730.4895
505,000725.SZ,20181204,2.8039,2.8138,2.7743,2.8039,2.8138,-0.00990000000000002,-0.3518,2870891.03,811968.743,2.7743,3672812.862,2.772,3556476.5823,2.7784,4196122.3641,3.3648,4266955.7623,3.5664,4602019.8801,3.0174,3880467.3201
506,000725.SZ,20181203,2.8335,2.8434,2.794,2.8138,2.7447,0.06910000000000016,2.5176,4624272.02,1318713.013,2.7526,3431299.396,2.7789,3768486.3038,2.7746,4237871.1065,3.3757,4287028.5685,3.5815,4618001.8078,3.0282,3910104.4552
507,000725.SZ,20181130,2.7052,2.7546,2.6854,2.7447,2.7151,0.02959999999999985,1.0902,2299191.62,631099.219,2.7249,2873008.21,2.7819,3867698.07,2.7679,4186503.6185,3.3859,4292545.8417,3.5961,4623900.697,3.0382,3896767.5751
508,000725.SZ,20181129,2.8039,2.8039,2.7151,2.7151,2.794,-0.07889999999999997,-2.8239,3421294.12,955800.289,2.7111,3118674.008,2.794,4193469.1531,2.7647,4209619.6421,3.3972,4349868.05,3.6113,4675246.6895,3.0492,3956354.1603
509,000725.SZ,20181128,2.6953,2.794,2.6657,2.794,2.6953,0.09870000000000001,3.6619,5148415.52,1439184.556,2.721,2919801.188,2.8054,4340860.8985,2.763,4271308.4556,3.4072,4354241.5796,3.628,4684038.1902,3.0588,3956308.1935
510,000725.SZ,20181127,2.6953,2.7151,2.6756,2.6953,2.6756,0.01969999999999983,0.7363,1663323.7,454008.453,2.719,2632690.896,2.8024,4146522.7208,2.7601,4346257.6624,3.417,4360841.7306,3.6445,4684282.5028,3.0686,3944266.194
511,000725.SZ,20181126,2.6756,2.7052,2.6657,2.6756,2.6756,0.0,0.0,1832816.09,497983.834,2.7368,3304141.532,2.8092,4206942.5492,2.7682,4369446.0532,3.4271,4409039.4967,3.6617,4703159.1725,3.0784,3966339.8979
512,000725.SZ,20181123,2.7546,2.7644,2.6657,2.6756,2.7644,-0.08879999999999999,-3.2123,3527520.61,965132.015,2.7783,3685636.186,2.8191,4349332.8938,2.7775,4375345.7782,3.4389,4445055.1227,3.6795,4716282.0531,3.0881,3978563.0977
513,000725.SZ,20181122,2.7842,2.7842,2.7447,2.7644,2.7842,-0.019799999999999596,-0.7112,2426930.02,679046.645,2.8237,4169294.172,2.832,4376962.7215,2.7865,4403819.2762,3.4515,4494151.4294,3.697,4725069.7785,3.0987,4002176.5612
514,000725.SZ,20181121,2.7546,2.7842,2.7348,2.7842,2.7842,0.0,0.0,3712864.06,1035572.044,2.8493,4809311.65,2.8358,4574718.1431,2.7967,4405004.3218,3.4639,4568818.2467,3.7148,4741705.4792,3.1091,4047486.5023
515,000725.SZ,20181120,2.8434,2.8632,2.7743,2.7842,2.8829,-0.09870000000000001,-3.4236,5020576.88,1434372.26,2.8632,5249543.834,2.8411,4815456.6138,2.8057,4382248.3791,3.4749,4599237.9107,3.7326,4751850.5509,3.1214,4039559.8767
516,000725.SZ,20181119,2.8928,2.9026,2.8533,2.8829,2.9026,-0.019700000000000273,-0.6787,3740289.36,1088901.406,2.8868,5552271.598,2.8411,4975685.64,2.8167,4337105.8671,3.487,4613975.5421,3.7504,4756697.3559,3.1335,4024661.6273
517,000725.SZ,20181116,2.9026,2.9323,2.8632,2.9026,2.8928,0.009800000000000253,0.3388,5945810.54,1745772.515,2.8829,5871691.088,2.8282,4937406.7623,2.8245,4295871.1871,3.4984,4668526.6553,3.7683,4791264.3606,3.1439,4016847.1191
518,000725.SZ,20181115,2.8434,2.9026,2.8335,2.8928,2.8533,0.03949999999999987,1.3844,5627017.41,1636781.365,2.8533,5206932.822,2.81,4842744.4769,2.8333,4248100.8985,3.5112,4671375.8413,3.7849,4820014.5243,3.1545,4005838.2237
519,000725.SZ,20181114,2.8829,2.9026,2.8335,2.8533,2.9026,-0.04930000000000012,-1.6985,5914024.98,1719052.773,2.8316,4571285.634,2.7979,4622867.3554,2.8396,4147963.3882,3.5255,4669012.2456,3.8006,4809162.3821,3.1658,4005297.7135
520,000725.SZ,20181113,2.8237,2.9125,2.8138,2.9026,2.8632,0.0394000000000001,1.3761,6534215.7,1898161.502,2.8217,4125258.752,2.7903,4418423.1923,2.8475,4085440.85,3.5411,4653307.3959,3.8164,4811824.5975,3.178,4075879.4719
521,000725.SZ,20181112,2.7348,2.873,2.7249,2.8632,2.7546,0.10860000000000003,3.9425,5337386.81,1521705.721,2.8099,3595757.286,2.7781,4191605.8838,2.853,3994013.4115,3.5563,4631313.5592,3.8325,4837663.6253,3.1871,4074293.7244
522,000725.SZ,20181109,2.7842,2.8138,2.7447,2.7546,2.7842,-0.02959999999999985,-1.0631,2622019.21,739771.851,2.8,3527830.024,2.7698,4059978.9523,2.8582,3956564.7335,3.5718,4626991.3057,3.8478,4827998.3318,3.1955,4067203.3888
523,000725.SZ,20181108,2.8335,2.8335,2.7842,2.7842,2.8039,-0.019700000000000273,-0.7026,2448781.47,695940.448,2.8197,4371919.018,2.7705,4237961.0392,2.8707,3939132.8579,3.5881,4653290.8419,3.8637,4839168.1618,3.2046,4082225.472
524,000725.SZ,20181107,2.8237,2.8434,2.794,2.8039,2.8434,-0.03949999999999987,-1.3892,3683890.57,1051083.902,2.8197,5302873.568,2.7751,4592119.4869,2.8829,3932100.1659,3.6032,4671770.5991,3.88,4855768.8903,3.2138,4102126.2245
525,000725.SZ,20181106,2.8138,2.8533,2.794,2.8434,2.8138,0.02959999999999985,1.052,3886708.37,1109719.548,2.802,5214628.244,2.766,4679818.9931,2.8942,3876030.2647,3.6184,4675073.651,3.896,4862437.5295,3.2233,4110346.5908
526,000725.SZ,20181105,2.8237,2.8632,2.7842,2.8138,2.8533,-0.03949999999999987,-1.3844,4997750.5,1427504.994,2.7664,5380326.736,2.7485,4644609.2531,2.9047,3830923.5726,3.6336,4689576.2263,3.9121,4879126.9864,3.2327,4131775.5367
527,000725.SZ,20181102,2.8632,2.9026,2.8138,2.8533,2.7842,0.06910000000000016,2.4819,6842464.18,1977622.498,2.7506,4934499.602,2.7379,4590193.6969,2.9151,3781671.0335,3.6499,4685014.175,3.9287,4918140.6714,3.242,4154481.472
528,000725.SZ,20181101,2.7348,2.873,2.7249,2.7842,2.7151,0.06909999999999972,2.545,7103554.22,2011951.768,2.7309,4217256.938,2.7173,4285217.7931,2.9273,3664650.4644,3.666,4674515.3634,3.944,4907319.1811,3.2515,4233320.4253
529,000725.SZ,20181031,2.6657,2.7348,2.6657,2.7151,2.6657,0.04939999999999989,1.8532,3242663.95,888764.824,2.723,3513664.232,2.706,3976108.7315,2.9421,3531303.7471,3.6829,4663998.4713,3.9601,4897347.6244,3.2581,4192608.5479
530,000725.SZ,20181030,2.6065,2.7151,2.5768,2.6657,2.7348,-0.06909999999999972,-2.5267,4715200.83,1268232.99,2.7309,3590378.782,2.7014,4151189.4877,2.9593,3505114.9294,3.7002,4675463.1028,3.9758,4899247.2099,3.2672,4195495.2228
531,000725.SZ,20181029,2.7644,2.7842,2.7249,2.7348,2.7546,-0.01980000000000004,-0.7188,2768614.83,771166.98,2.7506,3634495.884,2.7037,4380534.6969,2.9799,3442550.7338,3.7188,4681411.9638,3.9919,4915280.5706,3.2766,4190450.4587
532,000725.SZ,20181026,2.7644,2.794,2.7249,2.7546,2.7447,0.00990000000000002,0.3607,3256250.86,910817.084,2.7723,4491341.176,2.7219,4356158.8631,2.9976,3456593.2103,3.7366,4701221.4739,4.0066,4937952.0642,3.2839,4220940.3435
533,000725.SZ,20181025,2.6558,2.7546,2.6262,2.7447,2.7546,-0.00990000000000002,-0.3594,3585590.69,975860.129,2.7585,4804887.834,2.7401,4262093.9308,3.0156,3455773.2529,3.7543,4754835.4565,4.0202,4980894.533,3.2906,4230881.2289
534,000725.SZ,20181024,2.7447,2.8138,2.7348,2.7546,2.7644,-0.009800000000000253,-0.3545,3626236.7,1015123.331,2.7328,4773566.046,2.7583,4332096.15,3.0342,3606741.7832,3.7736,4764012.311,4.0361,5001505.4976,3.2986,4232881.3412
535,000725.SZ,20181023,2.8335,2.8434,2.7447,2.7644,2.8434,-0.07899999999999974,-2.7784,4935786.34,1393090.281,2.717,4906388.36,2.7857,4242941.14,3.0571,3687106.0274,3.7933,4774869.7253,4.0509,5028245.328,3.3078,4249492.1432
536,000725.SZ,20181022,2.7052,2.8829,2.6953,2.8434,2.6854,0.15799999999999992,5.8837,7052841.29,2001709.066,2.6815,4494786.578,2.8107,4089354.6531,3.083,3707726.8909,3.8131,4774298.1595,4.0654,5053428.8885,3.3163,4240471.2908
537,000725.SZ,20181019,2.5768,2.6953,2.567,2.6854,2.6163,0.06910000000000016,2.6411,4823984.15,1298158.797,2.64,3701245.604,2.835,3814961.59,3.1074,3745401.1565,3.8327,4753449.143,4.0814,5044149.5644,3.3249,4219623.3072
538,000725.SZ,20181018,2.6558,2.6558,2.5966,2.6163,2.6756,-0.05930000000000035,-2.2163,3428981.75,911119.822,2.6341,3840191.53,2.8707,3623755.9046,3.1312,3673240.2059,3.8532,4754759.2962,4.0983,5060470.3995,3.334,4215787.3769
539,000725.SZ,20181017,2.6262,2.6854,2.6065,2.6756,2.5867,0.0889000000000002,3.4368,4290348.27,1151142.279,2.6499,4693732.89,2.9156,3692420.4415,3.1576,3677784.8944,3.8752,4767324.4468,4.1154,5129474.4818,3.3436,4217363.5947
540,000725.SZ,20181016,2.6361,2.6756,2.567,2.5867,2.6361,-0.04939999999999989,-1.874,2877777.43,764187.349,2.7091,4326009.034,2.949,3533343.0408,3.1808,3617655.2026,3.8968,4775220.5087,4.1346,5137410.4707,3.3535,4220285.13
541,000725.SZ,20181015,2.6756,2.7151,2.6262,2.6361,2.6558,-0.019700000000000273,-0.7418,3085136.42,835151.081,2.7901,4157134.896,2.99,3603380.06,3.2084,3637019.6385,3.9191,4795789.3246,4.1542,5156532.2727,3.3634,4230003.0533
542,000725.SZ,20181012,2.6657,2.6854,2.5472,2.6558,2.6953,-0.03949999999999987,-1.4655,5518713.78,1473428.038,2.8592,4439231.52,3.0249,3629575.9346,3.234,3642655.7271,3.9417,4840907.2185,4.1734,5222439.0925,3.3731,4251767.2584
543,000725.SZ,20181011,2.873,2.873,2.6756,2.6953,2.9718,-0.27649999999999997,-9.3041,7696688.55,2151468.177,2.95,3828933.078,3.0545,3517685.01,3.2572,3561982.1324,3.9629,4877614.6799,4.1938,5231458.6627,3.3821,4254285.2513
544,000725.SZ,20181010,2.9816,3.0112,2.9421,2.9718,2.9915,-0.01969999999999983,-0.6585,2451728.99,738519.697,3.029,2877427.77,3.0918,3081734.7708,3.2801,3448480.8076,3.9828,4850505.769,4.2143,5237874.254,3.3928,4224504.6579
545,000725.SZ,20181009,2.9915,3.0112,2.9718,2.9915,2.9816,0.00990000000000002,0.332,2033406.74,615491.704,3.0665,3084228.266,3.1092,3063114.8438,3.2955,3497620.7324,4.0004,4877673.8966,4.2344,5309427.2083,3.3995,4321400.7893
546,000725.SZ,20181008,3.0409,3.0606,2.9718,2.9816,3.11,-0.12840000000000007,-4.1286,4495619.54,1372062.324,3.0981,3145208.966,3.1244,3043430.7815,3.3127,3541561.425,4.0188,4939254.4845,4.2541,5365389.6635,3.4103,4343967.4401
547,000725.SZ,20180928,3.1001,3.1297,3.0902,3.11,3.0902,0.01980000000000004,0.6407,2467221.57,777268.996,3.1416,3110409.204,3.1411,2878620.1123,3.3312,3559151.3256,4.0358,4933756.7947,4.2747,5399521.9534,3.4222,4319340.0172
548,000725.SZ,20180927,3.1495,3.1593,3.0804,3.0902,3.1593,-0.06910000000000016,-2.1872,2939162.01,927811.993,3.1416,3061433.302,3.1457,2944461.8508,3.3446,3593174.3974,4.0521,4947940.8149,4.2946,5481318.578,3.4325,4325879.5457
549,000725.SZ,20180926,3.1495,3.1988,3.1199,3.1593,3.1495,0.009799999999999809,0.3112,3485731.47,1117425.435,3.1475,3231252.636,3.1593,2938662.0677,3.3585,3705792.7356,4.0691,4964018.194,4.3129,5507482.2919,3.4439,4328728.8724
550,000725.SZ,20180925,3.1692,3.1692,3.1297,3.1495,3.1988,-0.04929999999999968,-1.5412,2338310.24,745875.195,3.1337,3219242.9,3.1692,2868203.1723,3.3667,3703796.1221,4.0854,4973220.6879,4.3308,5576384.5051,3.4538,4327912.4093
551,000725.SZ,20180921,3.1199,3.2087,3.11,3.1988,3.11,0.08879999999999999,2.8553,4321620.73,1386323.85,3.112,3564407.204,3.1806,2869275.0115,3.378,3759883.0432,4.1021,5003560.3848,4.349,5627981.4051,3.4642,4348146.0856
552,000725.SZ,20180920,3.1199,3.1495,3.1001,3.11,3.1199,-0.00990000000000002,-0.3173,2222342.06,703417.257,3.108,3105950.146,3.1935,2735920.9692,3.3847,3730389.8303,4.119,5054042.6246,4.3661,5707629.6079,3.4751,4335603.688
553,000725.SZ,20180919,3.0606,3.1593,3.0507,3.1199,3.0902,0.02970000000000006,0.9611,3788258.68,1193706.931,3.1258,3103415.722,3.211,2814668.4285,3.3934,3745896.125,4.1351,5073426.5847,4.3826,5742951.3504,3.4874,4350742.6908
554,000725.SZ,20180918,3.0112,3.1001,3.0112,3.0902,3.0409,0.04929999999999968,1.6212,3425682.79,1061030.197,3.1396,2701266.772,3.23,2771600.2462,3.4036,3790315.8806,4.1517,5084746.7407,4.3992,5772324.8644,3.5001,4377426.2703
555,000725.SZ,20180917,3.1495,3.1495,3.031,3.0409,3.1791,-0.13819999999999988,-4.3471,4064131.76,1263436.405,3.1613,2486746.382,3.252,3178741.6254,3.4169,3860889.1985,4.1676,5085705.1512,4.416,5854564.6802,3.5118,4384689.3999
556,000725.SZ,20180914,3.2087,3.2186,3.1692,3.1791,3.1988,-0.01969999999999983,-0.6159,2029335.44,655091.299,3.187,2338552.864,3.29,3355240.7977,3.4367,3833072.5921,4.1838,5109043.3944,4.4326,5952139.9646,3.5237,4391460.1691
557,000725.SZ,20180913,3.2285,3.2383,3.1692,3.1988,3.189,0.009799999999999809,0.3073,2209669.94,716462.244,3.2047,2505438.742,3.3257,3632745.4331,3.4518,3888186.4962,4.198,5140784.7958,4.4459,6000504.7528,3.5347,4484345.4103
558,000725.SZ,20180912,3.1988,3.2186,3.1791,3.189,3.1988,-0.009799999999999809,-0.3064,1777513.93,576269.085,3.2225,2577457.92,3.3621,4103829.77,3.4654,3915966.8285,4.2109,5198450.4774,4.4591,6047244.7825,3.5429,4528962.7128
559,000725.SZ,20180911,3.1692,3.2186,3.1593,3.1988,3.1692,0.02959999999999985,0.934,2353080.84,759943.954,3.2442,2692403.964,3.3857,4149444.9931,3.4802,4014279.4597,4.2264,5235195.8231,4.4732,6071396.6875,3.5533,4545422.4947
560,000725.SZ,20180910,3.2581,3.2679,3.1593,3.1692,3.2679,-0.09870000000000001,-3.0203,3323164.17,1076655.321,3.2778,2739391.432,3.41,4244092.71,3.4962,4109379.4097,4.2407,5275419.3453,4.4874,6111952.6907,3.5632,4569212.3412
561,000725.SZ,20180907,3.2877,3.3272,3.2482,3.2679,3.2877,-0.01980000000000004,-0.6022,2863764.83,952449.211,3.3114,2723970.404,3.4327,4161229.2162,3.5139,4341276.2535,4.2549,5316173.8168,4.5017,6140123.5286,3.5744,4602421.4721
562,000725.SZ,20180906,3.2877,3.3371,3.2679,3.2877,3.2976,-0.00990000000000002,-0.3002,2569765.83,859289.625,3.3312,2796891.9,3.4525,4212952.5562,3.5232,4445732.7185,4.2708,5334374.3076,,,3.5858,4609733.1819
563,000725.SZ,20180905,3.3371,3.3568,3.2877,3.2976,3.3667,-0.06909999999999972,-2.0525,2352244.15,791144.009,3.3489,4026642.878,3.4692,4267336.9869,3.5293,4511492.8894,4.2864,5369182.915,,,3.5975,4624740.054
564,000725.SZ,20180904,3.3469,3.3765,3.3173,3.3667,3.3371,0.02959999999999985,0.887,2588018.18,879478.462,3.3963,4827918.248,3.4806,4299919.0954,3.5334,4552564.3982,4.3018,5457644.2172,,,3.6104,4630303.5209
565,000725.SZ,20180903,3.3469,3.3469,3.2778,3.3371,3.3667,-0.02959999999999985,-0.8792,3246059.03,1087269.662,3.4516,5437693.752,3.4889,4396044.1208,3.5365,4592367.9197,4.3194,5478779.7186,,,3.6227,4653583.1275
566,000725.SZ,20180831,3.3469,3.3864,3.3173,3.3667,3.3765,-0.009800000000000253,-0.2902,3228372.31,1096309.969,3.5187,6455235.21,3.5011,4463461.6131,3.5418,4623378.4788,4.3373,5498663.7667,,,3.6345,4655117.0736
567,000725.SZ,20180830,3.5148,3.5246,3.3568,3.3765,3.5345,-0.15799999999999992,-4.4702,8718520.72,3014911.303,3.5444,6283663.114,3.517,4486462.9962,3.547,4690011.0376,4.3547,5575018.0491,,,3.6461,4642892.86
568,000725.SZ,20180829,3.6332,3.6431,3.5246,3.5345,3.6431,-0.10860000000000003,-2.981,6358621.0,2293868.508,3.572,5256659.202,3.5353,4207628.7992,3.5511,4630663.2415,4.3737,5563382.6353,,,3.6576,4587574.2871
569,000725.SZ,20180828,3.6135,3.6629,3.5938,3.6431,3.6727,-0.02959999999999985,-0.8059,5636895.7,2072963.419,3.5582,4434122.752,3.5375,3997273.8,3.5519,4818803.3791,4.3919,5580204.1804,,,3.6682,4564700.6236
570,000725.SZ,20180827,3.5345,3.7122,3.5246,3.6727,3.495,0.17769999999999975,5.0844,8333766.32,3077680.73,3.5345,4013977.262,3.5315,4084296.0931,3.5412,4772134.7824,4.4108,5642060.3094,,,3.6777,4555516.1945
571,000725.SZ,20180824,3.495,3.5345,3.4753,3.495,3.5148,-0.01980000000000004,-0.5633,2370511.83,839956.696,3.5009,3002576.684,3.5132,3706148.4231,3.5331,4628764.1426,4.4292,5663985.9715,,,3.6861,4496793.0124
572,000725.SZ,20180823,3.4753,3.5444,3.4555,3.5148,3.4654,0.04940000000000033,1.4255,3583501.16,1270496.353,3.4911,3083636.63,3.5163,3850360.2485,3.5296,4686597.4276,4.4498,5718801.6986,,,3.6977,4534198.1833
573,000725.SZ,20180822,3.5148,3.5148,3.4555,3.4654,3.5246,-0.05920000000000014,-1.6796,2245938.75,792231.311,3.4832,3134465.1,3.5094,3830002.5815,3.5226,4729887.2815,4.4703,5807047.1845,,,3.71,4537601.64
574,000725.SZ,20180821,3.5049,3.5444,3.4852,3.5246,3.5049,0.01969999999999983,0.5621,3536168.25,1260740.85,3.4891,3509774.636,3.5049,3868742.3762,3.5165,4781530.7674,4.4892,5842567.2602,,,3.7232,4593104.5897
575,000725.SZ,20180820,3.4654,3.5148,3.4259,3.5049,3.4457,0.05920000000000014,1.7181,3276763.43,1153671.882,3.499,3508019.044,3.5003,4004308.6931,3.5113,4787396.3809,4.5077,5923081.4078,,,3.7345,4622774.0148
576,000725.SZ,20180817,3.5148,3.5345,3.4358,3.4457,3.4753,-0.02959999999999985,-0.8517,2775811.56,979578.262,3.5207,3871401.59,3.5034,4200340.3985,3.5095,4834316.4815,4.5265,5977119.0669,,,3.745,4651333.9604
577,000725.SZ,20180816,3.4358,3.5444,3.416,3.4753,3.495,-0.019700000000000273,-0.5637,3837643.51,1356301.782,3.5444,4041040.48,3.5239,4226690.8277,3.5081,4877946.2124,4.545,6081329.8685,,,3.7573,4755037.6679
578,000725.SZ,20180815,3.5839,3.6234,3.4852,3.495,3.574,-0.07899999999999974,-2.2104,4122486.43,1478119.376,3.5621,4627148.88,3.5406,4231734.2638,3.5087,4926522.6538,4.5618,6111566.4869,,,3.7663,4757883.5195
579,000725.SZ,20180814,3.5839,3.6135,3.5543,3.574,3.6135,-0.03950000000000031,-1.0931,3527390.29,1278907.303,3.5503,4486220.916,3.5535,4157250.7877,3.5049,4938693.3288,4.5787,6143718.5432,,,3.7758,4784234.8639
580,000725.SZ,20180813,3.5049,3.6234,3.4852,3.6135,3.5641,0.04940000000000033,1.386,5093676.16,1836710.868,3.5424,4629795.97,3.5626,4279770.2569,3.4979,4939275.9109,4.595,6239529.8028,,,3.7835,4851920.3537
581,000725.SZ,20180810,3.5543,3.574,3.5148,3.5641,3.5641,0.0,0.0,3624006.01,1302091.014,3.5049,4274831.036,3.5725,4317678.1785,3.4921,4922093.1832,4.6105,6346895.6267,,,3.7936,4877592.2213
582,000725.SZ,20180809,3.416,3.6234,3.3963,3.5641,3.4358,0.12829999999999986,3.7342,6768185.51,2433116.358,3.4733,4099941.05,3.5884,4901035.9362,3.4851,4921581.8794,4.6235,6392582.9785,,,3.806,4970570.6583
583,000725.SZ,20180808,3.5246,3.5345,3.4259,3.4358,3.5345,-0.09870000000000001,-2.7925,3417846.61,1204122.979,3.4536,3806010.022,3.59,4873889.7154,3.4793,4861266.1821,4.6364,6415781.2385,,,3.8191,5056047.5409
584,000725.SZ,20180807,3.4358,3.5345,3.4062,3.5345,3.4259,0.10860000000000003,3.17,4245265.56,1495922.295,3.4753,4287475.82,3.5945,4980640.8715,3.4761,4928610.7891,4.6512,6432734.9833,,,3.8316,5118386.8617
585,000725.SZ,20180806,3.3864,3.4555,3.3667,3.4259,3.4062,0.01969999999999983,0.5784,3318851.49,1145199.106,3.5108,4062096.136,3.5869,4942441.6323,3.4751,4964430.7444,4.6656,6467191.7877,,,3.8447,5157020.5983
586,000725.SZ,20180803,3.4654,3.4852,3.3864,3.4062,3.4654,-0.0591999999999997,-1.7083,2749556.08,955447.942,3.5641,4178967.474,3.5907,4990325.2031,3.4765,5152668.6079,4.6805,6500283.3452,,,3.8594,5267377.9072
587,000725.SZ,20180802,3.5246,3.5246,3.3568,3.4654,3.5444,-0.07900000000000018,-2.2289,5298530.37,1850285.03,3.6155,4259896.506,3.5991,5109622.2769,3.4882,5181384.7688,,,,,3.8774,5315465.0704
588,000725.SZ,20180801,3.7221,3.732,3.5345,3.5444,3.7122,-0.16780000000000017,-4.5202,5825175.6,2143304.121,3.6609,4224219.11,3.6052,5124649.1185,3.5001,5103444.5468,,,,,3.8971,5315306.794
589,000725.SZ,20180731,3.6727,3.7418,3.6727,3.7122,3.6925,0.019700000000000273,0.5335,3118367.14,1170442.875,3.7004,4176479.818,3.6029,5191996.8146,3.5101,5019106.6235,,,,,3.9179,5286338.1409
590,000725.SZ,20180730,3.6629,3.7418,3.6431,3.6925,3.6629,0.02959999999999985,0.8081,3903208.18,1460161.215,3.7122,5794337.762,3.5915,5933305.9331,3.517,5020121.1638,,,,,3.9362,5289654.622
591,000725.SZ,20180727,3.6727,3.7122,3.6332,3.6629,3.6925,-0.02959999999999985,-0.8016,3154201.24,1172135.131,3.6905,6296753.054,3.5596,5944610.1815,3.5231,5006041.4156,,,,,3.955,5300478.2769
592,000725.SZ,20180726,3.7517,3.7912,3.6629,3.6925,3.7418,-0.04930000000000012,-1.3175,5120143.39,1920796.886,3.6569,6627035.134,3.5391,5968068.8992,3.531,5026677.7309,,,,,3.9741,5343877.6261
593,000725.SZ,20180725,3.7616,3.811,3.7221,3.7418,3.7715,-0.02970000000000006,-0.7875,5586479.14,2125770.624,3.6056,6352741.546,3.5148,5907815.0631,3.5406,4975524.7168,,,,,3.991,5343740.6009
594,000725.SZ,20180724,3.6135,3.8208,3.5839,3.7715,3.5839,0.1876000000000002,5.2345,11207656.86,4227055.806,3.5523,6023713.3,3.4791,5866959.4515,3.549,4909974.3676,,,,,4.0076,5324714.6131
595,000725.SZ,20180723,3.4654,3.5938,3.4555,3.5839,3.495,0.08889999999999976,2.5436,6415284.64,2303759.062,3.501,4642265.536,3.4396,5312664.0985,3.5579,4750617.6112,,,,,4.0245,5254946.9109
596,000725.SZ,20180720,3.4259,3.5148,3.3765,3.495,3.4358,0.05920000000000014,1.723,4805611.64,1685223.027,3.4931,4457984.47,3.4214,5106534.4423,3.5692,4678709.7544,,,,,4.0455,5227287.3173
597,000725.SZ,20180719,3.4852,3.5049,3.4062,3.4358,3.4753,-0.03949999999999987,-1.1366,3748675.45,1308177.276,3.497,4837001.272,3.4176,5111644.8431,3.582,4671837.0429,,,,,4.0679,5234287.6329
598,000725.SZ,20180718,3.5543,3.574,3.4753,3.4753,3.5148,-0.03950000000000031,-1.1238,3941337.91,1406532.955,3.5227,6638343.318,3.4145,5150917.6862,3.5988,4826162.1335,,,,,4.0917,5258826.9169
599,000725.SZ,20180717,3.5543,3.5641,3.4457,3.5148,3.5444,-0.02959999999999985,-0.8351,4300418.04,1519272.589,3.4832,6660108.418,3.416,5269987.2715,3.6088,4873651.2429,,,,,4.1147,5271523.3567
600,000725.SZ,20180716,3.5246,3.6036,3.5049,3.5444,3.5148,0.02959999999999985,0.8422,5493879.31,1972515.88,3.4595,6491857.724,3.4046,5288131.2208,3.6221,4835756.5232,,,,,4.1391,5288475.6069
601,000725.SZ,20180713,3.5246,3.5543,3.4753,3.5148,3.5641,-0.04929999999999968,-1.3832,6700695.65,2383425.1,3.4259,6260450.566,3.3887,5138386.5108,3.6337,4795857.7003,,,,,4.1624,5290173.0067
602,000725.SZ,20180712,3.2976,3.6036,3.2976,3.5641,3.2778,0.2862999999999998,8.7345,12755385.68,4525338.811,3.3785,5931382.674,3.3811,4969830.1854,3.6482,4769773.975,,,,,4.1864,5347185.9228
603,000725.SZ,20180711,3.3272,3.3272,3.2581,3.2778,3.3963,-0.11850000000000005,-3.4891,4050163.41,1351227.26,3.3173,4180668.992,3.3628,4266079.1085,3.6647,4494972.7215,,,,,4.2125,5242541.5503
604,000725.SZ,20180710,3.3765,3.416,3.3568,3.3963,3.3765,0.01980000000000004,0.5864,3459164.57,1184532.951,3.3311,4117756.132,3.3696,4317408.9846,3.6908,4484535.0106,,,,,4.2434,5257735.4295
605,000725.SZ,20180709,3.2778,3.3864,3.2679,3.3765,3.2778,0.09870000000000001,3.0112,4336843.52,1467823.321,3.341,4400332.588,3.3643,4490362.7292,3.7165,4464250.8812,,,,,4.2728,5276326.3135
606,000725.SZ,20180706,3.2778,3.3371,3.189,3.2778,3.2581,0.01969999999999983,0.6046,5055356.19,1672817.871,3.345,4384808.366,3.3739,4577001.2308,3.7433,4464166.915,,,,,4.3034,5272509.5053
607,000725.SZ,20180705,3.3371,3.3667,3.2383,3.2581,3.3469,-0.08879999999999999,-2.6532,4001817.27,1334210.626,3.3884,4471585.632,3.3889,4935738.3585,3.7711,4414335.9974,,,,,4.3348,5271940.0389
608,000725.SZ,20180704,3.416,3.416,3.3272,3.3469,3.4457,-0.09879999999999978,-2.8673,3735599.11,1274731.617,3.4101,4578480.054,3.4308,4914514.38,3.7997,4364622.4391,,,,,4.3685,5288427.3212
609,000725.SZ,20180703,3.416,3.4654,3.3173,3.4457,3.3963,0.04939999999999989,1.4545,4872046.85,1680175.33,3.4082,4540799.848,3.4712,4830896.2038,3.826,4389152.6932,,,,,4.4011,5310984.4155
610,000725.SZ,20180702,3.4852,3.4852,3.3667,3.3963,3.495,-0.09870000000000001,-2.824,4259222.41,1480783.341,3.4022,4468283.162,3.5047,4683637.6931,3.852,4382418.8518,,,,,4.4324,5323886.2831
611,000725.SZ,20180629,3.3864,3.5049,3.3765,3.495,3.3667,0.1283000000000003,3.8109,5489242.52,1921217.207,3.3883,4337763.016,3.5472,4598533.0085,3.8803,4402678.8844,,,,,4.4658,5394858.1596
612,000725.SZ,20180628,3.3371,3.4457,3.3272,3.3667,3.3371,0.02959999999999985,0.887,4536289.38,1558437.82,3.3625,4183404.872,3.5785,4439706.41,3.9039,4356804.9179,,,,,4.4953,5465729.4355
613,000725.SZ,20180627,3.3963,3.4358,3.3272,3.3371,3.416,-0.07889999999999997,-2.3097,3547198.08,1210251.95,3.3545,4417659.646,3.6218,4387363.8392,3.9334,4375616.9847,,,,,4.5245,5455818.9821
614,000725.SZ,20180626,3.2778,3.4358,3.2482,3.416,3.3272,0.08879999999999999,2.6689,4509463.42,1536792.447,3.3874,4800848.838,3.6741,4374574.8262,3.9657,4384192.3474,,,,,4.5535,5493375.5327
615,000725.SZ,20180625,3.3852,3.4143,3.3171,3.3268,3.3657,-0.038899999999999935,-1.1558,3606621.68,1249839.901,3.3988,5842743.924,3.7211,4285982.8146,3.9963,4440051.0697,,,,,4.5831,5578596.1724
616,000725.SZ,20180622,3.2879,3.4046,3.2198,3.3657,3.3268,0.038899999999999935,1.1693,4717451.8,1612482.623,3.4941,5866600.698,3.7787,4453898.6192,4.0272,4503426.1712,,,,,4.6112,5579893.9128
617,000725.SZ,20180621,3.5019,3.5213,3.3171,3.3268,3.5019,-0.17510000000000003,-5.0001,5707563.25,2004272.119,3.5953,5452822.902,3.8251,4396434.4431,4.0543,4524052.8638,,,,,4.639,5577124.1619
618,000725.SZ,20180620,3.4824,3.5505,3.4046,3.5019,3.4727,0.029199999999999893,0.8408,5463144.04,1957097.098,3.7062,4902847.494,3.8715,4309078.7662,4.085,4666583.0512,,,,,4.6685,5571080.7131
619,000725.SZ,20180619,3.677,3.7353,3.4338,3.4727,3.8034,-0.33069999999999977,-8.6949,9718938.85,3576589.123,3.7956,4440790.988,3.9104,4580816.0346,4.1041,4625051.8259,,,,,4.6952,5562384.0005
620,000725.SZ,20180615,3.8813,3.9007,3.784,3.8034,3.8715,-0.06810000000000027,-1.759,3725905.55,1466532.94,3.8812,3181902.566,3.9366,4260587.4792,4.1256,4518578.2497,,,,,4.723,5522227.8371
621,000725.SZ,20180614,3.8521,3.9299,3.8423,3.8715,3.8813,-0.009799999999999809,-0.2525,2648562.82,1058065.654,3.9065,3207888.648,3.9493,4205671.4808,4.1359,4662045.7932,,,,,4.7474,5627096.6065
622,000725.SZ,20180613,3.9202,3.9493,3.8715,3.8813,3.9493,-0.06800000000000006,-1.7218,2957686.21,1187202.316,3.9357,3354364.266,3.9546,4320191.2123,4.1505,4790590.0112,,,,,4.7681,5658630.8664
623,000725.SZ,20180612,3.9202,3.9688,3.8715,3.9493,3.9007,0.04859999999999998,1.2459,3152861.51,1272045.067,3.9649,3434380.478,3.9643,4539896.0415,4.1685,5015287.1456,,,,,4.7898,5691439.8656
624,000725.SZ,20180611,3.9104,3.9688,3.8715,3.9007,3.9299,-0.029199999999999893,-0.743,3424496.74,1380082.787,3.9902,3961713.604,3.9778,4559840.7762,4.1862,5310172.1515,,,,,4.8089,5696917.6308
625,000725.SZ,20180608,3.998,4.0077,3.9007,3.9299,4.0174,-0.08750000000000036,-2.178,3855835.96,1559331.425,4.0038,4070897.758,3.998,4580670.3531,4.2,5447489.7671,,,,,4.8286,5750255.5247
626,000725.SZ,20180607,4.0369,4.0855,4.0077,4.0174,4.0272,-0.009799999999999365,-0.2433,3380940.91,1404693.457,4.0038,4214118.456,4.0242,4497106.3692,4.2174,5544165.0565,,,,,4.8458,5786845.6752
627,000725.SZ,20180606,4.0564,4.0661,4.0077,4.0272,4.0758,-0.04860000000000042,-1.1924,3357767.27,1393654.549,4.0019,5337075.98,4.0451,4570417.7354,4.2323,5785774.1374,,,,,4.8596,5881946.8375
628,000725.SZ,20180605,3.9785,4.105,3.9493,4.0758,3.9688,0.1070000000000002,2.696,5789527.14,2404365.04,3.9591,5776716.052,4.0601,4570674.4831,4.2538,5873960.1976,,,,,4.8783,5931427.8568
629,000725.SZ,20180604,3.9591,4.0272,3.9299,3.9688,3.9299,0.038899999999999935,0.9898,3970417.51,1626536.464,3.9377,5221210.138,4.0721,4303138.2638,4.2792,5859169.9771,,,,,4.8939,5962837.7355
630,000725.SZ,20180601,3.9688,3.998,3.9007,3.9299,4.0077,-0.07779999999999987,-1.9413,4571939.45,1857366.673,3.9318,5254590.502,4.093,4349231.3592,4.3127,5849820.245,,,,,4.9105,6032456.2761
631,000725.SZ,20180531,3.8423,4.0369,3.7451,4.0077,3.8132,0.19449999999999967,5.1007,8995728.53,3612609.118,3.9474,5502972.41,4.1237,4354704.9585,4.3467,5814383.8853,,,,,4.9323,6044625.5569
632,000725.SZ,20180530,3.891,3.9104,3.7937,3.8132,3.9688,-0.15559999999999974,-3.9206,5555967.63,2203367.965,3.9707,4386255.316,4.1506,4043346.1115,4.3788,5688479.5844,,,,,4.9526,6025778.5804
633,000725.SZ,20180529,3.9299,4.0174,3.9104,3.9688,3.9396,0.029199999999999893,0.7412,3011997.57,1230120.627,4.0408,4014118.038,4.188,3918235.3446,4.4166,5713573.255,,,,,4.9753,6152907.9675
634,000725.SZ,20180528,4.0077,4.0272,3.891,3.9396,4.0077,-0.06809999999999983,-1.6992,4137319.33,1683469.726,4.1011,3965619.358,4.2187,4084689.3508,4.4457,5775275.2824,,,,,5.0012,6187835.0717
635,000725.SZ,20180525,4.1147,4.1244,3.9883,4.0077,4.1244,-0.1166999999999998,-2.8295,5813848.99,2407618.263,4.1711,4004953.226,4.2569,4061723.28,4.4766,5775928.5388,,,,,5.0274,6214128.9735
636,000725.SZ,20180524,4.1536,4.2023,4.1147,4.1244,4.1634,-0.03900000000000059,-0.9367,3412143.06,1455332.963,4.2139,3514404.426,4.2913,4107477.9715,4.507,5780670.6038,,,,,5.0523,6326256.1732
637,000725.SZ,20180523,4.2509,4.2509,4.1634,4.1634,4.2704,-0.1070000000000002,-2.5056,3695281.24,1593871.315,4.2353,3294287.072,4.3108,4288188.1308,4.5373,5807984.4879,,,,,5.0788,6374667.8809
638,000725.SZ,20180522,4.2898,4.2898,4.2314,4.2704,4.2898,-0.019399999999999196,-0.4522,2769504.17,1210816.612,4.2509,3469156.374,4.3205,4420763.37,4.567,5856083.1371,,,,,5.1054,6442476.4443
639,000725.SZ,20180521,4.2898,4.319,4.2509,4.2898,4.2217,0.06809999999999938,1.6131,4333988.67,1908466.989,4.2626,3843874.788,4.328,5019539.1738,4.5951,5939013.0659,,,,,5.1334,6599472.0989
640,000725.SZ,20180518,4.2314,4.2314,4.1634,4.2217,4.2314,-0.009699999999999598,-0.2292,3361104.99,1449862.572,4.2762,3966689.758,4.3175,4997777.1515,4.6217,5955471.3665,,,,,5.1603,6694899.7388
641,000725.SZ,20180517,4.2217,4.2704,4.2217,4.2314,4.2412,-0.009800000000000253,-0.2311,2311556.29,1006555.263,4.2917,4080374.292,4.316,5208371.9415,4.6549,6020492.8906,,,,,5.1903,6786938.0261
642,000725.SZ,20180516,4.2898,4.2995,4.2217,4.2412,4.3287,-0.08750000000000036,-2.0214,4569627.75,1998342.426,4.319,4653242.964,4.31,5692390.8446,4.6861,6117834.8906,,,,,5.2201,6973328.624
643,000725.SZ,20180515,4.3774,4.3871,4.2704,4.3287,4.3579,-0.02919999999999945,-0.67,4643096.24,2057529.792,4.3579,4507069.496,4.3197,5880809.1892,4.7175,6306277.1438,,,,,5.2461,7010544.6493
644,000725.SZ,20180514,4.3287,4.3968,4.3093,4.3579,4.2995,0.058399999999999785,1.3583,4948063.52,2218609.564,4.3832,4860182.244,4.3325,6338831.6923,4.7527,6314040.7174,,,,,5.2709,7150372.7729
645,000725.SZ,20180511,4.3774,4.3774,4.2898,4.2995,4.3676,-0.06810000000000027,-1.5592,3929527.66,1740697.61,4.3871,5022844.566,4.3474,6971976.9377,4.7891,6321147.8006,,,,,5.2956,7231841.0772
646,000725.SZ,20180510,4.4454,4.4844,4.319,4.3676,4.4357,-0.06809999999999938,-1.5353,5175899.65,2332829.954,4.3851,5320690.904,4.3527,7292266.7846,4.8274,6348322.895,,,,,5.3196,7416542.9349
647,000725.SZ,20180509,4.4357,4.4454,4.3871,4.4357,4.4552,-0.01949999999999985,-0.4377,3838760.41,1742136.996,4.3851,6396228.898,4.3646,7443566.4885,4.8657,6315225.3438,,,,,5.3401,7456753.8269
648,000725.SZ,20180508,4.3774,4.4941,4.3579,4.4552,4.3774,0.07779999999999987,1.7773,6408659.98,2925880.325,4.3287,6438693.292,4.3714,8040250.2769,4.9009,6349751.3968,,,,,5.36,7522268.7887
649,000725.SZ,20180507,4.319,4.4163,4.3093,4.3774,4.2898,0.08760000000000012,2.0421,5761375.13,2594691.188,4.2781,6376728.748,4.3946,8036206.6877,4.9401,6315330.9103,,,,,5.3795,7667809.4779
650,000725.SZ,20180504,4.3287,4.3774,4.2704,4.2898,4.3676,-0.07780000000000076,-1.7813,5418759.35,2400756.081,4.2334,6945214.128,4.438,7999690.1115,4.9816,6305507.5588,,,,,5.3991,7865049.2069
651,000725.SZ,20180503,4.1634,4.4163,4.1536,4.3676,4.1536,0.2140000000000004,5.1522,10553589.62,4662226.439,4.2489,7265275.504,4.5008,7863826.0554,5.0259,6317887.7815,,,,,5.4143,7928838.8777
652,000725.SZ,20180502,4.212,4.2314,4.1147,4.1536,4.2023,-0.04870000000000019,-1.1589,4051082.38,1735060.096,4.2742,7274035.336,4.5562,7311019.4092,5.0709,6289314.9441,,,,,5.4284,7922907.4821
653,000725.SZ,20180427,4.1925,4.2412,4.105,4.2023,4.1536,0.04870000000000019,1.1725,6098837.26,2620556.382,4.354,9099609.202,4.6288,7362088.6338,5.1166,6487947.4685,,,,,5.4472,7947015.5287
654,000725.SZ,20180426,4.319,4.3287,4.1342,4.1536,4.3676,-0.2140000000000004,-4.8997,8603802.03,3727814.501,4.3871,9498500.884,4.6976,7385959.0315,5.1564,6420128.8838,,,,,5.4661,7988458.3037
655,000725.SZ,20180425,4.426,4.4746,4.3482,4.3676,4.4941,-0.12650000000000006,-2.8148,7019066.23,3174903.86,4.461,9206299.638,4.7597,7117194.76,5.1965,6354250.5703,,,,,5.485,7981528.0869
656,000725.SZ,20180424,4.426,4.5427,4.3871,4.4941,4.5525,-0.058399999999999785,-1.2828,10597388.78,4888740.799,4.4922,10121616.324,4.8076,6897230.4385,5.2337,6468425.4282,,,,,,
657,000725.SZ,20180423,4.3579,4.5525,4.105,4.5525,4.3676,0.18489999999999984,4.2334,13178951.71,5856560.285,4.5447,9273357.232,4.8495,6541668.1631,5.2614,6265677.2938,,,,,,
658,000725.SZ,20180420,4.5622,4.5622,4.3384,4.3676,4.5233,-0.1556999999999995,-3.4422,8093295.67,3669723.672,4.6225,7694898.818,4.8959,5861811.5023,5.2877,6010699.9047,,,,,,
659,000725.SZ,20180419,4.5525,4.6108,4.4844,4.5233,4.5233,0.0,0.0,7142795.8,3341169.871,4.7703,6806745.008,4.958,5649299.1669,5.3224,5927200.1671,,,,,,
660,000725.SZ,20180418,4.8054,4.8248,4.2801,4.5233,4.7567,-0.2334000000000005,-4.9068,11595649.66,5377942.165,4.8832,6051606.492,5.0119,5529785.7785,5.3512,5858614.72,,,,,,
661,000725.SZ,20180417,4.9513,4.9902,4.7567,4.7567,4.9415,-0.1847999999999992,-3.7398,6356093.32,3178384.761,4.998,4675473.02,5.0635,5014241.2577,5.3816,5714837.5709,,,,,,
662,000725.SZ,20180416,5.0875,5.0875,4.9318,4.9415,5.1069,-0.16540000000000088,-3.2388,5286659.64,2705635.307,5.0661,4686084.842,5.1092,4953913.8338,5.4073,5868807.275,,,,,,
663,000725.SZ,20180413,5.1069,5.1653,5.0875,5.1069,5.0875,0.019400000000000084,0.3813,3652526.62,1921596.75,5.07,4650726.214,5.1361,4979646.4992,5.4216,5860777.0594,,,,,,
664,000725.SZ,20180412,5.0972,5.1264,5.0388,5.0875,5.0972,-0.009699999999999598,-0.1903,3367103.22,1756283.03,5.0466,4752126.9,5.1518,5543041.71,5.4334,5912713.3691,,,,,,
665,000725.SZ,20180411,5.1166,5.1458,5.068,5.0972,5.0972,0.0,0.0,4714982.3,2478101.37,5.0369,5273722.096,5.1855,5661499.75,5.4419,5918495.4479,,,,,,
666,000725.SZ,20180410,4.961,5.1264,4.9513,5.0972,4.961,0.13619999999999965,2.7454,6409152.43,3328193.105,5.0486,5198888.66,5.2236,5698016.8308,5.4502,5998197.1091,,,,,,
667,000725.SZ,20180409,4.961,5.0291,4.8832,4.961,4.9902,-0.02919999999999945,-0.5851,5109866.5,2596847.538,5.0641,4983185.236,5.2626,5578349.7877,5.454,6003813.1332,,,,,,
668,000725.SZ,20180404,5.0291,5.0875,4.9902,4.9902,5.0388,-0.04860000000000042,-0.9645,4159530.05,2151582.007,5.1166,5079036.286,5.3172,5496866.4346,5.4565,6162744.3562,,,,,,
669,000725.SZ,20180403,5.0583,5.1166,4.9902,5.0388,5.1556,-0.11679999999999957,-2.2655,5975079.2,3100437.995,5.1575,5225844.454,5.3666,5562490.7546,5.4694,6248312.4053,,,,,,
670,000725.SZ,20180402,5.175,5.2334,5.1264,5.1556,5.175,-0.019400000000000084,-0.3749,4340815.12,2310876.025,5.2198,5145195.976,5.4242,5505820.3115,5.4757,6312141.4888,,,,,,
671,000725.SZ,20180330,5.2139,5.2236,5.1264,5.175,5.2236,-0.04860000000000042,-0.9304,5330635.31,2832923.165,5.247,5401269.81,5.4728,5589402.3162,5.4774,6454817.7518,,,,,,
672,000725.SZ,20180329,5.2528,5.2723,5.0777,5.2236,5.1945,0.02910000000000057,0.5602,5589121.75,2974675.803,5.2742,6530475.62,5.5207,5628560.1323,5.4889,6459347.1694,,,,,,
673,000725.SZ,20180328,5.2528,5.3015,5.1653,5.1945,5.3501,-0.15560000000000063,-2.9084,4893570.89,2628740.513,5.3345,6394062.818,5.5723,5935713.3169,5.4977,6517967.2735,,,,,,
674,000725.SZ,20180327,5.389,5.4085,5.3015,5.3501,5.2917,0.058400000000000674,1.1036,5571836.81,3063969.976,5.4143,6453289.51,5.612,6390406.9569,5.5072,6817882.0021,,,,,,
675,000725.SZ,20180326,5.2042,5.2917,5.0875,5.2917,5.3112,-0.01950000000000074,-0.3671,5621184.29,3013166.918,5.4649,6309618.322,5.6277,6253573.77,5.5238,6819637.6956,,,,,,
676,000725.SZ,20180323,5.2334,5.3696,5.0388,5.3112,5.5252,-0.21399999999999952,-3.8732,10976664.36,5911184.31,5.5408,5995498.046,5.6449,6310708.7762,5.5418,6833995.8624,,,,,,
677,000725.SZ,20180322,5.603,5.6419,5.4863,5.5252,5.5933,-0.06810000000000027,-1.2175,4907057.74,2799489.762,5.605,4802694.416,5.6696,6304889.3177,5.5584,6929487.7626,,,,,,
678,000725.SZ,20180321,5.6419,5.7295,5.5641,5.5933,5.603,-0.009699999999999598,-0.1731,5189704.35,3025558.37,5.6575,4868955.556,5.6629,6212342.7385,5.5755,6992310.2156,,,,,,
679,000725.SZ,20180320,5.603,5.6517,5.5447,5.603,5.6711,-0.06810000000000027,-1.2008,4853480.87,2792131.041,5.6964,4916490.922,5.6516,6160036.2869,5.5921,7097934.3079,,,,,,
680,000725.SZ,20180319,5.6517,5.7197,5.5933,5.6711,5.6322,0.038899999999999935,0.6907,4050582.91,2360070.672,5.7353,5113732.132,5.6472,6190868.8808,5.6147,7382954.8197,,,,,,
681,000725.SZ,20180316,5.7878,5.8365,5.6322,5.6322,5.7878,-0.15559999999999974,-2.6884,5012646.21,2951590.607,5.78,6220038.18,5.6344,6249354.0877,5.6336,7601792.43,,,,,,
682,000725.SZ,20180315,5.7489,5.8462,5.7197,5.7878,5.7878,0.0,0.0,5238363.44,3105370.131,5.7956,7378426.58,5.6285,6379706.4246,5.6582,7756243.3221,,,,,,
683,000725.SZ,20180314,5.7489,5.8851,5.7392,5.7878,5.7976,-0.009800000000000253,-0.169,5427381.18,3242204.115,5.7489,7089354.968,5.6165,6868375.6415,5.6783,8081316.4894,,,,,,
684,000725.SZ,20180313,5.8754,5.8754,5.7781,5.7976,5.8948,-0.09719999999999995,-1.6489,5839686.92,3495529.962,5.6945,7276666.606,5.5888,6836548.8054,5.69,8138182.6209,,,,,,
685,000725.SZ,20180312,5.7587,5.9143,5.7197,5.8948,5.71,0.18480000000000008,3.2364,9582113.15,5756363.029,5.6614,8288931.502,5.5663,6804139.1308,5.7014,8411433.1676,,,,,,
686,000725.SZ,20180309,5.6419,5.7684,5.5933,5.71,5.5544,0.15559999999999974,2.8014,10804588.21,6327162.78,5.5699,7113299.314,5.5267,6341183.8038,5.7109,8454847.085,,,,,,
687,000725.SZ,20180308,5.496,5.5738,5.4766,5.5544,5.5155,0.038899999999999935,0.7053,3793005.38,2154019.969,5.5174,5854325.768,5.5013,6081203.0785,5.7223,8660069.9903,,,,,,
688,000725.SZ,20180307,5.6225,5.6322,5.496,5.5155,5.6322,-0.1166999999999998,-2.072,6363939.37,3630404.287,5.5155,6146585.61,5.4758,6297133.2223,5.7326,8789443.8482,,,,,,
689,000725.SZ,20180306,5.4766,5.6906,5.4279,5.6322,5.4376,0.19460000000000033,3.5788,10901011.4,6281547.777,5.5135,5835975.856,5.4399,6616332.3538,5.7446,8859692.1768,,,,,,
690,000725.SZ,20180305,5.5057,5.5447,5.4085,5.4376,5.4474,-0.009800000000000253,-0.1799,3703952.21,2081748.429,5.498,4997218.894,5.4242,6321550.2246,5.7532,9048609.8318,,,,,,
691,000725.SZ,20180302,5.4766,5.5349,5.4474,5.4474,5.5447,-0.09729999999999972,-1.7548,4509720.48,2539259.603,5.5369,6574641.104,5.41,6663189.9038,5.7652,9544209.9082,,,,,,
692,000725.SZ,20180301,5.4376,5.6127,5.4279,5.5447,5.5057,0.0389999999999997,0.7084,5254304.59,2991961.53,5.533,6675423.47,5.392,7023350.4869,5.7647,9711658.8547,,,,,,
693,000725.SZ,20180228,5.4571,5.5738,5.4085,5.5057,5.5544,-0.04870000000000019,-0.8768,4810890.6,2723804.573,5.5252,6708234.782,5.3935,7041068.25,5.7612,9854436.2182,,,,,,
694,000725.SZ,20180227,5.6419,5.6906,5.5252,5.5544,5.6322,-0.07779999999999987,-1.3813,6707226.59,3859268.098,5.4999,6458795.442,5.395,7254246.3031,5.7629,9885268.4321,,,,,,
695,000725.SZ,20180226,5.496,5.7003,5.3209,5.6322,5.4279,0.20429999999999993,3.7639,11591063.26,6608082.284,5.4649,6602317.88,5.392,7899126.6931,5.7647,9958792.5144,,,,,,
696,000725.SZ,20180223,5.4863,5.5057,5.3598,5.4279,5.5057,-0.07779999999999987,-1.4131,5013632.31,2798338.196,5.3832,5604124.678,5.4137,7440701.0877,5.7629,9855644.6471,,,,,,
697,000725.SZ,20180222,5.4376,5.5252,5.389,5.5057,5.3793,0.1264000000000003,2.3497,5418361.15,3048601.175,5.3073,6704103.832,5.4504,7524987.9838,,,,,,,,
698,000725.SZ,20180214,5.3793,5.4085,5.3015,5.3793,5.3793,0.0,0.0,3563693.9,1964891.346,5.2917,7034200.346,5.4788,8202297.8162,,,,,,,,
699,000725.SZ,20180213,5.3015,5.496,5.2431,5.3793,5.2236,0.1556999999999995,2.9807,7424838.78,4099804.582,5.2664,7950515.174,5.5349,8469938.3731,,,,,,,,
700,000725.SZ,20180212,5.1264,5.2917,5.0875,5.2236,5.0486,0.17499999999999982,3.4663,6600097.25,3507426.592,5.2334,8303909.03,5.5948,8574252.5815,,,,,,,,
701,000725.SZ,20180209,5.2723,5.3209,4.9513,5.0486,5.4279,-0.37929999999999975,-6.988,10513528.08,5567454.301,5.3015,8080816.682,5.6831,9185335.7369,,,,,,,,
702,000725.SZ,20180208,5.2334,5.4279,5.2236,5.4279,5.2528,0.17510000000000048,3.3335,7068843.72,3898623.795,5.3968,7494552.124,5.7804,9260530.6277,,,,,,,,
703,000725.SZ,20180207,5.3501,5.4474,5.1847,5.2528,5.2139,0.038899999999999935,0.7461,8145268.04,4458303.463,5.4143,9098917.712,5.8604,9506310.0754,,,,,,,,
704,000725.SZ,20180206,5.4279,5.496,5.2139,5.2139,5.5641,-0.35020000000000007,-6.2939,9191808.06,5050850.461,5.5466,8596170.182,5.954,10132893.39,,,,,,,,
705,000725.SZ,20180205,5.4474,5.5836,5.3696,5.5641,5.5252,0.038899999999999935,0.704,5484635.51,3111795.484,5.6847,7979680.962,6.0288,9992048.8969,,,,,,,,
706,000725.SZ,20180202,5.496,5.5933,5.4474,5.5252,5.5155,0.009699999999999598,0.1759,7582205.29,4302000.385,5.747,9727431.654,6.0767,10734015.82,,,,,,,,
707,000725.SZ,20180201,5.9143,5.9143,5.4085,5.5155,5.9143,-0.3987999999999996,-6.743,15090671.66,8704590.301,5.8637,9619594.824,6.1298,11001398.9777,,,,,,,,
708,000725.SZ,20180131,5.8559,5.9727,5.8462,5.9143,5.9046,0.009699999999999598,0.1643,5631530.39,3430377.557,5.9921,8357645.19,6.1747,11208437.08,,,,,,,,
709,000725.SZ,20180130,5.8754,5.9727,5.8559,5.9046,5.8754,0.029200000000000337,0.497,6109361.96,3714733.715,6.0836,10140174.766,6.174,11405374.4769,,,,,,,,
710,000725.SZ,20180129,5.9143,6.0505,5.817,5.8754,6.1088,-0.2333999999999996,-3.8207,14223388.97,8654648.058,6.1653,11216514.706,6.1754,11608683.7523,,,,,,,,
711,000725.SZ,20180126,6.1088,6.2353,6.0797,6.1088,6.1575,-0.04870000000000019,-0.7909,7043021.14,4450188.909,6.2839,10424632.22,6.1792,11847208.5754,,,,,,,,
712,000725.SZ,20180125,6.3326,6.3715,6.1478,6.1575,6.3715,-0.2140000000000004,-3.3587,8780923.49,5658415.698,6.3559,12274198.218,6.159,12886541.9346,,,,,,,,
713,000725.SZ,20180124,6.2548,6.3909,6.0018,6.3715,6.3131,0.058399999999999785,0.9251,14544178.27,9235769.713,6.3618,11990179.45,6.1029,12995931.2554,,,,,,,,
714,000725.SZ,20180123,6.4785,6.4979,6.2839,6.3131,6.4688,-0.1556999999999995,-2.4069,11491061.66,7529075.289,6.3248,12107384.898,6.0303,12654743.3077,,,,,,,,
715,000725.SZ,20180122,6.4396,6.4882,6.3423,6.4688,6.4688,0.0,0.0,10263976.54,6783879.469,6.3054,12020809.834,5.9727,12221522.0931,,,,,,,,
716,000725.SZ,20180119,6.2061,6.4882,6.1672,6.4688,6.1867,0.2820999999999998,4.5598,16290851.13,10683186.387,6.2314,13524447.924,5.9068,12140219.6969,,,,,,,,
717,000725.SZ,20180118,6.1478,6.2645,6.0797,6.1867,6.1867,0.0,0.0,7360829.65,4666993.93,6.1186,11904621.008,5.838,11508926.2077,,,,,,,,
718,000725.SZ,20180117,6.3326,6.3715,5.9435,6.1867,6.2158,-0.02909999999999968,-0.4682,15130205.51,9607347.329,6.066,12182931.586,,,,,,,,,,
719,000725.SZ,20180116,6.1672,6.2548,6.0894,6.2158,6.0991,0.1166999999999998,1.9134,11058186.34,7028685.044,6.0135,12621732.818,,,,,,,,,,
720,000725.SZ,20180115,5.924,6.2742,5.8754,6.0991,5.9046,0.19449999999999967,3.294,17782166.99,11197016.484,5.9396,14520966.512,,,,,,,,,,
721,000725.SZ,20180112,5.9435,5.9824,5.8657,5.9046,5.924,-0.019400000000000084,-0.3275,8191716.55,4983461.714,5.8053,13005130.046,,,,,,,,,,
722,000725.SZ,20180111,5.8948,5.9629,5.8365,5.924,5.924,0.0,0.0,8752382.54,5308262.694,5.71,13388533.726,,,,,,,,,,
723,000725.SZ,20180110,5.817,5.9629,5.7684,5.924,5.8462,0.07780000000000076,1.3308,17324211.67,10485666.287,5.638,12809894.392,,,,,,,,,,
724,000725.SZ,20180109,5.3987,5.8657,5.3987,5.8462,5.4279,0.41829999999999945,7.7065,20554354.81,11951942.254,5.5758,11186461.136,,,,,,,,,,
725,000725.SZ,20180108,5.4085,5.4668,5.2723,5.4279,5.4279,0.0,0.0,10202984.66,5621245.374,5.5213,8692397.328,,,,,,,,,,
726,000725.SZ,20180105,5.5836,5.5836,5.4085,5.4279,5.5641,-0.13619999999999965,-2.4478,10108734.95,5677961.467,,,,,,,,,,,,
727,000725.SZ,20180104,5.5738,5.6127,5.5349,5.5641,5.6127,-0.04860000000000042,-0.8659,5859185.87,3352707.441,,,,,,,,,,,,
728,000725.SZ,20180103,5.5933,5.6808,5.496,5.6127,5.5738,0.038899999999999935,0.6979,9207045.39,5295716.776,,,,,,,,,,,,
729,000725.SZ,20180102,5.6711,5.6906,5.5057,5.5738,5.6322,-0.058399999999999785,-1.0369,8084035.77,4627432.554,,,,,,,,,,,,
