,ts_code,trade_date,open,high,low,close,pre_close,change,pct_chg,vol,amount,ma5,ma_v_5,ma13,ma_v_13,ma34,ma_v_34
0,002960.SZ,20201231,37.47,38.19,36.91,37.41,37.47,-0.060000000000002274,-0.1601,12594.05,47249.695,37.42,18399.59,38.6431,19421.81,39.0976,26756.5112
1,002960.SZ,20201230,36.06,38.19,35.84,37.47,36.15,1.3200000000000003,3.6515,27182.55,101030.289,37.718,18656.152,38.7477,20382.7246,39.0856,28856.2485
2,002960.SZ,20201229,37.39,37.53,35.0,36.15,37.23,-1.0799999999999983,-2.9009,22829.99,82751.572,38.124,19916.54,38.8885,20007.4823,39.0038,30105.8059
3,002960.SZ,20201228,38.42,38.74,37.23,37.23,38.84,-1.6100000000000065,-4.1452,16106.36,60694.118,38.846,20837.138,39.2362,19770.0177,38.9088,30378.0709
4,002960.SZ,20201225,38.8,39.09,38.01,38.84,38.9,-0.05999999999999517,-0.1542,13285.0,51257.996,39.39,22192.174,39.4454,20087.4669,38.8035,30673.6779
5,002960.SZ,20201224,39.5,39.79,38.81,38.9,39.5,-0.6000000000000014,-1.519,13876.86,54345.078,39.396,22787.098,39.67,21073.7754,38.6644,32091.5862
6,002960.SZ,20201223,39.5,40.2,38.38,39.5,39.76,-0.259999999999998,-0.6539,33484.49,131960.953,39.526,22983.712,39.8585,22391.5923,38.4612,32804.2079
7,002960.SZ,20201222,39.85,39.97,38.71,39.76,39.95,-0.19000000000000483,-0.4756,27432.98,107930.284,39.428,19003.246,39.9408,22318.3162,38.2788,32938.3162
8,002960.SZ,20201221,38.35,40.4,37.83,39.95,38.87,1.0800000000000054,2.7785,22881.54,90569.304,39.42,17138.25,39.9215,22125.7646,38.0574,33219.5606
9,002960.SZ,20201218,39.35,39.8,38.35,38.87,39.55,-0.6799999999999997,-1.7193,16259.62,63203.777,39.184,17579.13,39.99,22338.1408,37.8476,33678.5268
10,002960.SZ,20201217,38.88,39.6,38.29,39.55,39.01,0.5399999999999991,1.3843,14859.93,57745.997,39.27,18788.086,40.0969,22683.1838,37.6691,34878.1556
11,002960.SZ,20201216,39.6,39.81,38.5,39.01,39.72,-0.7100000000000009,-1.7875,13582.16,52963.439,39.494,19764.69,40.1215,23466.7623,37.5021,35315.0944
12,002960.SZ,20201215,38.7,39.95,38.0,39.72,38.77,0.9499999999999957,2.4503,18108.0,70713.192,39.682,21094.898,40.1746,24632.6577,37.3285,35883.5556
13,002960.SZ,20201214,39.08,39.3,37.64,38.77,39.3,-0.529999999999994,-1.3486,25085.94,95983.694,40.09,22694.7,40.2369,25884.6331,37.0921,35881.6112
14,002960.SZ,20201211,40.22,40.58,38.65,39.3,40.67,-1.3700000000000045,-3.3686,22304.4,87935.534,40.606,23879.208,40.2777,27205.3731,36.9,35623.0541
15,002960.SZ,20201210,40.0,40.96,39.98,40.67,39.95,0.7199999999999989,1.8023,19742.95,80036.853,40.86,25924.708,40.2923,29058.0277,36.6938,35997.2332
16,002960.SZ,20201209,41.51,41.52,39.71,39.95,41.76,-1.8099999999999952,-4.3343,20233.2,82142.823,40.628,26962.08,40.0331,29710.4754,36.4565,36655.1126
17,002960.SZ,20201208,40.82,42.0,40.56,41.76,41.35,0.4099999999999966,0.9915,26107.01,108115.287,40.806,28043.926,39.8623,29946.9246,36.3094,36691.4809
18,002960.SZ,20201207,40.52,41.88,40.25,41.35,40.57,0.7800000000000011,1.9226,31008.48,127399.426,40.506,26971.56,39.5454,30220.5438,36.1547,36250.5982
19,002960.SZ,20201204,39.18,40.8,38.5,40.57,39.51,1.0600000000000023,2.6829,32531.9,129724.881,40.21,25779.154,39.2646,30763.6654,36.0294,35687.5253
20,002960.SZ,20201203,40.84,41.0,39.01,39.51,40.84,-1.3300000000000054,-3.2566,24929.81,98823.39,40.036,25020.534,39.0069,31244.4923,35.9126,35372.5353
21,002960.SZ,20201202,40.43,41.0,39.83,40.84,40.26,0.5800000000000054,1.4406,25642.43,103772.233,40.24,26911.308,38.8523,35022.6277,35.8091,35170.6232
22,002960.SZ,20201201,40.0,40.61,39.4,40.26,39.87,0.39000000000000057,0.9782,20745.18,83209.906,39.932,30233.934,38.5569,39510.5269,35.6909,34933.7224
23,002960.SZ,20201130,39.5,40.78,38.67,39.87,39.7,0.1699999999999946,0.4282,25046.45,99995.199,39.778,35362.68,38.1285,43273.7823,35.5897,34834.1582
24,002960.SZ,20201127,40.43,40.43,38.94,39.7,40.53,-0.8299999999999983,-2.0479,28738.8,114291.245,39.264,35998.344,37.5938,43815.3631,35.5335,34838.4315
25,002960.SZ,20201126,38.65,40.81,38.53,40.53,39.3,1.230000000000004,3.1298,34383.68,136808.493,38.87,34911.992,37.1285,43616.7631,35.4868,34961.2806
26,002960.SZ,20201125,39.01,39.79,38.0,39.3,39.49,-0.19000000000000483,-0.4811,42255.56,164376.448,38.292,33968.068,36.6346,45702.1631,35.3712,34722.5376
27,002960.SZ,20201124,37.3,39.6,37.3,39.49,37.3,2.190000000000005,5.8713,46388.91,178992.848,37.972,33130.768,36.0723,45382.9662,35.3012,34241.1535
28,002960.SZ,20201123,37.77,38.18,36.92,37.3,37.73,-0.4299999999999997,-1.1397,28224.77,105507.899,37.518,31609.516,35.5962,44741.0631,35.1938,33303.8915
29,002960.SZ,20201120,37.66,38.39,37.32,37.73,37.64,0.0899999999999963,0.2391,23307.04,88274.559,37.558,40773.676,35.2062,45415.7185,35.1426,33207.4832
30,002960.SZ,20201119,37.86,38.36,36.96,37.64,37.7,-0.060000000000002274,-0.1592,29664.06,111387.339,37.412,52909.292,34.8285,46583.3608,35.07,33218.3938
31,002960.SZ,20201118,37.6,38.3,37.3,37.7,37.22,0.480000000000004,1.2896,38069.06,143646.116,36.822,60909.98,34.4562,48689.7408,35.0071,34088.2406
32,002960.SZ,20201117,37.5,37.78,36.66,37.22,37.5,-0.28000000000000114,-0.7467,38782.65,144247.877,35.866,59713.568,34.1615,48047.1862,34.9997,35291.0918
33,002960.SZ,20201116,37.4,38.65,36.31,37.5,37.0,0.5,1.3514,74045.57,279334.966,35.152,57188.438,33.8454,47595.4315,35.0962,34846.3424
34,002960.SZ,20201113,34.7,37.25,34.6,37.0,34.69,2.3100000000000023,6.659,83985.12,303818.306,34.474,54678.1,33.3977,43287.4562,35.2235,32926.3256
35,002960.SZ,20201112,32.8,34.7,32.7,34.69,32.92,1.769999999999996,5.3767,69667.5,238558.345,33.472,45502.276,33.0315,38080.5238,35.3762,30688.3809
36,002960.SZ,20201111,33.46,33.65,32.25,32.92,33.65,-0.7299999999999969,-2.1694,32087.0,105223.735,33.194,39177.61,32.8469,35415.8308,35.5826,28980.6897
37,002960.SZ,20201110,34.45,34.49,33.3,33.65,34.11,-0.46000000000000085,-1.3486,26157.0,88024.987,33.056,40159.268,32.8223,36186.8962,35.8388,28291.2779
38,002960.SZ,20201109,31.99,34.74,31.76,34.11,31.99,2.120000000000001,6.6271,61493.88,205784.586,32.89,42625.146,32.9223,35826.3362,36.0818,27903.5132
39,002960.SZ,20201106,33.3,33.53,31.34,31.99,33.3,-1.3099999999999987,-3.9339,38106.0,122040.508,32.628,41735.77,33.1062,31951.1915,36.3018,26442.2521
40,002960.SZ,20201105,32.84,33.55,32.45,33.3,32.23,1.0700000000000003,3.3199,38044.17,125367.506,33.004,40057.74,33.4985,29932.5762,36.5726,25778.0168
41,002960.SZ,20201104,33.14,33.26,31.81,32.23,32.82,-0.5900000000000034,-1.7977,36995.29,119615.645,32.966,39030.874,33.7523,28684.7354,36.7941,25430.685
42,002960.SZ,20201103,32.96,33.4,32.32,32.82,32.8,0.020000000000003126,0.061,38486.39,126083.023,32.856,35240.194,34.0415,27228.5438,37.1015,25041.5294
43,002960.SZ,20201102,34.34,34.55,32.19,32.8,33.87,-1.0700000000000003,-3.1591,57047.0,190081.275,32.74,30801.916,34.3492,25620.96,37.4679,24620.4565
44,002960.SZ,20201030,33.11,34.84,32.84,33.87,33.11,0.759999999999998,2.2954,29715.85,100372.881,32.638,26397.814,34.6585,22568.1138,37.8421,23665.8062
45,002960.SZ,20201029,31.13,33.59,31.12,33.11,31.68,1.4299999999999997,4.5139,32909.84,107518.22,32.384,28876.814,34.9731,22220.1054,38.24,23253.9871
46,002960.SZ,20201028,32.7,32.79,31.5,31.68,32.24,-0.5600000000000023,-1.737,18041.89,57628.639,32.752,26588.79,35.3577,22220.5538,38.6529,22758.5641
47,002960.SZ,20201027,32.29,32.77,32.01,32.24,32.29,-0.04999999999999716,-0.1548,16295.0,52677.157,33.716,25203.812,35.7362,22853.21,39.1071,22809.8082
48,002960.SZ,20201026,32.5,33.39,31.81,32.29,32.6,-0.3100000000000023,-0.9509,35026.49,114186.706,34.686,24317.612,36.0962,23591.1715,39.5912,23134.2168
49,002960.SZ,20201023,34.9,34.9,32.08,32.6,34.95,-2.3500000000000014,-6.7239,42110.85,139923.778,35.548,21676.762,36.3692,22013.9031,40.0768,23418.5847
50,002960.SZ,20201022,36.2,36.47,34.7,34.95,36.5,-1.5499999999999972,-4.2466,21469.72,75258.981,36.226,16867.552,36.5969,20693.5985,40.5235,23465.9126
51,002960.SZ,20201021,37.12,37.28,35.99,36.5,37.09,-0.5900000000000034,-1.5907,11117.0,40392.222,36.6,16091.168,36.6208,20863.4662,40.7853,23521.0638
52,002960.SZ,20201020,36.6,37.18,36.0,37.09,36.6,0.490000000000002,1.3388,11864.0,43453.176,36.664,17339.768,36.5438,24565.1469,40.9976,23846.5818
53,002960.SZ,20201019,36.6,37.68,36.2,36.6,35.99,0.6099999999999994,1.6949,21822.24,80587.298,36.838,20005.316,36.5715,29726.8392,41.1968,24221.7521
54,002960.SZ,20201016,37.02,37.02,35.66,35.99,36.82,-0.8299999999999983,-2.2542,18064.8,65188.728,37.14,22224.002,36.8715,29868.2954,41.4206,25455.4279
55,002960.SZ,20201015,36.83,37.18,36.22,36.82,36.82,0.0,0.0,17587.8,64543.652,37.262,23864.326,37.3208,29152.9262,41.6326,25593.6397
56,002960.SZ,20201014,37.68,37.68,36.5,36.82,37.96,-1.1400000000000006,-3.0032,17360.0,63931.392,37.282,25524.466,37.7338,28407.3262,41.8024,25649.0279
57,002960.SZ,20201013,37.82,37.96,36.81,37.96,38.11,-0.14999999999999858,-0.3936,25191.74,93583.413,37.086,24956.866,38.11,27964.7108,41.9685,26235.2056
58,002960.SZ,20201012,36.6,38.11,36.25,38.11,36.6,1.509999999999998,4.1257,32915.67,123828.708,36.606,24907.896,38.3923,26692.0385,42.1109,26976.0994
59,002960.SZ,20201009,37.1,37.68,35.89,36.6,36.92,-0.3200000000000003,-0.8667,26266.42,95809.976,36.036,23060.362,38.6846,25157.9869,42.2253,27828.7553
60,002960.SZ,20200930,35.71,37.18,35.56,36.92,35.84,1.0799999999999983,3.0134,25888.5,94869.158,35.816,29654.848,39.0685,24046.0315,42.4062,28059.2115
61,002960.SZ,20200929,36.0,36.58,35.49,35.84,35.56,0.28000000000000114,0.7874,14522.0,51954.766,35.922,40270.348,39.3977,23248.6085,42.5924,28597.3994
62,002960.SZ,20200928,35.8,37.42,35.21,35.56,35.26,0.30000000000000426,0.8508,24946.89,90181.665,36.854,42098.182,39.7815,24149.6,42.8576,29812.04
63,002960.SZ,20200925,35.23,36.4,35.15,35.26,35.5,-0.240000000000002,-0.6761,23678.0,84432.862,38.108,38861.804,40.3292,24058.6085,43.1603,30654.2941
64,002960.SZ,20200924,37.04,37.2,34.62,35.5,37.45,-1.9500000000000028,-5.2069,59238.85,210534.782,39.494,35705.204,41.1,24096.4477,43.4668,31174.4321
65,002960.SZ,20200923,40.72,40.72,37.19,37.45,40.5,-3.049999999999997,-7.5309,78966.0,302708.552,40.736,26178.634,41.8708,21431.0662,43.7521,30966.0476
66,002960.SZ,20200922,41.78,41.81,39.83,40.5,41.83,-1.3299999999999983,-3.1795,23661.17,96576.691,41.572,12114.834,42.6362,16565.5277,44.0171,30342.645
67,002960.SZ,20200921,42.19,42.49,41.81,41.83,42.19,-0.35999999999999943,-0.8533,8765.0,36846.638,41.854,9977.2,43.1477,15981.2423,44.1297,31412.3403
68,002960.SZ,20200918,42.56,42.56,41.63,42.19,41.71,0.4799999999999969,1.1508,7895.0,33198.047,41.806,10586.4,43.5546,16828.8723,44.14,32967.6891
69,002960.SZ,20200917,41.79,42.18,41.05,41.71,41.63,0.0799999999999983,0.1922,11606.0,48438.835,41.608,12111.8,44.0554,18323.4792,44.1318,34430.3553
70,002960.SZ,20200916,42.08,42.48,41.42,41.63,41.91,-0.27999999999999403,-0.6681,8647.0,36069.184,41.432,15037.578,44.6008,20868.7869,44.1512,36452.6424
71,002960.SZ,20200915,42.02,42.35,41.37,41.91,41.59,0.3199999999999932,0.7694,12973.0,54283.84,41.642,18060.978,45.0746,23566.71,44.1791,37214.4932
72,002960.SZ,20200914,41.84,42.39,40.59,41.59,41.2,0.39000000000000057,0.9466,11811.0,49126.733,42.316,20300.36,45.2238,24364.5454,44.085,38006.0424
73,002960.SZ,20200911,41.01,41.79,40.18,41.2,40.83,0.37000000000000455,0.9062,15522.0,63612.976,43.102,22855.938,45.3877,25162.5154,43.9471,38639.1012
74,002960.SZ,20200910,43.4,43.55,40.4,40.83,42.68,-1.8500000000000014,-4.3346,26234.89,110307.673,44.342,22894.338,45.5923,25862.3454,43.8441,39646.3741
75,002960.SZ,20200909,45.0,45.2,42.59,42.68,45.28,-2.6000000000000014,-5.742,23764.0,103974.369,45.606,20860.452,45.8523,28749.4477,43.7656,40502.9826
76,002960.SZ,20200908,45.5,46.3,43.72,45.28,45.52,-0.240000000000002,-0.5272,24169.91,108589.241,46.494,20064.49,45.8923,28672.5246,43.6879,41226.1559
77,002960.SZ,20200907,46.88,48.19,45.38,45.52,47.4,-1.8799999999999955,-3.9662,24588.89,115230.038,47.178,20695.486,45.6854,28311.07,43.565,43068.1082
78,002960.SZ,20200904,46.71,47.99,46.13,47.4,47.15,0.25,0.5302,15714.0,73818.263,47.834,24716.708,45.4508,29288.0815,43.3424,44301.4544
79,002960.SZ,20200903,47.35,47.53,46.5,47.15,47.12,0.030000000000001137,0.0637,16065.46,75670.854,47.912,30317.908,45.0969,31954.8608,43.1203,46044.2094
80,002960.SZ,20200902,49.83,49.9,46.75,47.12,48.7,-1.5800000000000054,-3.2444,19784.19,94461.933,47.252,31773.788,44.7008,35481.0538,42.8129,48292.0779
81,002960.SZ,20200901,50.94,50.94,48.35,48.7,48.8,-0.09999999999999432,-0.2049,27324.89,134894.665,46.572,32253.872,44.3646,36582.4185,42.4859,50598.2962
82,002960.SZ,20200831,48.5,50.55,47.13,48.8,47.79,1.009999999999998,2.1134,44695.0,219389.459,45.604,31712.852,43.9454,37879.4954,42.1418,52514.9656
83,002960.SZ,20200828,44.35,48.13,43.86,47.79,43.85,3.9399999999999977,8.9852,43720.0,204076.047,44.686,35527.296,43.6423,38735.2477,41.83,55153.9135
84,002960.SZ,20200827,43.72,44.55,43.65,43.85,43.72,0.13000000000000256,0.2973,23344.86,102997.314,43.768,31336.096,43.4931,39493.9808,41.5662,56904.2368
85,002960.SZ,20200826,43.6,44.7,43.0,43.72,43.86,-0.14000000000000057,-0.3192,22184.61,97356.531,43.516,30561.324,43.6338,40879.9677,41.3144,59789.5874
86,002960.SZ,20200825,43.3,44.6,43.25,43.86,44.21,-0.3500000000000014,-0.7917,24619.79,107615.025,43.266,33582.41,43.7477,43185.2885,40.9721,63620.1235
87,002960.SZ,20200824,42.0,45.5,42.0,44.21,43.2,1.009999999999998,2.338,63767.22,281681.585,43.054,38734.878,43.9477,45735.3285,40.5644,66174.3329
88,002960.SZ,20200821,42.89,43.75,42.15,43.2,42.59,0.6099999999999994,1.4323,22764.0,98048.587,42.612,38362.628,43.9569,45447.9123,40.1347,68583.0241
89,002960.SZ,20200820,42.9,43.44,42.25,42.59,42.47,0.12000000000000455,0.2826,19471.0,83380.214,42.522,40630.214,43.8785,48438.9015,39.7491,73269.06
90,002960.SZ,20200819,42.57,43.67,41.8,42.47,42.8,-0.3299999999999983,-0.771,37290.04,159349.553,42.654,45573.392,43.8262,51373.8746,39.3538,78313.255
91,002960.SZ,20200818,41.87,43.5,41.0,42.8,42.0,0.7999999999999972,1.9048,50382.13,214366.92,43.132,49279.34,43.8185,54687.2377,38.8841,79724.5379
92,002960.SZ,20200817,42.49,42.85,40.7,42.0,42.75,-0.75,-1.7544,61905.97,258941.885,43.742,49919.62,43.8015,53469.3762,38.3336,79690.2935
93,002960.SZ,20200814,43.3,43.88,42.42,42.75,43.25,-0.5,-1.1561,34101.93,146439.653,44.478,45810.964,43.5485,51775.5069,37.7768,78501.6671
94,002960.SZ,20200813,44.65,45.01,42.4,43.25,44.86,-1.6099999999999994,-3.5889,44186.89,191364.56,44.968,49421.334,43.0985,51716.5123,37.1722,77778.1624
95,002960.SZ,20200812,45.71,46.93,42.71,44.86,45.85,-0.990000000000002,-2.1592,55819.78,245658.29,45.61,52138.018,42.6715,52145.9269,36.5611,76723.2244
96,002960.SZ,20200811,45.38,48.48,44.9,45.85,45.68,0.1700000000000017,0.3722,53583.53,252420.802,45.504,52980.224,42.1562,52110.5269,35.9065,75363.7938
97,002960.SZ,20200810,45.08,46.32,44.51,45.68,45.2,0.4799999999999969,1.0619,41362.69,187842.586,44.77,54592.89,41.7092,51708.0931,35.2317,74325.8453
98,002960.SZ,20200807,46.48,47.88,44.55,45.2,46.46,-1.259999999999998,-2.712,52153.78,239174.596,44.016,57845.482,41.3569,55202.9854,34.573,73649.6038
99,002960.SZ,20200806,43.31,48.1,43.18,46.46,44.33,2.1300000000000026,4.8049,57770.31,263030.263,43.45,63487.478,40.7992,56308.2838,33.931,73218.0668
100,002960.SZ,20200805,43.04,45.58,41.1,44.33,42.18,2.1499999999999986,5.0972,60030.81,261523.819,42.674,58843.402,40.2908,57631.1577,33.2267,71777.0456
101,002960.SZ,20200804,42.3,43.5,39.9,42.18,41.91,0.2700000000000031,0.6442,61646.86,256216.055,41.55,54814.374,39.7038,60128.2485,32.5873,70394.7115
102,002960.SZ,20200803,43.0,43.0,40.31,41.91,42.37,-0.46000000000000085,-1.0857,57625.65,239789.712,40.494,49152.002,39.2285,62939.6908,32.0027,69138.1076
103,002960.SZ,20200731,45.11,45.6,40.7,42.37,42.58,-0.21000000000000085,-0.4932,80363.76,347885.835,39.652,47580.728,38.8508,65621.6908,31.4153,67739.6724
104,002960.SZ,20200730,40.31,42.58,40.3,42.58,38.71,3.8699999999999974,9.9974,34549.93,144780.022,38.81,42579.892,38.53,69779.8038,30.8104,65640.5315
105,002960.SZ,20200729,36.8,38.87,36.4,38.71,36.9,1.8100000000000023,4.9051,39885.67,152298.799,38.302,45340.284,38.2408,75062.9623,30.207,64971.5424
106,002960.SZ,20200728,37.7,38.3,35.68,36.9,37.7,-0.8000000000000043,-2.122,33335.0,122381.354,38.78,54722.408,37.9777,81336.8938,29.7257,64381.5879
107,002960.SZ,20200727,38.63,38.93,35.5,37.7,38.16,-0.45999999999999375,-1.2055,49769.28,186086.841,38.99,61359.94,37.6069,90497.4969,29.2836,63633.9115
108,002960.SZ,20200724,39.18,41.65,38.0,38.16,40.04,-1.8800000000000026,-4.6953,55359.58,219053.46,39.42,66399.618,37.0146,95243.1608,28.8192,62496.4591
109,002960.SZ,20200723,40.8,41.74,38.88,40.04,41.1,-1.0600000000000023,-2.5791,48351.89,195029.073,39.128,73826.3,36.3562,102189.5562,28.3464,61420.1265
110,002960.SZ,20200722,37.2,41.65,36.91,41.1,37.95,3.1499999999999986,8.3004,86796.29,344820.778,38.32,83795.044,35.5908,112477.0431,27.8047,60232.3062
111,002960.SZ,20200721,39.8,39.8,37.09,37.95,39.85,-1.8999999999999986,-4.7679,66522.66,252866.831,37.5,84934.116,34.6715,120490.6846,27.2339,58009.7682
112,002960.SZ,20200720,37.6,40.08,35.5,39.85,36.7,3.1499999999999986,8.5831,74967.67,285118.922,37.55,98513.43,33.7907,121933.0692,26.7484,56341.1265
113,002960.SZ,20200717,37.84,38.25,34.5,36.7,36.0,0.7000000000000028,1.9444,92492.99,339091.628,37.344,104166.094,32.578,119952.3115,26.1908,54328.7832
114,002960.SZ,20200716,37.45,40.44,35.13,36.0,37.0,-1.0,-2.7027,98195.61,368818.288,37.062,109956.852,31.5292,114490.7485,25.7267,51893.6071
115,002960.SZ,20200715,37.35,39.16,35.61,37.0,38.2,-1.2000000000000028,-3.1414,92491.65,349598.717,36.278,120802.298,30.4674,107668.2223,25.291,49258.6185
116,002960.SZ,20200714,39.5,40.9,36.0,38.2,38.82,-0.6199999999999974,-1.5971,134419.23,515121.269,34.878,124596.55,29.3499,101193.4031,24.832,46761.4785
117,002960.SZ,20200713,36.0,38.82,35.5,38.82,35.29,3.530000000000001,10.0028,103230.99,392373.045,33.158,126845.248,28.15,91591.8577,24.331,43058.0012
118,002960.SZ,20200710,32.06,35.29,31.6,35.29,32.08,3.210000000000001,10.0062,121446.78,411452.127,31.412,142616.894,26.926,85058.1877,23.8235,40363.9879
119,002960.SZ,20200709,29.75,33.0,29.32,32.08,30.0,2.0799999999999983,6.9333,152422.84,481545.791,30.184,156522.264,26.0024,77129.2415,23.4235,37117.2141
120,002960.SZ,20200708,29.14,30.2,28.46,30.0,29.6,0.3999999999999986,1.3514,111462.91,326122.735,29.0677,143092.428,25.3327,68287.6015,23.1229,33054.595
121,002960.SZ,20200707,29.3,31.87,29.3,29.6,30.09,-0.48999999999999844,-1.6284,145662.72,445952.056,27.8847,130643.41,24.7567,60388.5769,22.8759,30012.7709
122,002960.SZ,20200706,29.15,31.48,28.29,30.09,29.15,0.9400000000000013,3.2247,182089.22,542529.952,26.578,105809.4,24.2176,50186.1715,22.6395,26008.0406
123,002960.SZ,20200703,27.99,29.15,27.4,29.15,26.5,2.6499999999999986,10.0,190973.63,551697.243,24.9991,71292.11,23.6187,37634.8723,22.3887,20966.5341
124,002960.SZ,20200702,24.3126,26.4985,24.3126,26.4985,24.0851,2.4133999999999993,10.0203,85273.66,225669.194,23.6637,34761.184,23.064,23719.8892,22.1662,15927.215
125,002960.SZ,20200701,23.0069,24.184,22.8981,24.0851,23.0663,1.0188000000000024,4.4168,49217.82,118467.243,22.8843,19626.28,22.7026,17852.1438,22.0184,13672.0682
126,002960.SZ,20200630,22.3343,23.2047,22.2552,23.0663,22.1958,0.8704999999999998,3.9219,21492.67,49382.251,22.6489,13441.372,22.5474,14974.1808,21.9393,12521.6771
127,002960.SZ,20200629,22.4629,22.4629,22.0574,22.1958,22.4728,-0.277000000000001,-1.2326,9502.77,21311.904,22.6924,12816.934,22.4918,14846.0692,21.8936,12457.6376
128,002960.SZ,20200624,22.6904,22.8091,22.453,22.4728,22.6014,-0.12860000000000227,-0.569,8319.0,18999.387,22.9278,18412.684,22.4667,14723.8562,21.8578,12538.5262
129,002960.SZ,20200623,22.8684,22.9476,22.542,22.6014,22.908,-0.30659999999999954,-1.3384,9599.14,21995.704,22.9357,18504.002,22.4233,14937.4638,21.8063,12564.2876
130,002960.SZ,20200622,23.1454,23.2443,22.7596,22.908,23.2839,-0.3758999999999979,-1.6144,18293.28,42428.739,22.9337,19190.464,22.3838,15642.4738,21.7528,12542.6715
131,002960.SZ,20200619,23.2047,23.5905,23.0465,23.2839,23.3729,-0.08900000000000219,-0.3808,18370.48,43276.603,22.8131,19316.274,22.2849,14848.0677,21.6841,12310.1044
132,002960.SZ,20200618,22.6805,23.6993,22.6014,23.3729,22.5124,0.8605000000000018,3.8223,37481.52,88246.923,22.544,17657.948,22.1624,14298.8,21.5945,12010.6521
133,002960.SZ,20200617,22.5519,22.7201,22.4036,22.5124,22.5915,-0.07910000000000039,-0.3501,8775.59,19977.823,22.2295,11960.238,22.014,12168.5938,21.5043,11325.3409
134,002960.SZ,20200616,22.4036,22.7893,22.1563,22.5915,22.3046,0.28689999999999927,1.2863,13031.45,29651.511,22.1405,12565.98,21.8892,11997.2408,21.4595,11295.1438
135,002960.SZ,20200615,22.0574,23.1256,22.0574,22.3046,21.9387,0.3658999999999999,1.6678,18922.33,43048.97,22.091,13925.134,21.7606,11740.7446,21.4127,11333.4247
136,002960.SZ,20200612,21.6518,22.0079,21.3353,21.9387,21.8002,0.1385000000000005,0.6353,10078.85,22055.47,22.004,11723.468,21.6747,10947.1808,21.3894,11374.8268
137,002960.SZ,20200611,21.9189,22.1266,21.7705,21.8002,22.0673,-0.2670999999999992,-1.2104,8992.97,19925.691,21.998,11926.878,21.6328,10755.6454,21.3926,11452.7332
138,002960.SZ,20200610,22.3442,22.4332,21.909,22.0673,22.3442,-0.27690000000000126,-1.2392,11804.3,26447.466,22.0554,13881.138,21.5841,10717.8015,21.3964,11451.1588
139,002960.SZ,20200609,21.9486,22.542,21.8793,22.3442,21.8694,0.4748000000000019,2.1711,19827.22,44854.442,21.9664,13113.478,21.5453,10704.7431,21.39,11366.4656
140,002960.SZ,20200608,21.9881,22.0178,21.8398,21.8694,21.909,-0.03960000000000008,-0.1807,7914.0,17537.439,21.8358,11394.034,21.4951,10030.07,21.3688,11037.9165
141,002960.SZ,20200605,21.9881,22.0574,21.731,21.909,22.087,-0.17800000000000082,-0.8059,11095.9,24547.142,21.7507,11769.002,21.4943,10520.8231,21.3627,11020.1679
142,002960.SZ,20200604,21.6914,22.275,21.4639,22.087,21.6222,0.4648000000000003,2.1496,18764.27,41576.965,21.547,10859.422,21.4707,10285.8223,21.3539,11083.2488
143,002960.SZ,20200603,21.7606,21.8002,21.5628,21.6222,21.6914,-0.06920000000000215,-0.319,7966.0,17452.891,21.3136,9045.968,21.4304,9573.3315,21.3379,10844.4865
144,002960.SZ,20200602,21.3749,21.7409,21.2661,21.6914,21.4441,0.24730000000000274,1.1532,11230.0,24524.687,21.2265,9173.968,21.4259,9781.9469,21.333,11417.4565
145,002960.SZ,20200601,20.9594,21.5035,20.9594,21.4441,20.8902,0.5538999999999987,2.6515,9788.84,21040.065,21.1672,8445.746,21.4175,10428.6223,21.3615,11630.1018
146,002960.SZ,20200529,20.91,21.0287,20.6726,20.8902,20.9199,-0.029699999999998283,-0.142,6548.0,13810.495,21.1118,8188.178,21.4198,10337.0708,21.4185,11837.0791
147,002960.SZ,20200528,21.1177,21.2957,20.633,20.9199,21.1869,-0.267000000000003,-1.2602,9697.0,20518.696,21.2463,9205.486,21.4586,10610.6492,21.4904,12023.7038
148,002960.SZ,20200527,21.1672,21.454,21.0781,21.1869,21.3947,-0.20779999999999887,-0.9713,8606.0,18499.438,21.4006,9477.38,21.5042,11350.5208,21.5582,12282.82
149,002960.SZ,20200526,21.1672,21.4639,21.1672,21.3947,21.1672,0.22749999999999915,1.0748,7588.89,16354.991,21.5351,10614.938,21.4883,11631.0577,21.6079,12504.5879
150,002960.SZ,20200525,21.6617,21.731,21.0287,21.1672,21.5628,-0.3955999999999982,-1.8346,8501.0,18341.227,21.5767,10705.338,21.4365,11754.5962,21.6675,13026.7382
151,002960.SZ,20200522,21.6123,21.7013,21.3848,21.5628,21.6914,-0.12860000000000227,-0.5929,11634.54,25368.264,21.6558,10905.516,21.4068,11782.5338,21.7182,13677.9924
152,002960.SZ,20200521,21.8595,21.9585,21.6419,21.6914,21.8595,-0.16809999999999903,-0.769,11056.47,24334.401,21.6558,10714.208,21.3308,11686.4923,21.7734,14720.4959
153,002960.SZ,20200520,21.7606,22.0178,21.4639,21.8595,21.6024,0.2571000000000012,1.1901,14293.79,31374.238,21.634,12430.27,21.2189,11465.9254,21.7857,14740.1879
154,002960.SZ,20200519,21.5727,21.7211,21.4936,21.6024,21.5628,0.03960000000000008,0.1836,8040.89,17544.468,21.5569,11291.246,21.0995,11457.2446,21.8049,14809.8121
155,002960.SZ,20200518,21.5134,21.8002,21.4243,21.5628,21.5628,0.0,0.0,9501.89,20735.786,21.5153,11703.972,21.0523,11434.7831,21.8421,15307.2856
156,002960.SZ,20200515,21.6716,21.6914,21.4639,21.5628,21.5826,-0.01980000000000004,-0.0917,10678.0,23288.258,21.5055,13666.66,21.0089,11806.4069,21.8662,15458.4429
157,002960.SZ,20200514,21.4243,22.1365,21.3452,21.5826,21.4738,0.10879999999999868,0.5067,19636.78,43152.858,21.3887,13981.656,21.0051,12548.8685,21.8764,15443.1488
158,002960.SZ,20200513,21.2562,21.5232,21.2166,21.4738,21.3947,0.07910000000000039,0.3697,8598.67,18641.991,21.2166,11893.278,21.0409,12017.3985,21.8735,15248.7194
159,002960.SZ,20200512,21.5727,21.5727,21.1474,21.3947,21.5134,-0.11870000000000047,-0.5517,10104.52,21720.213,21.0782,11946.382,21.0759,12043.6115,21.893,15386.9532
160,002960.SZ,20200511,21.0089,21.5925,20.9891,21.5134,20.9792,0.534200000000002,2.5463,19315.33,41679.817,20.914,12002.678,21.1109,11952.8585,21.9075,15538.4812
161,002960.SZ,20200508,20.7715,21.0188,20.7715,20.9792,20.7221,0.25709999999999766,1.2407,12252.98,25951.362,20.6588,9777.432,21.1192,11132.9523,21.9067,15356.0891
162,002960.SZ,20200507,20.9496,20.9496,20.5737,20.7221,20.7814,-0.05930000000000035,-0.2854,9194.89,19243.276,20.5242,10163.024,21.1717,10752.7654,21.9323,15548.1515
163,002960.SZ,20200506,20.366,20.8704,20.2374,20.7814,20.5737,0.20770000000000266,1.0095,8864.19,18454.185,20.5776,9873.824,21.2402,11063.9777,21.9698,15973.48
164,002960.SZ,20200430,20.3759,20.6133,20.3759,20.5737,20.2374,0.3362999999999978,1.6618,10386.0,21526.024,20.6212,10967.586,21.2988,11201.0669,22.0335,16503.4826
165,002960.SZ,20200429,20.3363,20.5341,20.2275,20.2374,20.3066,-0.0691999999999986,-0.3408,8189.1,16822.068,20.8091,12956.386,21.3665,12513.45,22.1295,16805.6747
166,002960.SZ,20200428,21.0682,21.0682,19.8813,20.3066,20.9891,-0.682500000000001,-3.2517,14180.94,29173.606,21.1711,13864.1,21.5529,13303.5146,22.2566,17218.4394
167,002960.SZ,20200427,21.1474,21.1474,20.9298,20.9891,20.999,-0.009899999999998244,-0.0471,7748.89,16455.422,21.4956,12815.8,21.7896,13506.9862,22.3826,17525.7585
168,002960.SZ,20200424,21.4342,21.5826,20.9496,20.999,21.5134,-0.514400000000002,-2.3911,14333.0,30694.582,21.6677,13050.968,21.9699,13902.7054,22.4772,18145.6609
169,002960.SZ,20200423,21.8101,21.8595,21.4441,21.5134,22.0475,-0.5340999999999987,-2.4225,20330.0,44384.262,21.7923,11915.678,22.1411,14223.7785,22.595,18418.6
170,002960.SZ,20200422,21.9387,22.186,21.7705,22.0475,21.9288,0.11870000000000047,0.5413,12727.67,28289.867,21.822,9311.788,22.2461,13901.9408,22.7047,18821.5332
171,002960.SZ,20200421,21.7804,21.9288,21.632,21.9288,21.8497,0.07910000000000039,0.362,8939.44,19675.278,21.7349,9414.384,22.3518,14872.2738,22.7893,19193.4256
172,002960.SZ,20200420,21.7705,21.8595,21.6123,21.8497,21.6222,0.22749999999999915,1.0522,8924.73,19640.389,21.6578,9755.766,22.4256,16541.8277,22.862,19745.4491
173,002960.SZ,20200417,21.7507,21.8694,21.5826,21.6222,21.6617,-0.03950000000000031,-0.1823,8656.55,19020.713,21.5786,13460.216,22.5481,19476.8223,22.9339,20152.8265
174,002960.SZ,20200416,21.6123,21.7211,21.4243,21.6617,21.6123,0.049399999999998556,0.2286,7310.55,15967.575,21.7863,15420.894,22.5854,19712.9338,22.9892,21157.8779
175,002960.SZ,20200415,21.5628,22.0277,21.4441,21.6123,21.543,0.06930000000000192,0.3217,13240.65,29081.334,22.1306,17323.998,22.6508,20432.2,23.0904,22484.7412
176,002960.SZ,20200414,21.365,21.6123,21.365,21.543,21.454,0.08899999999999864,0.4148,10646.35,23141.65,22.4748,17254.516,22.7475,21333.3031,23.1698,22922.2156
177,002960.SZ,20200413,21.8002,21.8002,21.1474,21.454,22.6607,-1.2066999999999979,-5.3251,27446.98,59463.414,22.8111,18826.636,22.8121,21640.6023,23.2577,23639.3774
178,002960.SZ,20200410,23.3531,23.3531,22.6014,22.6607,23.3828,-0.7221000000000011,-3.0882,18459.94,42673.578,23.0959,16566.462,22.8471,20310.6808,23.3633,23576.8335
179,002960.SZ,20200409,23.3531,23.7092,23.274,23.3828,23.3333,0.04949999999999832,0.2121,16826.07,39958.905,23.2483,17942.874,22.7566,19892.6992,23.4334,23800.7479
180,002960.SZ,20200408,23.2146,23.4224,23.1355,23.3333,23.2245,0.10880000000000223,0.4685,12893.24,30373.117,23.1493,20706.388,22.6607,19621.3569,23.4773,24063.0459
181,002960.SZ,20200407,23.2245,23.3333,23.0366,23.2245,22.8783,0.3461999999999996,1.5132,18506.95,43385.975,23.1711,27543.672,22.5496,19803.1438,23.5152,24426.3159
182,002960.SZ,20200403,23.3333,23.3729,22.8487,22.8783,23.4224,-0.5441000000000003,-2.323,16146.11,37664.6,22.9476,26187.482,22.4157,19388.3015,23.56,24675.0806
183,002960.SZ,20200402,22.8783,23.6301,22.6607,23.4224,22.8882,0.5341999999999985,2.334,25342.0,59388.656,22.8744,26290.462,22.3366,19591.1469,23.5998,24923.6347
184,002960.SZ,20200401,23.6004,23.9367,22.8586,22.8882,23.4421,-0.5538999999999987,-2.3628,30643.64,72189.876,22.7636,26213.06,22.227,19461.4592,23.6013,24575.9238
185,002960.SZ,20200331,22.2453,24.2334,22.2453,23.4421,22.1068,1.3353000000000002,6.0402,47079.66,111535.509,22.6627,23012.58,22.2316,19172.2777,23.6179,24199.9015
186,002960.SZ,20200330,22.1761,22.4036,21.9387,22.1068,22.5124,-0.40559999999999974,-1.8017,11726.0,26249.204,22.3561,15628.248,22.262,17140.0369,23.6301,23345.4453
187,002960.SZ,20200327,23.1355,23.2146,22.4629,22.5124,22.8684,-0.35600000000000165,-1.5567,16661.01,38338.788,22.2315,15888.284,22.4507,17947.5062,23.6778,23528.16
188,002960.SZ,20200326,22.186,23.3432,22.1761,22.8684,22.3838,0.48460000000000036,2.165,24954.99,57574.764,22.1563,15215.806,22.6105,18560.4892,23.7188,23685.1624
189,002960.SZ,20200325,22.1662,22.4728,22.1266,22.3838,21.909,0.4748000000000019,2.1671,14641.24,32981.937,21.9604,13276.102,22.7132,18858.2262,23.7345,23776.0168
190,002960.SZ,20200324,21.8101,22.0673,21.3947,21.909,21.4837,0.4253,1.9796,10158.0,22361.348,21.7804,12970.654,22.9149,19548.3562,23.7488,24159.5259
191,002960.SZ,20200323,21.5232,21.8793,21.3551,21.4837,22.1365,-0.6528000000000027,-2.949,13026.18,28455.184,21.7686,14695.674,23.1713,21384.6431,23.7668,24637.7344
192,002960.SZ,20200320,22.4036,22.4036,21.8398,22.1365,21.8892,0.24730000000000274,1.1298,13298.62,29703.568,21.8714,16821.65,23.436,22334.3223,23.7869,25307.9756
193,002960.SZ,20200319,21.4342,21.9585,21.2661,21.8892,21.4837,0.40549999999999997,1.8875,15256.47,33277.805,22.0336,19538.782,23.6103,23442.7546,23.8183,25054.0162
194,002960.SZ,20200318,22.0277,22.364,21.4639,21.4837,21.8497,-0.36599999999999966,-1.6751,13114.0,29163.885,22.4234,20619.594,23.7952,24021.1462,23.9329,25281.6597
195,002960.SZ,20200317,22.1662,22.2057,20.9891,21.8497,21.998,-0.14830000000000254,-0.6742,18783.1,41109.261,23.0386,22441.414,23.9504,26306.8615,24.0865,25559.7185
196,002960.SZ,20200316,23.1751,23.3432,21.9387,21.998,22.9476,-0.9496000000000002,-4.1381,23656.06,54227.546,23.5865,23610.752,24.2007,28894.6154,24.2378,25565.6856
197,002960.SZ,20200313,22.73,23.4026,22.3442,22.9476,23.8378,-0.8902000000000001,-3.7344,26884.28,61922.504,24.0277,24644.654,24.3788,29237.5938,24.3987,25401.9506
198,002960.SZ,20200312,24.273,24.3126,23.6499,23.8378,24.5598,-0.7219999999999978,-2.9398,20660.53,50109.903,24.4392,23990.384,24.5005,29864.1762,24.527,25125.5179
199,002960.SZ,20200311,24.728,24.9357,24.5302,24.5598,24.5895,-0.029700000000001836,-0.1208,22223.1,55592.132,24.7201,26664.224,24.5933,30222.6346,24.6305,25207.61
200,002960.SZ,20200310,23.729,24.6785,23.4718,24.5895,24.2038,0.38569999999999993,1.5936,24629.79,59957.565,24.7933,27294.006,24.6306,30518.7831,24.7181,25306.4641
201,002960.SZ,20200309,24.7379,24.906,24.1147,24.2038,25.0049,-0.8010999999999981,-3.2038,28825.57,71131.463,24.7557,27909.696,24.6527,30604.5069,24.8138,25643.7556
202,002960.SZ,20200306,24.9258,25.1335,24.7873,25.0049,25.2423,-0.23740000000000094,-0.9405,23612.93,59574.485,24.7735,26699.694,24.6846,30329.0338,24.9127,25468.0815
203,002960.SZ,20200305,25.1335,25.272,24.8467,25.2423,24.9258,0.31650000000000134,1.2698,34029.73,86247.431,24.4728,30542.768,24.6649,30586.8815,24.982,25461.5559
204,002960.SZ,20200304,24.2433,24.9258,24.1147,24.9258,24.4016,0.5242000000000004,2.1482,25372.01,62940.078,24.4451,34221.602,24.5872,29861.2831,25.0399,25124.2365
205,002960.SZ,20200303,24.4807,24.9258,24.2829,24.4016,24.2928,0.10879999999999868,0.4479,27708.24,68972.207,24.3225,34770.156,24.4754,28949.5769,25.096,25277.8397
206,002960.SZ,20200302,23.7191,24.3818,23.7191,24.2928,23.5015,0.7912999999999997,3.367,22775.56,55537.688,24.3482,36234.478,24.4024,28191.9338,25.185,25411.105
207,002960.SZ,20200228,24.451,24.6291,23.452,23.5015,25.1039,-1.6023999999999994,-6.3831,42828.3,103951.369,24.4985,36743.464,24.3689,27826.7485,25.2653,25575.8715
208,002960.SZ,20200227,24.3126,25.6775,24.273,25.1039,24.3126,0.7912999999999997,3.2547,52423.9,133054.846,24.8071,33392.41,24.3864,25912.1331,25.3721,25227.0865
209,002960.SZ,20200226,24.2433,24.9456,24.1345,24.3126,24.5302,-0.2176000000000009,-0.8871,28114.78,69731.876,24.7616,28056.47,24.2943,23571.7631,25.4279,24613.2474
210,002960.SZ,20200225,24.5203,24.7181,23.7587,24.5302,25.0445,-0.5142999999999986,-2.0535,35029.85,86310.171,24.823,27482.398,24.2243,23566.3215,25.4986,24339.8353
211,002960.SZ,20200224,24.728,25.2127,24.6588,25.0445,25.0445,0.0,0.0,25320.49,63751.675,24.8665,25869.418,24.0965,23000.9908,25.5618,24000.4303
212,002960.SZ,20200221,24.8764,25.2226,24.7379,25.0445,24.8764,0.16809999999999903,0.6757,26073.03,66055.969,24.7043,25724.71,23.9025,23085.3446,25.6051,24014.5309
213,002960.SZ,20200220,24.639,24.906,24.4411,24.8764,24.6192,0.257200000000001,1.0447,25744.2,64369.908,24.3897,23214.07,23.6811,23834.6792,25.6578,24284.41
214,002960.SZ,20200219,24.6983,25.0049,24.5401,24.6192,24.7478,-0.12860000000000227,-0.5196,25244.42,63234.517,24.1048,21637.006,23.5525,22213.1254,25.6909,23887.3015
215,002960.SZ,20200218,24.2631,24.8566,24.184,24.7478,24.2334,0.514400000000002,2.1227,26964.95,66898.223,23.9525,20193.752,23.6422,22040.1969,25.7317,23537.3153
216,002960.SZ,20200217,23.5312,24.2829,23.5312,24.2334,23.4718,0.7615999999999978,3.2447,24596.95,59733.72,23.7488,18388.422,23.7929,21701.97,25.7593,23396.4526
217,002960.SZ,20200214,23.3531,23.6894,23.3531,23.4718,23.452,0.01980000000000004,0.0844,13519.83,32172.222,23.6835,17868.85,24.0052,21270.3569,25.8236,23324.0326
218,002960.SZ,20200213,23.7784,23.9169,23.4224,23.452,23.8576,-0.40559999999999974,-1.7001,17858.88,42658.247,23.6696,20773.692,24.3126,21621.8369,25.9193,23741.1668
219,002960.SZ,20200212,23.7389,23.8675,23.5015,23.8576,23.729,0.12860000000000227,0.542,18028.15,43280.674,23.5529,22738.026,24.6093,21593.1208,26.0235,24094.1521
220,002960.SZ,20200211,23.9862,24.0059,23.6004,23.729,23.907,-0.17800000000000082,-0.7446,17938.3,43033.588,23.2859,24415.814,24.8787,22010.3138,26.1128,24526.1021
221,002960.SZ,20200210,23.3729,23.996,23.2641,23.907,23.4026,0.5044000000000004,2.1553,21999.09,52807.809,22.9733,27991.03,25.1716,22598.4554,26.203,24972.3976
222,002960.SZ,20200207,22.8981,23.6301,22.819,23.4026,22.8684,0.5341999999999985,2.336,28044.04,66007.603,22.8328,24524.012,25.4744,23682.9638,26.2771,25147.4385
223,002960.SZ,20200206,22.5816,23.0069,22.3442,22.8684,22.5223,0.34609999999999985,1.5367,27680.55,63506.66,23.3096,23514.474,25.7947,23283.6262,26.3583,25274.6935
224,002960.SZ,20200205,22.2948,22.9278,22.1761,22.5223,22.1662,0.3561000000000014,1.6065,26417.09,60418.437,24.0772,22491.964,26.1402,22953.6654,26.4619,25296.5312
225,002960.SZ,20200204,20.9199,22.4135,20.9199,22.1662,23.2047,-1.038499999999999,-4.4754,35814.38,79833.886,24.9713,21005.742,26.5008,22657.0331,26.5675,25245.6009
226,002960.SZ,20200203,23.2047,23.2047,23.2047,23.2047,25.7864,-2.5817000000000014,-10.0119,4664.0,10941.744,26.0317,17460.68,26.8599,22255.5054,26.6777,24774.7947
227,002960.SZ,20200123,26.4985,26.6963,25.5687,25.7864,26.7062,-0.9197999999999986,-3.4441,22996.35,60708.77,26.8526,20024.994,27.1848,24376.6792,26.758,25121.915
228,002960.SZ,20200122,26.8348,26.9733,26.2216,26.7062,26.9931,-0.28689999999999927,-1.0629,22568.0,60767.064,27.1672,20116.056,27.2799,24790.6231,26.7647,25053.7435
229,002960.SZ,20200121,27.4085,27.458,26.9931,26.9931,27.4679,-0.4748000000000019,-1.7286,18985.98,52056.879,27.3334,20719.284,27.3127,25436.9008,26.7313,24683.5268
230,002960.SZ,20200120,27.2206,27.5668,27.0524,27.4679,27.3096,0.15830000000000055,0.5796,18089.07,49868.61,27.5035,24141.628,27.3134,26403.6231,26.6905,24630.3326
231,002960.SZ,20200117,27.4184,27.6162,27.2206,27.3096,27.3591,-0.049500000000001876,-0.1809,17485.57,48442.514,27.5233,25094.344,27.2556,26459.7538,26.6402,24630.4821
232,002960.SZ,20200116,27.458,27.8932,27.3195,27.3591,27.5371,-0.17799999999999727,-0.6464,23451.66,65445.693,27.5332,26275.442,27.2069,26921.6392,26.5992,24603.9715
233,002960.SZ,20200115,27.9031,28.0415,27.3591,27.5371,27.8437,-0.30659999999999954,-1.1011,25584.14,71343.946,27.5035,26097.284,27.1422,27102.2738,26.5477,24273.9753
234,002960.SZ,20200114,27.547,28.1108,27.4382,27.8437,27.5668,0.2768999999999977,1.0045,36097.7,101607.806,27.363,27099.36,27.0882,27845.7185,26.4901,23963.1509
235,002960.SZ,20200113,27.3591,27.5767,27.1316,27.5668,27.3591,0.2076999999999991,0.7592,22852.65,63273.159,27.2799,26327.672,26.9467,26010.7038,26.4293,23469.3712
236,002960.SZ,20200110,27.3492,27.458,27.1316,27.3591,27.2107,0.1484000000000023,0.5454,23391.06,64587.244,27.1711,27432.666,26.8265,25279.3377,26.3813,23825.1315
237,002960.SZ,20200109,26.9832,27.2601,26.9535,27.2107,26.8348,0.3758999999999979,1.4008,22560.87,61832.822,27.1256,28948.376,26.6979,25185.8423,26.372,24043.465
238,002960.SZ,20200108,27.2107,27.3492,26.8249,26.8348,27.4283,-0.5934999999999988,-2.1638,30594.52,83632.503,27.0841,30746.876,26.637,25153.0577,26.3917,24164.0841
239,002960.SZ,20200107,27.0623,27.4679,27.0524,27.4283,27.0227,0.40559999999999974,1.501,32239.26,89017.934,27.0603,28391.726,26.6286,24930.5862,26.4162,24307.1274
240,002960.SZ,20200106,26.9041,27.2799,26.8348,27.0227,27.1316,-0.10889999999999844,-0.4014,28377.62,77611.268,26.91,26641.89,26.5952,24747.5954,26.4296,24513.8976
241,002960.SZ,20200103,26.9733,27.181,26.7755,27.1316,27.003,0.12859999999999872,0.4762,30969.61,84405.594,26.8091,26126.348,26.5853,25081.1977,26.4299,24177.3941
242,002960.SZ,20200102,26.9041,27.1513,26.7755,27.003,26.7161,0.28689999999999927,1.0739,31553.37,86042.347,26.7498,26982.21,26.5594,25246.0238,26.4185,23894.0632
243,002960.SZ,20191231,26.8843,26.8843,26.5084,26.7161,26.6766,0.03950000000000031,0.1481,18818.77,50725.244,26.55,23120.038,26.5153,24968.8785,26.4267,23832.7103
244,002960.SZ,20191230,26.5084,26.7359,25.9149,26.6766,26.5183,0.15830000000000055,0.5969,23490.08,62744.421,26.4075,22025.262,26.4727,26011.3354,26.4357,24095.6974
245,002960.SZ,20191227,26.8645,26.9238,26.5183,26.5183,26.8348,-0.31650000000000134,-1.1794,25799.91,69496.679,26.2097,21762.37,26.4506,26390.7931,26.4514,24322.3091
246,002960.SZ,20191226,26.0336,26.8447,26.0138,26.8348,26.004,0.8308,3.1949,35248.92,94598.435,26.1899,21029.322,26.4194,26305.0662,26.4461,24426.7894
247,002960.SZ,20191225,25.9842,26.1029,25.905,26.004,26.004,0.0,0.0,12242.51,32201.283,26.1682,19520.016,26.3486,25117.2238,26.4651,24684.9771
248,002960.SZ,20191224,25.7765,26.0633,25.7072,26.004,25.6874,0.3166000000000011,1.2325,13344.89,34884.699,26.366,23043.59,26.3433,25442.1146,26.4936,24931.9071
249,002960.SZ,20191223,26.3798,26.3798,25.6677,25.6874,26.4194,-0.7319999999999993,-2.7707,22175.62,58382.008,26.544,26917.502,26.3441,26006.24,26.5282,25322.6182
250,002960.SZ,20191220,26.7161,26.8447,26.4095,26.4194,26.726,-0.30659999999999954,-1.1472,22134.67,59596.578,26.7656,29104.848,26.3349,25068.1638,26.5683,25464.6721
251,002960.SZ,20191219,26.9931,27.0129,26.5974,26.726,26.9931,-0.2670999999999992,-0.9895,27702.39,74978.416,26.7676,30268.01,26.2725,24686.8338,26.5814,25256.8471
252,002960.SZ,20191218,26.8645,27.1909,26.7359,26.9931,26.8942,0.09889999999999688,0.3677,29860.38,81407.775,26.6548,31201.674,26.198,23947.7385,26.5843,24933.7871
253,002960.SZ,20191217,26.8051,26.9238,26.5776,26.8942,26.7953,0.09890000000000043,0.3691,32714.45,88496.573,26.5341,30914.204,26.115,22926.4946,26.5736,25174.4382
254,002960.SZ,20191216,26.4688,26.8942,26.2908,26.7953,26.4293,0.36599999999999966,1.3848,33112.35,89135.647,26.3779,29308.406,26.0161,21350.9054,26.5992,24825.6771
255,002960.SZ,20191213,26.36,26.6172,26.2018,26.4293,26.1622,0.2671000000000028,1.0209,27950.48,74560.236,26.2018,26647.33,25.9225,19958.8869,26.6323,24846.4121
256,002960.SZ,20191212,26.4095,26.6271,26.1523,26.1622,26.3897,-0.2275000000000027,-0.8621,32370.71,86253.781,26.1029,24350.452,25.8723,19294.1723,26.7109,24789.1638
257,002960.SZ,20191211,26.0138,26.3897,25.905,26.3897,26.1128,0.27690000000000126,1.0604,28423.03,75122.465,26.0732,22012.014,25.8548,19492.4638,26.7903,24400.8135
258,002960.SZ,20191210,25.7666,26.2512,25.6677,26.1128,25.9149,0.19790000000000063,0.7637,24685.46,64946.311,25.909,18323.534,25.905,19676.4154,26.8569,24133.0365
259,002960.SZ,20191209,25.9644,26.0138,25.6281,25.9149,25.9347,-0.01980000000000004,-0.0763,19806.97,51736.015,25.8081,16821.918,26.0412,19828.4508,26.9369,24563.5265
260,002960.SZ,20191206,25.9545,26.1128,25.7962,25.9347,26.0138,-0.07910000000000039,-0.3041,16466.09,43177.469,25.7764,16479.354,26.1759,21032.3754,27.0018,24577.0729
261,002960.SZ,20191205,25.5984,26.0831,25.5984,26.0138,25.5687,0.44510000000000005,1.7408,20678.52,54171.454,25.7725,16502.978,26.3258,22786.48,27.0591,25172.3309
262,002960.SZ,20191204,25.4698,25.638,25.3314,25.5687,25.6083,-0.03960000000000008,-0.1546,9980.63,25764.665,25.6914,14813.632,26.4042,22498.6323,27.1609,26021.4197
263,002960.SZ,20191203,25.4698,25.6775,25.2522,25.6083,25.7567,-0.14839999999999876,-0.5762,17177.38,44168.87,25.6934,15820.728,26.4947,23372.15,27.3148,26801.2409
264,002960.SZ,20191202,26.2117,26.3996,25.6775,25.7567,25.9149,-0.15820000000000078,-0.6105,18094.15,47606.171,25.727,16247.09,26.6233,24317.5338,27.4638,27224.3762
265,002960.SZ,20191129,25.6182,25.9644,25.3511,25.9149,25.6083,0.30659999999999954,1.1973,16584.21,43073.461,25.7626,19617.96,26.7207,25061.0862,27.6151,27609.3326
266,002960.SZ,20191128,25.5885,25.8952,25.5292,25.6083,25.5786,0.029699999999998283,0.1161,12231.79,31794.889,25.9881,22463.998,26.8204,26184.9838,27.7707,28241.9318
267,002960.SZ,20191127,25.7369,25.7468,25.4402,25.5786,25.7765,-0.19789999999999708,-0.7678,15016.11,38804.269,26.4431,25350.024,26.8767,27501.9415,27.9287,29153.4894
268,002960.SZ,20191126,25.9743,26.093,25.6677,25.7765,25.9347,-0.15820000000000078,-0.61,19309.19,50487.386,26.8605,29438.4,27.0227,29733.5715,28.0965,29908.4712
269,002960.SZ,20191125,27.0524,27.2799,25.8358,25.9347,27.0425,-1.107800000000001,-4.0965,34948.5,92769.242,27.2819,33430.452,27.1148,29835.7977,28.2324,30124.9512
270,002960.SZ,20191122,27.7943,28.1405,26.9337,27.0425,27.8833,-0.840799999999998,-3.0154,30814.4,85594.595,27.5015,29828.052,27.2107,29195.8415,28.3493,29805.14
271,002960.SZ,20191121,27.7448,28.0613,27.4975,27.8833,27.6657,0.21759999999999735,0.7865,26661.92,75128.957,27.4421,27932.444,27.2114,28902.8454,28.4255,29771.4262
272,002960.SZ,20191120,27.6954,28.1503,27.4975,27.6657,27.8833,-0.21759999999999735,-0.7804,35457.99,99633.06,27.3215,28493.534,27.1331,28011.0531,28.5024,29943.3538
273,002960.SZ,20191119,27.0227,27.9426,26.9139,27.8833,27.0326,0.8506999999999998,3.1469,39269.45,109445.443,27.1929,26954.002,27.0684,26569.5423,28.5838,30377.2697
274,002960.SZ,20191118,26.6864,27.0326,26.5579,27.0326,26.7458,0.2867999999999995,1.0723,16936.5,46010.457,27.0583,25339.088,26.9718,26475.1631,28.6996,30839.7568
275,002960.SZ,20191115,27.2206,27.2601,26.6568,26.7458,27.2799,-0.5341000000000022,-1.9579,21336.36,58007.449,26.9199,27822.236,27.0281,26776.7069,28.8794,31865.2853
276,002960.SZ,20191114,26.9931,27.3492,26.6864,27.2799,27.0227,0.257200000000001,0.9518,29467.37,80564.486,27.0663,32360.424,27.1186,27736.7823,29.0615,33749.2503
277,002960.SZ,20191113,26.9634,27.4679,26.8249,27.0227,27.2107,-0.18799999999999883,-0.6909,27760.33,76162.568,27.0049,30594.576,27.2586,27470.3723,29.2747,35862.5159
278,002960.SZ,20191112,26.5084,27.2305,26.3699,27.2107,26.3403,0.8704000000000001,3.3044,31194.88,84945.914,27.0366,30368.324,27.4001,26809.3315,29.5243,38060.9629
279,002960.SZ,20191111,27.1118,27.1711,26.271,26.3403,27.4777,-1.1373999999999995,-4.1394,29352.24,79043.355,27.0049,29530.438,27.5112,25895.7723,29.7565,41162.1032
280,002960.SZ,20191108,27.0227,27.9723,26.9832,27.4777,26.9733,0.5044000000000004,1.87,44027.3,122548.895,27.1098,26673.714,27.7029,26662.6862,29.9727,42602.73
281,002960.SZ,20191107,27.181,27.2799,26.8348,26.9733,27.181,-0.20770000000000266,-0.7641,20638.13,56453.13,26.9792,21211.924,27.7524,24835.0131,30.1617,43263.6021
282,002960.SZ,20191106,27.003,27.2502,26.8348,27.181,27.0524,0.12860000000000227,0.4754,26629.07,72824.306,26.91,24692.802,27.8224,26070.9154,30.3549,44545.6453
283,002960.SZ,20191105,26.8546,27.2404,26.6172,27.0524,26.8645,0.18789999999999907,0.6994,27005.45,73472.306,27.0267,23538.302,27.9989,27833.8746,30.5388,46720.4679
284,002960.SZ,20191104,27.0227,27.0227,26.7953,26.8645,26.8249,0.03960000000000008,0.1476,15068.62,40959.363,27.2008,24900.68,28.2873,28563.8054,30.7526,49281.5885
285,002960.SZ,20191101,26.7755,26.9041,26.5183,26.8249,26.6271,0.19780000000000086,0.7429,16718.35,45251.2,27.6479,27087.764,28.5802,29832.6792,30.9391,51470.2674
286,002960.SZ,20191031,27.6162,27.7943,26.6271,26.6271,27.7646,-1.1375000000000028,-4.0969,38042.52,104314.778,28.0554,27577.454,28.8937,30945.3192,31.1052,52633.4535
287,002960.SZ,20191030,27.8734,28.2888,27.6162,27.7646,27.9228,-0.15819999999999723,-0.5666,20856.57,58851.676,28.4609,23832.672,29.246,30949.17,31.2768,53900.5856
288,002960.SZ,20191029,29.0109,29.0208,27.9228,27.9228,29.0999,-1.177100000000003,-4.045,33817.34,97184.738,28.6746,27525.782,29.4933,32669.7992,31.413,55196.1088
289,002960.SZ,20191028,29.1296,29.2582,28.6944,29.0999,28.8625,0.23740000000000094,0.8225,26004.04,76260.988,28.7141,24815.824,29.752,33198.1185,31.5369,56023.5074
290,002960.SZ,20191025,28.7043,29.0801,28.5064,28.8625,28.6548,0.2076999999999991,0.7248,19166.8,55903.219,28.4708,26955.988,29.8516,33249.3085,31.6134,57136.4447
291,002960.SZ,20191024,28.6449,28.8625,28.3877,28.6548,28.8328,-0.17799999999999727,-0.6174,19318.61,55964.305,28.5935,33032.136,29.9323,33626.8562,31.7036,58180.3421
292,002960.SZ,20191023,28.9219,29.9505,28.5757,28.8328,28.1207,0.7120999999999995,2.5323,39322.12,115885.792,29.0228,36467.324,30.0076,34422.9731,31.8057,59968.0609
293,002960.SZ,20191022,27.9327,28.1503,27.6756,28.1207,27.8833,0.23740000000000094,0.8514,20267.55,57234.583,29.3907,34915.696,30.1354,33898.7685,31.9393,61486.5429
294,002960.SZ,20191021,29.0307,29.0999,27.3986,27.8833,29.4758,-1.5925000000000011,-5.4027,36704.86,103900.173,29.9466,37098.72,30.3135,36202.1208,32.0623,62696.8959
295,002960.SZ,20191018,30.6528,30.6528,29.3867,29.4758,30.8012,-1.325400000000002,-4.3031,49547.54,149061.226,30.6113,37376.264,30.6163,37608.9785,32.1825,63446.7594
296,002960.SZ,20191017,30.4847,31.5826,30.4748,30.8012,30.6726,0.12860000000000227,0.4193,36494.55,114682.581,30.912,36111.706,30.8986,37782.5885,32.282,64033.9015
297,002960.SZ,20191016,30.9199,31.2265,30.5539,30.6726,30.9001,-0.22749999999999915,-0.7362,31563.98,98597.111,31.0089,36949.894,31.0629,41543.8669,32.3669,65878.0612
298,002960.SZ,20191015,31.0089,31.1573,30.5638,30.9001,31.2067,-0.3066000000000031,-0.9825,31182.67,97238.816,30.9535,35971.0,31.3597,46909.5915,32.4431,69119.67
299,002960.SZ,20191014,31.1474,31.4045,31.0089,31.2067,30.9792,0.2275000000000027,0.7344,38092.58,120245.95,30.7557,34549.45,31.7142,52396.1192,32.558,72269.6385
300,002960.SZ,20191011,31.2859,31.5826,30.9792,30.9792,31.2859,-0.30670000000000286,-0.9803,43224.75,136668.56,30.4411,32864.56,32.014,59976.2015,32.6939,77484.8847
301,002960.SZ,20191010,30.3759,31.3848,30.2176,31.2859,30.3956,0.8902999999999999,2.929,40685.49,127066.127,30.3442,30721.102,32.2225,62676.8785,32.865,86271.3879
302,002960.SZ,20191009,29.7428,30.455,29.3769,30.3956,29.911,0.48460000000000036,1.6201,26669.51,80985.338,30.1741,32626.23,32.4241,64662.3754,33.0084,85173.8891
303,002960.SZ,20191008,29.7033,30.3363,29.634,29.911,29.634,0.277000000000001,0.9347,24074.92,72865.643,30.459,38291.13,32.6661,67551.4592,33.0814,84424.9815
304,002960.SZ,20190930,30.5341,30.633,29.5846,29.634,30.4946,-0.860599999999998,-2.8221,29668.13,89733.37,31.1058,43837.04,32.9369,73435.93,33.0808,83738.3415
305,002960.SZ,20190927,30.2868,31.1276,30.2868,30.4946,30.4352,0.05940000000000012,0.1952,32507.46,100722.386,31.7666,54981.648,33.2976,79929.4238,33.0084,82879.3488
306,002960.SZ,20190926,31.8991,32.1167,30.366,30.4352,31.82,-1.384800000000002,-4.352,50211.13,158065.771,32.5737,68743.836,33.506,84312.2115,32.8379,81945.8526
307,002960.SZ,20190925,32.8882,33.0069,31.7705,31.82,33.1454,-1.325400000000002,-3.9987,54994.01,179145.786,33.5885,79203.116,33.6628,84778.0231,,
308,002960.SZ,20190924,32.8388,33.5806,32.7893,33.1454,32.9377,0.20770000000000266,0.6306,51804.47,173998.159,34.2453,95531.044,33.7122,86788.1,,
309,002960.SZ,20190923,34.2334,34.2532,32.6014,32.9377,34.5302,-1.5925000000000011,-4.6119,85391.17,287258.575,34.3541,100836.86,33.6544,87795.7838,,
310,002960.SZ,20190920,35.2819,35.727,34.5203,34.5302,35.5094,-0.9791999999999987,-2.7576,101318.4,359216.845,34.548,97058.016,33.5928,85992.5315,,
311,002960.SZ,20190919,34.7181,35.5589,34.4609,35.5094,35.1039,0.4054999999999964,1.1551,102507.53,363415.846,34.3501,89639.856,33.3752,83109.8785,,
312,002960.SZ,20190918,33.5312,35.2819,33.2542,35.1039,33.6894,1.4145000000000039,4.1987,136633.65,477306.119,33.9347,89252.958,33.0997,79429.2462,,
313,002960.SZ,20190917,33.8279,34.5895,33.2146,33.6894,33.907,-0.21759999999999735,-0.6418,78333.55,268496.201,33.7784,84742.938,32.8707,75080.5846,,
314,002960.SZ,20190916,33.5213,34.1048,33.1553,33.907,33.541,0.36599999999999966,1.0912,66496.95,226417.911,33.6815,86972.968,32.8464,76051.12,,
315,002960.SZ,20190912,33.2146,33.9169,32.9476,33.541,33.4322,0.10879999999999512,0.3254,64227.6,216932.916,33.3946,84926.914,32.7231,75660.5508,,
316,002960.SZ,20190911,34.3225,34.8863,33.3828,33.4322,34.3225,-0.8902999999999963,-2.5939,100573.04,346099.614,33.179,88306.396,32.6021,75504.5985,,
317,002960.SZ,20190910,33.0366,34.3225,32.8487,34.3225,33.2047,1.1177999999999955,3.3664,114083.55,389266.726,32.9713,81172.66,32.558,73115.1623,,
318,002960.SZ,20190909,32.6409,33.3729,32.4728,33.2047,32.4728,0.7319000000000031,2.2539,89483.7,299033.633,32.5341,70745.728,32.5093,71969.9646,,
319,002960.SZ,20190906,32.4036,32.9179,32.2057,32.4728,32.4629,0.009900000000001796,0.0305,56266.68,184883.918,32.2334,65617.77,32.5139,75992.6554,,
320,002960.SZ,20190905,32.5618,33.0959,32.2849,32.4629,32.3937,0.06919999999999504,0.2136,81125.01,267803.073,32.1246,65296.296,32.6934,82301.4954,,
321,002960.SZ,20190904,32.0178,32.4431,31.6716,32.3937,32.1365,0.25720000000000454,0.8003,64904.36,211053.133,32.0574,65091.504,32.9521,92631.1831,,
322,002960.SZ,20190903,31.5331,32.2948,31.5331,32.1365,31.7013,0.43519999999999825,1.3728,61948.89,199912.118,32.2532,70300.734,33.2907,113943.6062,,
323,002960.SZ,20190902,31.454,31.8002,30.7221,31.7013,31.9288,-0.22749999999999915,-0.7125,63843.91,202214.664,32.2868,70194.866,33.6004,109437.5785,,
324,002960.SZ,20190830,32.2453,32.5223,31.9288,31.9288,32.1266,-0.19780000000000442,-0.6157,54659.31,178210.399,32.3402,69866.128,33.6909,104619.3277,,
325,002960.SZ,20190829,33.1355,33.1355,32.0277,32.1266,33.3729,-1.246299999999998,-3.7345,80101.05,262452.478,32.5262,72836.34,33.5342,100470.8546,,
326,002960.SZ,20190828,32.1464,33.6004,32.0673,33.3729,32.3046,1.0683000000000007,3.307,90950.51,304282.895,32.8388,76655.326,33.153,94344.8031,,
327,002960.SZ,20190827,32.4629,32.6805,32.1266,32.3046,31.9683,0.3363000000000014,1.052,61419.55,200891.409,32.817,86820.96,32.4857,87407.7323,,
328,002960.SZ,20190826,31.6518,32.1365,31.4639,31.9683,32.8586,-0.8903000000000034,-2.7095,62200.22,200532.544,33.3175,102193.37,,,,
329,002960.SZ,20190823,33.3432,33.6795,32.7992,32.8586,33.6894,-0.8307999999999964,-2.4661,69510.37,233202.738,34.089,132835.516,,,,
330,002960.SZ,20190822,33.363,33.907,32.7596,33.6894,33.2641,0.4253,1.2786,99195.98,335473.273,34.8764,187326.614,,,,
331,002960.SZ,20190821,34.4313,34.4906,32.997,33.2641,34.8071,-1.5429999999999993,-4.433,141778.68,482112.781,35.3709,168161.524,,,,
332,002960.SZ,20190820,35.361,36.093,34.7082,34.8071,35.8259,-1.0187999999999988,-2.8438,138281.6,493930.437,35.2938,140047.118,,,,
333,002960.SZ,20190819,35.6083,36.0831,34.5203,35.8259,36.7953,-0.9694000000000003,-2.6346,215410.95,769782.86,34.3106,112536.63,,,,
334,002960.SZ,20190816,39.7824,39.7824,36.7755,36.7953,36.1622,0.6330999999999989,1.7507,341965.86,1310959.167,32.5796,69546.916,,,,
335,002960.SZ,20190815,36.1622,36.1622,36.1622,36.1622,32.8783,3.2838999999999956,9.988,3370.53,12322.657,30.1602,1307.462,,,,
336,002960.SZ,20190814,32.8783,32.8783,32.8783,32.8783,29.8912,2.9871000000000016,9.9932,1206.65,4010.904,,,,,,
337,002960.SZ,20190813,29.8912,29.8912,29.8912,29.8912,27.1711,2.720100000000002,10.011,729.16,2203.521,,,,,,
338,002960.SZ,20190812,27.1711,27.1711,27.1711,27.1711,24.6983,2.4727999999999994,10.012,462.38,1270.157,,,,,,
339,002960.SZ,20190809,20.5836,24.6983,20.5836,24.6983,17.1513,7.547000000000001,44.0025,768.59,1917.713,,,,,,
