,ts_code,trade_date,open,high,low,close,pre_close,change,pct_chg,vol,amount,ma5,ma_v_5,ma13,ma_v_13,ma34,ma_v_34,ma144,ma_v_144,ma169,ma_v_169,ma75,ma_v_75
0,002370.SZ,20201231,3.69,3.78,3.68,3.75,3.68,0.06999999999999984,1.9022,46002.84,17153.756,3.738,65463.444,3.8046,77547.6423,4.2141,66477.0412,4.9674,138043.7136,4.9897,142588.2524,4.684,76101.8475
1,002370.SZ,20201230,3.75,3.75,3.66,3.68,3.68,0.0,0.0,38495.0,14204.611,3.712,69978.444,3.8338,78586.2138,4.2347,66174.5591,4.9751,138319.9065,5.0053,145606.8993,4.7144,78586.7824
2,002370.SZ,20201229,3.71,3.77,3.68,3.68,3.75,-0.06999999999999984,-1.8667,56271.75,20940.338,3.724,74097.672,3.8808,81246.3623,4.2574,66040.4638,4.9833,138813.2447,5.0207,149277.6318,4.7444,80560.5688
3,002370.SZ,20201228,3.91,3.92,3.74,3.75,3.83,-0.08000000000000007,-2.0888,69602.02,26378.913,3.75,80870.244,3.94,80878.0585,4.2809,65559.0029,4.9906,138893.5047,5.0349,150407.9247,4.7723,82072.2483
4,002370.SZ,20201225,3.6,3.94,3.55,3.83,3.62,0.20999999999999996,5.8011,116945.61,44366.79,3.772,88200.088,3.9985,78575.6592,4.305,65181.9279,4.9978,138884.5767,5.0455,150952.9328,4.8016,83251.8415
5,002370.SZ,20201224,3.7,3.76,3.61,3.62,3.74,-0.1200000000000001,-3.2086,68577.84,25064.676,3.752,81617.278,4.0554,73875.1508,4.3282,64049.5571,5.0047,138756.2878,5.0559,151870.6837,4.832,85776.5435
6,002370.SZ,20201223,3.81,3.87,3.72,3.74,3.81,-0.06999999999999984,-1.8373,59091.14,22358.822,3.798,103621.78,4.1277,73690.5631,4.3538,63841.2685,5.0124,138760.0553,5.0691,152962.8639,4.8647,88104.9309
7,002370.SZ,20201222,3.85,4.01,3.81,3.81,3.86,-0.04999999999999982,-1.2953,90134.61,35072.042,3.852,102928.152,4.1923,76796.0592,4.3791,64298.9768,5.0188,138878.6941,5.0832,154554.2645,4.8949,90201.1061
8,002370.SZ,20201221,3.78,3.92,3.68,3.86,3.73,0.1299999999999999,3.4853,106251.24,40527.416,3.92,92599.708,4.2546,82279.3238,4.3976,63052.4,5.0255,138947.1731,5.097,156913.7636,4.9213,90868.0381
9,002370.SZ,20201218,3.81,3.89,3.72,3.73,3.85,-0.1200000000000001,-3.1169,84031.56,31983.657,3.974,83250.314,4.2977,79327.3338,4.4168,61335.0997,5.0333,139537.2404,5.1107,159745.9909,4.9473,92171.3767
10,002370.SZ,20201217,3.98,3.98,3.61,3.85,4.01,-0.1599999999999997,-3.99,178600.35,67475.213,4.086,81059.388,4.3546,77664.4731,4.4385,61608.5647,5.0401,139620.1319,5.1238,162593.6884,4.9772,94327.0857
11,002370.SZ,20201216,4.13,4.13,4.0,4.01,4.15,-0.14000000000000057,-3.3735,55623.0,22528.305,4.206,55636.078,4.4,67622.4238,4.4624,58997.6315,5.0466,138941.1208,5.1331,163311.6408,5.0069,95761.2185
12,002370.SZ,20201215,4.13,4.23,4.11,4.15,4.13,0.020000000000000462,0.4843,38492.39,16046.853,4.306,52445.644,4.4362,66805.1238,4.4891,59021.6065,5.0523,139286.488,5.1424,166207.2798,5.0349,100971.6296
13,002370.SZ,20201214,4.25,4.27,4.0,4.13,4.29,-0.16000000000000014,-3.7296,59504.27,24674.464,4.39,55914.966,4.4592,67172.3715,4.5126,61075.0544,5.0578,139572.0146,5.1496,167206.754,5.0577,105056.64
14,002370.SZ,20201211,4.45,4.45,4.24,4.29,4.45,-0.16000000000000014,-3.5955,73076.93,31738.982,4.476,57249.752,4.4908,68250.8954,4.5324,60678.9329,5.0634,140358.2678,5.1541,167684.5946,5.0837,113910.5789
15,002370.SZ,20201210,4.51,4.51,4.42,4.45,4.51,-0.05999999999999961,-1.3304,51483.8,22850.082,4.534,62526.884,4.5115,67589.1231,4.5459,59773.4056,5.069,140411.5753,5.1576,167934.5649,5.1099,119316.4253
16,002370.SZ,20201209,4.53,4.57,4.51,4.51,4.57,-0.0600000000000005,-1.3129,39670.83,17965.684,4.568,84513.534,4.5146,68195.57,4.5556,59629.7926,5.0737,140743.2192,5.1596,168344.7981,5.1263,125645.2724
17,002370.SZ,20201208,4.52,4.64,4.51,4.57,4.56,0.010000000000000675,0.2193,55839.0,25624.727,4.55,90154.442,4.5092,67661.3631,4.5621,59939.5624,5.0779,141489.6897,5.162,168790.9052,5.1456,128873.3224
18,002370.SZ,20201207,4.6,4.6,4.5,4.56,4.58,-0.020000000000000462,-0.4367,66178.2,30048.505,4.53,91469.516,4.4992,65877.5869,4.5679,60517.2921,5.0819,142267.47,5.1647,169101.9762,5.1569,130196.4359
19,002370.SZ,20201204,4.6,4.67,4.52,4.58,4.62,-0.040000000000000036,-0.8658,99462.59,45610.149,4.506,87844.618,4.4915,63761.7131,4.5779,60622.5726,5.0854,143792.2442,5.1685,169401.2756,5.1684,132182.1703
20,002370.SZ,20201203,4.4,4.62,4.38,4.62,4.42,0.20000000000000018,4.5249,161417.05,72907.927,4.486,76951.72,4.4815,59041.6015,4.5891,59258.1368,5.0903,145428.9296,5.1728,169818.445,5.1765,132123.2368
21,002370.SZ,20201202,4.45,4.45,4.41,4.42,4.47,-0.04999999999999982,-1.1186,67875.37,30030.216,4.452,53321.632,4.47,49651.3369,4.5988,57245.3309,5.0967,146311.275,5.1769,169963.4962,5.1836,131923.5943
22,002370.SZ,20201201,4.42,4.52,4.41,4.47,4.44,0.02999999999999936,0.6757,62414.37,27850.454,4.476,54451.574,4.4723,47177.7277,4.6171,57612.74,5.1053,148392.6315,5.1808,170411.5347,5.1949,132685.5739
23,002370.SZ,20201130,4.45,4.48,4.43,4.44,4.48,-0.040000000000000036,-0.8929,48053.71,21393.147,4.494,54863.478,4.4708,44987.0654,4.6359,58181.5821,5.1166,151214.599,5.1846,171029.6704,5.2073,133887.7437
24,002370.SZ,20201127,4.48,4.54,4.43,4.48,4.45,0.03000000000000025,0.6742,44998.1,20092.547,4.504,57126.258,4.4738,44360.0169,4.6597,58971.1168,5.1309,152133.256,5.1896,171652.0644,5.2192,136039.3801
25,002370.SZ,20201126,4.54,4.54,4.43,4.45,4.54,-0.08999999999999986,-1.9824,43266.61,19323.479,4.496,54671.866,4.4808,45266.43,4.6838,60971.0121,5.1408,154578.6186,5.1935,172432.2414,5.2329,138681.0528
26,002370.SZ,20201125,4.56,4.63,4.53,4.54,4.56,-0.019999999999999574,-0.4386,73525.08,33708.828,4.494,52548.526,4.4938,47972.46,4.7065,61932.1824,5.1542,158140.3378,5.1978,173107.6467,5.2492,141316.3201
27,002370.SZ,20201124,4.5,4.56,4.46,4.56,4.49,0.0699999999999994,1.559,64473.89,29085.979,4.478,45577.878,4.49,47047.1485,4.7265,61672.7176,5.1663,162205.0858,5.2028,173810.4833,5.2645,146057.2183
28,002370.SZ,20201123,4.42,4.52,4.4,4.49,4.44,0.04999999999999982,1.1261,59367.61,26501.135,4.456,40303.328,4.4931,47830.1738,4.7421,61207.7003,5.1769,163474.6508,5.2092,174489.0665,5.2839,154366.4535
29,002370.SZ,20201120,4.44,4.44,4.4,4.44,4.44,0.0,0.0,32726.14,14465.316,4.452,36298.528,4.4892,46936.5885,4.7588,61835.3779,5.1842,164185.3506,5.2169,175186.7504,5.3012,164595.2108
30,002370.SZ,20201119,4.45,4.45,4.41,4.44,4.46,-0.019999999999999574,-0.4484,32649.91,14447.546,4.454,36896.99,4.4946,48100.9646,4.7832,62657.3444,5.1922,165847.2907,5.2267,175762.4879,5.3147,168869.4573
31,002370.SZ,20201118,4.44,4.49,4.41,4.46,4.45,0.009999999999999787,0.2247,38671.84,17237.394,4.456,37154.16,4.4969,52768.6154,4.81,65070.7294,5.202,167378.5851,5.2378,176226.8335,5.3215,169844.3732
32,002370.SZ,20201117,4.49,4.49,4.4,4.45,4.47,-0.019999999999999574,-0.4474,38101.14,16872.224,4.46,37400.208,4.5123,56703.7523,4.8429,65843.1709,5.2135,169388.0712,5.2491,177168.9871,5.3265,169919.43
33,002370.SZ,20201116,4.45,4.51,4.44,4.47,4.45,0.019999999999999574,0.4494,39343.61,17583.763,4.484,41136.274,4.5485,58114.2915,4.8768,67202.8259,5.2253,172518.5491,5.2609,177913.9991,5.3311,170093.7391
34,002370.SZ,20201113,4.45,4.48,4.39,4.45,4.45,0.0,0.0,35718.45,15799.065,4.514,48956.552,4.5854,63419.3692,4.9147,68706.8394,5.2371,176307.1189,5.2736,178593.2711,5.3352,170911.0109
35,002370.SZ,20201112,4.5,4.5,4.43,4.45,4.48,-0.03000000000000025,-0.6696,33935.76,15123.883,4.522,54112.068,4.6123,64213.0377,4.9559,70964.8821,5.2476,179984.716,5.2862,179406.933,5.3421,171900.7889
36,002370.SZ,20201111,4.53,4.56,4.46,4.48,4.57,-0.08999999999999986,-1.9694,39902.08,17881.342,4.552,62255.56,4.6354,64855.5946,4.9944,73977.7888,5.2543,181831.9281,5.2989,180374.0195,5.3504,172945.8971
37,002370.SZ,20201110,4.62,4.68,4.52,4.57,4.62,-0.04999999999999982,-1.0823,56781.47,25986.682,4.544,63825.344,4.6585,65370.8931,5.0365,76497.1753,5.2619,185339.4552,5.3124,181188.93,5.3583,173778.6045
38,002370.SZ,20201109,4.59,4.79,4.55,4.62,4.49,0.1299999999999999,2.8953,78445.0,36484.936,4.532,62041.656,4.6708,64864.8569,5.0803,79728.7809,5.2675,186385.4417,5.3248,181816.9654,5.3639,174261.8889
39,002370.SZ,20201106,4.63,4.63,4.45,4.49,4.6,-0.10999999999999943,-2.3913,61496.03,27637.78,4.502,65018.53,4.6823,64636.9192,5.1209,83990.7874,5.2694,186814.708,5.336,182657.8991,5.3673,174541.5075
40,002370.SZ,20201105,4.55,4.62,4.46,4.6,4.44,0.15999999999999925,3.6036,74653.22,34137.081,4.536,70685.048,4.7138,65272.4354,5.1576,86083.6515,5.272,187188.4988,5.3508,183650.4534,5.3727,176313.0913
41,002370.SZ,20201104,4.53,4.57,4.39,4.44,4.51,-0.0699999999999994,-1.5521,47751.0,21331.595,4.6,67042.034,4.7415,63612.3238,5.1871,90190.7985,5.2734,187509.0543,5.3662,185233.7329,5.3805,178858.2617
42,002370.SZ,20201103,4.45,4.53,4.37,4.51,4.47,0.040000000000000036,0.8949,47863.03,21436.477,4.702,79153.758,4.7808,67091.6046,5.2338,95620.8562,5.2767,187976.4983,5.3852,187702.3167,5.3955,182662.1193
43,002370.SZ,20201102,4.6,4.69,4.37,4.47,4.66,-0.1900000000000004,-4.0773,93329.37,41633.204,4.76,78788.38,4.8215,69591.9315,5.2756,99699.2665,5.2802,188396.9633,5.4017,188919.5436,5.4079,185274.6348
44,002370.SZ,20201030,4.91,4.91,4.64,4.66,4.92,-0.2599999999999998,-5.2846,89828.62,42632.893,4.816,68580.306,4.8708,68701.5954,5.3138,101943.9235,5.2853,188559.6746,5.4183,190129.8205,5.4185,187697.8331
45,002370.SZ,20201029,4.9,4.95,4.81,4.92,4.95,-0.03000000000000025,-0.6061,56438.15,27505.846,4.84,59934.774,4.9162,67553.0777,5.3518,103951.0674,5.2899,189116.1718,5.4328,190966.995,5.4292,192480.7193
46,002370.SZ,20201028,4.79,5.02,4.76,4.95,4.8,0.15000000000000036,3.125,108309.62,53164.778,4.802,58687.744,4.9454,71903.5692,5.3868,111299.8941,5.2926,190015.4257,5.4456,192244.7928,5.4304,194126.9012
47,002370.SZ,20201027,4.73,4.81,4.69,4.8,4.75,0.04999999999999982,1.0526,46036.14,21821.686,4.766,52122.182,4.9662,69414.0908,5.4197,115267.4612,5.2935,190260.4553,5.4599,192795.8966,5.4313,196072.5579
48,002370.SZ,20201026,4.81,4.81,4.72,4.75,4.78,-0.03000000000000025,-0.6276,42289.0,20117.438,4.786,56866.502,4.9985,70850.0246,5.4553,120275.3476,5.2956,191099.6439,5.4747,193786.1228,5.4336,198176.7035
49,002370.SZ,20201023,4.73,4.8,4.7,4.78,4.73,0.04999999999999982,1.0571,46600.96,22154.971,4.828,59023.056,5.0246,71340.3554,5.4859,123153.745,5.2994,191870.1251,5.4893,194978.9337,5.4349,199472.456
50,002370.SZ,20201022,4.79,4.79,4.68,4.73,4.77,-0.03999999999999915,-0.8386,50203.0,23724.811,4.862,68299.194,5.0462,73964.0238,5.5162,127783.1765,5.3018,192774.6185,5.505,196372.9655,5.4347,199681.0444
51,002370.SZ,20201021,4.89,4.9,4.75,4.77,4.9,-0.13000000000000078,-2.6531,75481.81,36221.128,4.924,74332.05,5.0877,74769.4085,5.5526,133533.3747,5.3049,193519.1124,5.5231,198057.144,5.4347,200005.9969
52,002370.SZ,20201020,4.93,4.94,4.83,4.9,4.96,-0.05999999999999961,-1.2097,69757.74,33960.629,4.992,75586.688,5.1323,77786.5769,5.5912,139729.8012,5.3092,194330.3807,5.5417,200110.8202,5.4345,199837.4531
53,002370.SZ,20201019,5.02,5.04,4.93,4.96,4.95,0.009999999999999787,0.202,53071.77,26418.643,5.062,76614.718,5.1846,77415.5854,5.6268,150807.6274,5.3144,195090.0801,5.5583,203102.3069,5.4328,200277.7135
54,002370.SZ,20201016,5.04,5.07,4.87,4.95,5.04,-0.08999999999999986,-1.7857,92981.65,45943.669,5.13,88599.272,5.2338,79820.0192,5.6532,159389.8744,5.3201,195952.6108,5.5797,208068.2834,5.4288,200200.7595
55,002370.SZ,20201015,5.03,5.09,5.0,5.04,5.11,-0.07000000000000028,-1.3699,80367.28,40485.445,5.184,85192.222,5.2962,79627.59,5.6865,177935.9932,5.3281,196209.8617,5.6056,213329.054,5.4255,199662.7609
56,002370.SZ,20201014,5.2,5.22,5.09,5.11,5.25,-0.13999999999999968,-2.6667,81755.0,41991.187,5.22,82059.422,5.3585,82098.7146,5.7221,189646.2324,5.3369,196423.4522,5.626,217690.1922,5.4213,199602.8277
57,002370.SZ,20201013,5.3,5.32,5.21,5.25,5.3,-0.04999999999999982,-0.9434,74897.89,39325.273,5.216,75441.082,5.4085,86300.2215,5.7388,202716.595,5.3457,197229.9856,5.6414,221179.6388,5.4172,199769.7149
58,002370.SZ,20201012,5.2,5.32,5.16,5.3,5.22,0.08000000000000007,1.5326,112994.54,59404.476,5.178,76603.234,5.4592,90197.4008,5.7597,208801.2035,5.354,197848.8069,5.6539,224304.9064,5.4123,200460.8488
59,002370.SZ,20201009,5.25,5.36,5.21,5.22,5.22,0.0,0.0,75946.4,39944.662,5.172,66138.926,5.5177,94325.21,5.7632,210038.7909,5.3631,198134.5433,5.6634,226286.7805,5.4083,202204.8831
60,002370.SZ,20200930,5.1,5.26,5.08,5.22,5.09,0.1299999999999999,2.554,64703.28,33458.703,5.198,73890.646,5.5777,105664.1962,5.7691,214131.7874,5.3725,198810.1051,5.6753,230395.2936,5.4024,202255.2081
61,002370.SZ,20200929,5.06,5.15,5.03,5.09,5.06,0.03000000000000025,0.5929,48663.3,24807.671,5.27,73936.96,5.6177,110891.1292,5.7682,215024.1197,5.3822,199731.4253,5.6859,232329.1034,5.3963,202845.9693
62,002370.SZ,20200928,5.26,5.26,5.0,5.06,5.27,-0.20999999999999996,-3.9848,80708.65,41102.631,5.372,81070.182,5.6569,123632.1231,5.77,217900.0185,5.3937,200626.9715,5.6934,232760.4452,5.3905,203122.2097
63,002370.SZ,20200925,5.36,5.4,5.22,5.27,5.35,-0.08000000000000007,-1.4953,60673.0,32302.978,5.512,83024.466,5.7315,135298.6085,5.7762,219203.4065,5.4049,201197.8799,5.7003,232996.1087,5.3851,202972.6923
64,002370.SZ,20200924,5.52,5.55,5.25,5.35,5.58,-0.23000000000000043,-4.1219,114705.0,61550.594,5.628,93388.246,5.7823,144979.8377,5.78,221906.4685,5.4135,202308.2257,5.7064,233485.0495,5.378,202976.9108
65,002370.SZ,20200923,5.62,5.65,5.53,5.58,5.6,-0.019999999999999574,-0.3571,64934.85,36245.174,5.71,97722.164,5.8146,149206.2,5.7794,224692.3932,5.4249,203103.5917,5.7131,233736.7643,5.3695,202196.0708
66,002370.SZ,20200922,5.65,5.75,5.55,5.6,5.76,-0.16000000000000014,-2.7778,84329.41,47595.866,5.776,109847.438,5.8431,156370.5585,5.7774,229933.2374,5.4362,205029.2348,5.7197,234706.0391,5.3581,202121.9928
67,002370.SZ,20200921,5.81,5.84,5.7,5.76,5.85,-0.08999999999999986,-1.5385,90480.07,52090.966,5.868,126312.768,5.8823,173445.0854,5.7794,234538.5976,5.4504,207672.3754,5.7255,235444.9693,5.3468,201865.0061
68,002370.SZ,20200918,5.74,5.86,5.65,5.85,5.76,0.08999999999999986,1.5625,112491.9,64703.327,5.916,152887.398,5.9062,185193.3031,5.7774,244497.785,5.4611,208804.9747,5.7303,235874.5283,5.3339,202033.004
69,002370.SZ,20200917,6.01,6.01,5.69,5.76,5.91,-0.15000000000000036,-2.5381,136374.59,78841.653,5.894,156919.7,5.9185,193178.8708,5.7821,261414.6859,5.471,210092.296,5.7353,236135.3002,5.3211,202260.6789
70,002370.SZ,20200916,6.12,6.12,5.86,5.91,6.06,-0.14999999999999947,-2.4752,125561.22,74800.542,5.862,172504.026,5.9208,193469.6338,5.7829,281713.21,5.4803,210751.5774,5.7402,236610.4512,5.3091,201586.0125
71,002370.SZ,20200915,6.12,6.16,5.97,6.06,6.0,0.05999999999999961,1.0,166656.06,100982.077,5.886,193866.374,5.9131,199503.5115,5.7694,288411.2515,5.4885,211771.1939,5.745,237106.817,5.2951,201372.3391
72,002370.SZ,20200914,5.85,6.14,5.8,6.0,5.74,0.2599999999999998,4.5296,223353.22,134010.552,5.86,197840.958,5.9062,205584.5638,5.7368,286620.4438,5.4976,212012.7918,5.7479,237425.9454,5.2773,200054.6473
73,002370.SZ,20200911,5.56,5.79,5.52,5.74,5.6,0.14000000000000057,2.5,132653.41,75107.256,5.814,187099.856,5.9123,210415.8785,5.7026,281354.205,5.5067,211943.5637,5.7504,237357.1846,5.2611,197987.4897
74,002370.SZ,20200910,6.06,6.13,5.51,5.6,6.03,-0.4300000000000006,-7.131,214296.22,125149.365,5.856,192183.476,5.9408,234550.5262,5.6747,278957.7612,5.5169,212715.9291,5.755,238552.3976,5.2489,197531.7376
75,002370.SZ,20200909,5.81,6.12,5.8,6.03,5.93,0.10000000000000053,1.6863,232372.96,139483.993,5.958,210583.884,5.9608,244594.5223,5.6506,275614.9018,5.5297,213187.4299,5.7599,238382.0603,5.2373,195596.0596
76,002370.SZ,20200908,5.77,6.07,5.77,5.93,5.77,0.16000000000000014,2.773,186528.98,110873.835,5.966,212750.672,5.9646,282377.3477,5.6194,272014.2794,5.5418,213898.9314,5.7611,237884.2154,5.2189,193513.4217
77,002370.SZ,20200907,5.81,6.03,5.77,5.77,5.95,-0.1800000000000006,-3.0252,169647.71,99638.977,5.982,218705.732,5.9892,304837.8423,5.5941,269831.6291,5.5556,215537.9876,5.7636,237886.898,5.2036,192359.6431
78,002370.SZ,20200904,5.97,6.06,5.9,5.95,6.11,-0.16000000000000014,-2.6187,158071.51,94465.934,5.986,212807.092,5.9823,332260.89,5.5735,267852.4359,5.5691,218355.1494,5.7675,238609.9422,5.1932,192647.2861
79,002370.SZ,20200903,5.98,6.26,5.93,6.11,6.07,0.040000000000000036,0.659,306298.26,186696.241,5.958,221993.116,5.9831,341776.5108,5.5453,265939.3856,5.5873,223454.1097,5.7714,239605.1072,5.1765,191819.2385
80,002370.SZ,20200902,6.02,6.15,5.85,6.07,6.01,0.0600000000000005,0.9983,243206.9,145553.929,5.93,209875.412,5.93,330143.7608,5.5091,259854.6247,5.6097,228146.8431,5.7759,238399.7534,5.1589,188812.8983
81,002370.SZ,20200901,5.82,6.13,5.72,6.01,5.79,0.21999999999999975,3.7997,216304.28,127639.728,5.932,218466.094,5.88,327982.3285,5.4744,258418.0929,5.6264,232134.2928,5.7801,238111.8424,5.1424,186974.8847
82,002370.SZ,20200831,5.73,5.9,5.72,5.79,5.81,-0.019999999999999574,-0.3442,140154.51,81325.795,5.952,264486.004,5.8169,318654.5054,5.4503,259866.2318,5.6382,235295.176,5.7863,238755.7113,5.1283,185152.2705
83,002370.SZ,20200828,5.88,5.96,5.7,5.81,5.97,-0.16000000000000014,-2.6801,204001.63,118263.22,5.966,305428.736,5.7677,319138.3015,5.4435,265539.3438,5.6492,238509.8538,5.7957,240404.7082,5.1168,185586.5401
84,002370.SZ,20200827,5.98,6.25,5.91,5.97,6.08,-0.11000000000000032,-1.8092,245709.74,148607.06,6.02,409338.348,5.7262,313063.0869,5.4326,266709.9338,5.6568,240203.8096,5.8028,241006.8834,5.1073,183943.2279
85,002370.SZ,20200826,6.11,6.15,5.86,6.08,6.11,-0.03000000000000025,-0.491,286160.31,170664.775,6.076,455899.482,5.6823,305899.0385,5.4121,267573.4485,5.6656,243846.6941,5.8085,240986.6131,5.096,181990.3049
86,002370.SZ,20200825,5.85,6.25,5.76,6.11,5.86,0.25,4.2662,446403.83,270325.88,5.996,503896.886,5.6246,299996.4331,5.3938,272349.4715,5.6719,244578.3388,5.8128,240495.5561,5.0832,180137.002
87,002370.SZ,20200824,6.02,6.1,5.76,5.86,6.08,-0.21999999999999975,-3.6184,344868.17,202631.225,5.966,470971.036,5.5785,284359.4885,5.3615,264511.1762,5.6737,242322.4793,5.816,238797.0256,5.0703,176422.8091
88,002370.SZ,20200821,6.43,6.59,6.01,6.08,6.25,-0.16999999999999993,-2.72,723549.69,452994.632,5.878,433011.904,5.5638,276362.8338,5.3368,261845.4615,5.6762,240764.6155,5.8208,237736.7041,5.0597,175634.5093
89,002370.SZ,20200820,5.54,6.25,5.54,6.25,5.68,0.5700000000000003,10.0352,478515.41,290899.989,5.746,331323.622,5.5338,253712.2762,5.3041,246560.09,5.6778,236735.1315,5.8249,234541.1291,5.0491,170455.7839
90,002370.SZ,20200819,6.02,6.17,5.67,5.68,5.96,-0.28000000000000025,-4.698,526147.33,309724.99,5.534,254629.056,5.5154,269800.8238,5.2629,236588.1791,5.6794,234504.0856,5.8292,233702.1173,5.0397,167921.9089
91,002370.SZ,20200818,5.42,5.96,5.38,5.96,5.42,0.54,9.9631,281774.58,163891.226,5.428,178688.362,5.5238,292906.7531,5.2359,222943.9956,5.6865,232438.7728,5.8357,231838.8783,5.0395,165807.8207
92,002370.SZ,20200817,5.38,5.46,5.34,5.42,5.42,0.0,0.0,155072.51,83729.261,5.29,147338.214,5.4846,298408.2954,5.1997,216849.8738,5.6908,231934.8425,5.8404,231889.3676,5.0412,168301.1955
93,002370.SZ,20200814,5.19,5.62,5.06,5.42,5.19,0.22999999999999954,4.4316,215108.28,114609.547,5.286,146839.134,5.4485,294615.6869,5.1803,214137.1829,5.6987,231990.4191,5.849,234296.8158,5.0556,168638.0995
94,002370.SZ,20200813,5.18,5.22,5.13,5.19,5.15,0.040000000000000036,0.7767,95042.58,49186.153,5.268,145702.766,5.4038,281476.6731,5.1612,210833.3297,5.7076,231583.8502,5.858,234453.5735,5.0621,171065.06
95,002370.SZ,20200812,5.26,5.29,5.05,5.15,5.27,-0.11999999999999922,-2.277,146443.86,75090.617,5.332,175318.96,5.3731,278102.1915,5.1456,209429.1426,5.7173,232428.5206,5.8647,234637.8957,5.078,177213.2147
96,002370.SZ,20200811,5.41,5.42,5.25,5.27,5.4,-0.13000000000000078,-2.4074,125023.84,66684.425,5.436,194212.52,5.3446,274578.7408,5.1324,206669.9632,5.7283,232866.0426,5.8712,234318.2237,5.0931,184045.2804
97,002370.SZ,20200810,5.32,5.41,5.21,5.4,5.33,0.07000000000000028,1.3133,152577.11,81662.401,5.52,255026.24,5.3215,273419.3531,5.1165,205224.3294,5.7371,233529.6879,5.8772,234182.0424,5.104,185675.5125
98,002370.SZ,20200807,5.45,5.57,5.29,5.33,5.51,-0.17999999999999972,-3.2668,209426.44,112459.69,5.642,362044.124,5.2962,270322.5654,5.0988,203509.4597,5.7442,233940.4902,5.8829,233803.5342,5.1059,185797.2628
99,002370.SZ,20200806,5.6,5.69,5.4,5.51,5.67,-0.16000000000000014,-2.8219,243123.55,133866.35,5.734,485463.718,5.2762,262086.3115,5.0856,201077.2976,5.7524,234810.0594,5.8889,233148.7682,5.1092,186632.1837
100,002370.SZ,20200805,5.58,5.67,5.46,5.67,5.69,-0.020000000000000462,-0.3515,240911.66,134367.382,5.722,507497.934,5.2362,250540.4846,5.0706,201097.1082,5.7588,234409.9599,5.8944,232266.2354,5.1139,186765.9537
101,002370.SZ,20200804,5.86,5.86,5.64,5.69,6.01,-0.3199999999999994,-5.3245,429092.44,246710.786,5.578,480469.322,5.1754,239656.2331,5.0444,196356.2,5.7628,233766.387,5.8997,231401.8722,5.1199,187927.6361
102,002370.SZ,20200803,5.6,6.16,5.45,6.01,5.79,0.21999999999999975,3.7997,687666.53,399005.672,5.408,403511.054,5.1138,221600.2623,5.0171,186942.0215,5.7673,232085.0669,5.9054,229552.5464,5.1259,188724.9364
103,002370.SZ,20200731,5.54,6.0,5.48,5.79,5.45,0.33999999999999986,6.2385,826524.41,473655.142,5.164,276212.612,5.0508,189129.0677,4.9774,168757.1626,5.7703,229336.2867,5.9098,226106.7793,5.128,187354.6848
104,002370.SZ,20200730,4.96,5.45,4.93,5.45,4.95,0.5,10.101,353294.63,189692.406,4.962,131035.53,5.0331,151168.7531,4.9438,146491.5871,5.776,225862.1893,5.9157,221905.4928,5.1303,183871.5917
105,002370.SZ,20200729,4.84,4.99,4.8,4.95,4.84,0.11000000000000032,2.2727,105768.6,52249.847,4.866,82366.964,5.0323,142746.2192,4.9229,137894.3741,5.7858,224121.209,5.9249,220737.7115,5.1299,183160.1207
106,002370.SZ,20200728,4.79,4.85,4.79,4.84,4.79,0.04999999999999982,1.0438,44301.1,21376.531,4.89,83677.018,5.0569,155769.3454,4.9159,136434.7682,5.7985,224737.7461,5.9359,221267.8598,5.1381,189016.3525
107,002370.SZ,20200727,4.78,4.82,4.71,4.79,4.78,0.009999999999999787,0.2092,51174.32,24362.818,4.936,95287.826,5.1046,186865.0369,4.9126,136878.2359,5.814,226687.8644,5.9462,221759.4479,5.1453,191191.0516
108,002370.SZ,20200724,4.95,4.97,4.76,4.78,4.97,-0.1899999999999995,-3.8229,100639.0,48928.42,4.976,103658.522,5.1215,196767.15,4.9115,137286.5032,5.8319,229241.0635,5.958,222150.885,5.1467,192378.8519
109,002370.SZ,20200723,5.07,5.07,4.86,4.97,5.07,-0.10000000000000053,-1.9724,109951.8,54336.949,4.996,103414.0,5.14,208582.14,4.9118,137358.2947,5.8474,230665.579,5.9694,222238.946,5.1479,192574.624
110,002370.SZ,20200722,5.1,5.1,5.0,5.07,5.07,0.0,0.0,112318.87,56735.24,4.98,120296.604,5.14,215804.8523,4.9094,137935.2276,5.861,231584.5531,5.9809,222345.4289,5.1456,192719.4428
111,002370.SZ,20200721,5.05,5.07,4.95,5.07,4.99,0.08000000000000007,1.6032,102355.14,51342.51,5.004,150941.03,5.1231,217893.4346,4.9032,137154.5141,5.8731,232215.4753,5.992,222434.9323,5.1435,192756.0303
112,002370.SZ,20200720,4.91,4.99,4.86,4.99,4.88,0.11000000000000032,2.2541,93027.8,45919.802,5.102,197078.066,5.0992,214808.0462,4.8971,137365.7074,5.884,232611.288,6.0046,222573.4665,5.1428,192836.7617
113,002370.SZ,20200717,4.87,4.94,4.81,4.88,4.89,-0.009999999999999787,-0.2045,99416.39,48471.844,5.192,227232.844,5.0792,213388.5569,4.8894,136624.5715,5.8957,233115.7744,6.0176,222806.7056,5.1456,193153.1883
114,002370.SZ,20200716,5.16,5.16,4.85,4.89,5.19,-0.3000000000000007,-5.7803,194364.82,97532.143,5.27,262363.414,5.07,210575.0669,4.8865,135709.8659,5.9089,233699.6711,6.031,223277.7614,5.1515,194093.826
115,002370.SZ,20200715,5.47,5.47,5.19,5.19,5.56,-0.3699999999999992,-6.6547,265541.0,140614.546,5.384,313199.468,5.0608,203529.8708,4.8847,132889.4888,5.9234,234688.2656,6.0459,223458.0041,5.1571,193981.3712
116,002370.SZ,20200714,5.48,5.77,5.41,5.56,5.44,0.11999999999999922,2.2059,333040.32,185628.972,5.348,296071.626,5.02,186742.1185,4.8712,127112.4115,5.9344,234311.3137,6.061,223548.1262,5.1556,192355.4096
117,002370.SZ,20200713,5.26,5.45,5.21,5.44,5.27,0.17000000000000082,3.2258,243801.69,131427.41,5.24,280310.336,4.9538,165172.2292,4.8444,119557.5526,5.9426,234014.5565,6.0711,223344.1416,5.1496,190139.9293
118,002370.SZ,20200710,5.43,5.46,5.24,5.27,5.46,-0.1900000000000004,-3.4799,275069.24,146757.974,5.146,272319.41,4.8992,152254.5831,4.825,115327.9612,5.9526,236223.7895,6.0793,223481.0149,5.1476,188932.4175
119,002370.SZ,20200709,5.06,5.51,5.03,5.46,5.01,0.4500000000000002,8.982,448545.09,237189.906,5.062,245199.65,4.8631,138347.0677,4.8168,112861.8347,5.9643,235991.3665,6.09,223299.359,5.1457,187622.8009
120,002370.SZ,20200708,5.02,5.04,4.95,5.01,5.02,-0.009999999999999787,-0.1992,179901.79,89814.719,4.922,167939.65,4.8185,113592.2862,4.7944,102491.9185,5.9703,233752.8106,6.1041,221933.6466,5.142,183741.0013
121,002370.SZ,20200707,5.0,5.04,4.94,5.02,4.97,0.04999999999999982,1.006,254233.87,127371.88,4.866,146874.18,4.8177,118507.3108,4.7879,99577.8288,5.9788,233145.2932,6.1228,222066.7693,5.1469,183906.3701
122,002370.SZ,20200706,4.87,5.0,4.81,4.97,4.85,0.1200000000000001,2.4742,203847.06,100444.398,4.814,108595.61,4.7992,105083.2269,4.7824,95199.0644,5.9876,232088.1774,6.1407,221530.8275,5.1553,182905.3113
123,002370.SZ,20200703,4.72,4.92,4.67,4.85,4.76,0.08999999999999986,1.8908,139470.44,66910.271,4.774,88381.652,4.7831,97788.0969,4.7818,91544.9809,5.9973,231287.9147,6.1589,221356.3943,5.1663,182551.0329
124,002370.SZ,20200702,4.73,4.78,4.68,4.76,4.73,0.02999999999999936,0.6342,62245.09,29534.422,4.736,69947.608,4.7685,92396.6269,4.7841,92523.0482,6.0076,231005.2796,6.1784,221456.3356,5.1829,182425.1041
125,002370.SZ,20200701,4.75,4.76,4.67,4.73,4.76,-0.02999999999999936,-0.6303,74574.44,35031.457,4.724,68024.942,4.76,92954.3,4.7941,93067.4047,6.0193,231225.6297,6.1986,222035.1398,5.2036,183076.8272
126,002370.SZ,20200630,4.82,4.82,4.72,4.76,4.77,-0.009999999999999787,-0.2096,62841.02,29832.777,4.724,68284.512,4.7608,91909.2962,4.8056,93792.8776,6.0321,231366.3231,6.2178,222836.8515,5.2255,184721.112
127,002370.SZ,20200629,4.67,4.88,4.67,4.77,4.66,0.10999999999999943,2.3605,102777.27,49317.382,4.732,74570.616,4.7569,91393.9869,4.8162,96272.9238,6.0453,231739.3465,6.2395,223253.1086,5.248,186070.0072
128,002370.SZ,20200624,4.74,4.74,4.64,4.66,4.7,-0.040000000000000036,-0.8511,47300.22,22117.049,4.754,79361.748,4.7538,88055.6585,4.8271,98186.5147,6.059,231757.0868,6.2608,223397.1833,5.2724,186754.8513
129,002370.SZ,20200623,4.74,4.74,4.67,4.7,4.73,-0.03000000000000025,-0.6342,52631.76,24739.856,4.822,118661.126,4.7608,89421.4423,4.8391,105199.6168,6.0738,232237.6894,6.2838,223718.6751,5.298,188433.8792
130,002370.SZ,20200622,4.77,4.83,4.7,4.73,4.8,-0.0699999999999994,-1.4583,75872.29,35977.779,4.838,124078.93,4.7677,93302.0692,4.8562,113508.8379,6.0897,232955.1049,6.3077,224304.6292,5.3235,190363.7675
131,002370.SZ,20200619,4.87,4.87,4.79,4.8,4.88,-0.08000000000000007,-1.6393,94271.54,45411.645,4.844,130706.546,4.78,97432.4715,4.8803,119761.8526,6.1042,233784.9061,6.3332,224566.8646,5.3505,191720.4297
132,002370.SZ,20200618,4.99,5.0,4.87,4.88,5.0,-0.1200000000000001,-2.4,126732.93,62113.835,4.816,125728.504,4.7846,96778.8615,4.9056,127800.6518,6.1165,234014.8224,6.3578,224876.7728,5.3753,192635.7353
133,002370.SZ,20200617,4.81,5.15,4.76,5.0,4.78,0.21999999999999975,4.6025,243797.11,121089.197,4.77,114280.886,4.7831,95455.9985,4.9412,137860.7918,6.1299,233949.5048,6.3818,224637.7152,5.3971,193886.8001
134,002370.SZ,20200616,4.76,4.81,4.72,4.78,4.76,0.020000000000000462,0.4202,79720.78,37976.909,4.718,77719.342,4.7623,81920.0038,4.9853,135994.4153,6.1417,233058.7006,6.4048,223821.1815,5.4236,193692.6748
135,002370.SZ,20200615,4.66,4.84,4.65,4.76,4.66,0.09999999999999964,2.1459,109010.37,51930.573,4.704,73003.586,4.7623,81042.7438,5.0185,145329.99,6.1565,233393.6077,6.4295,224475.4151,5.456,197192.7637
136,002370.SZ,20200612,4.58,4.68,4.51,4.66,4.65,0.009999999999999787,0.2151,69381.33,32041.023,4.698,63077.312,4.7677,80232.1,5.0662,158481.2785,6.1717,233521.6256,6.452,224623.753,5.4945,201938.5143
137,002370.SZ,20200611,4.72,4.74,4.65,4.65,4.74,-0.08999999999999986,-1.8987,69494.84,32538.407,4.716,62212.128,4.7731,80212.0262,5.1138,175818.5568,6.1893,233913.1957,6.4762,225412.2138,5.5297,204394.4215
138,002370.SZ,20200610,4.68,4.78,4.66,4.74,4.71,0.03000000000000025,0.6369,60989.39,28816.606,4.744,68929.142,4.7731,80725.8938,5.1562,181047.8629,6.2069,234350.351,6.5013,226004.8061,5.5648,207439.3725
139,002370.SZ,20200609,4.73,4.75,4.62,4.71,4.73,-0.020000000000000462,-0.4228,56142.0,26265.864,4.774,82644.768,4.7762,83726.37,5.1797,184010.1862,6.2236,235170.0415,6.5272,226671.796,5.5963,209710.3288
140,002370.SZ,20200608,4.77,4.8,4.71,4.73,4.75,-0.019999999999999574,-0.4211,59379.0,28131.313,4.804,88571.29,4.7977,94117.0577,5.2053,190360.2894,6.2424,236341.457,6.5554,227163.426,5.6279,212593.582
141,002370.SZ,20200605,4.82,4.83,4.71,4.75,4.79,-0.040000000000000036,-0.8351,65055.41,30847.655,4.83,98602.632,4.7954,96931.5915,5.2385,196059.6218,6.2633,237878.9059,6.5843,228115.9608,5.6631,214487.8108
142,002370.SZ,20200604,4.89,4.89,4.76,4.79,4.89,-0.09999999999999964,-2.045,103079.91,49474.874,4.826,99157.386,4.7985,98144.4631,5.2788,203794.3991,6.2808,239500.5136,6.6153,228603.0244,5.6972,216465.5303
143,002370.SZ,20200603,4.86,4.97,4.85,4.89,4.86,0.02999999999999936,0.6173,129567.52,63738.659,4.824,92204.684,4.8015,98319.5377,5.3185,215141.7535,6.2949,240638.3842,6.6464,228825.6369,5.7296,218342.7852
144,002370.SZ,20200602,4.89,4.93,4.84,4.86,4.86,0.0,0.0,85774.61,41786.586,4.812,85985.58,4.8062,94476.5146,5.3562,228533.8165,6.3101,241435.6194,6.6762,229244.0764,5.7635,220377.7828
145,002370.SZ,20200601,4.74,4.87,4.7,4.86,4.73,0.1299999999999999,2.7484,109535.71,52802.598,4.786,82654.732,4.8115,101164.9854,5.3885,242637.2818,6.3308,242352.0437,6.7075,230126.6168,5.8024,223698.5103
146,002370.SZ,20200529,4.7,4.79,4.68,4.73,4.78,-0.04999999999999982,-1.046,67829.18,32086.025,4.744,75982.614,4.83,98950.9469,5.405,248237.2403,6.3538,242996.9313,6.7395,230633.465,5.8432,227872.0752
147,002370.SZ,20200528,4.8,4.9,4.72,4.78,4.83,-0.04999999999999982,-1.0352,68316.4,32866.089,4.754,82415.894,4.86,101367.2038,5.4297,262271.2641,6.3767,243662.421,6.772,231802.8586,5.8829,234638.6061
148,002370.SZ,20200527,4.75,4.94,4.73,4.83,4.73,0.09999999999999964,2.1142,98472.0,47515.353,4.796,106996.802,4.8862,107432.2954,5.4474,266362.0621,6.3995,244398.8894,6.8043,233961.0815,5.9335,245625.3448
149,002370.SZ,20200526,4.65,4.77,4.63,4.73,4.65,0.08000000000000007,1.7204,69120.37,32609.757,4.77,106495.99,4.91,112768.2462,5.4491,267591.1015,6.4225,244800.8931,6.8387,237000.8167,5.9935,257406.4097
150,002370.SZ,20200525,4.73,4.76,4.57,4.65,4.78,-0.1299999999999999,-2.7197,76175.12,35548.943,4.782,108836.464,4.9362,129431.7323,5.4532,268949.9703,6.4465,245432.4391,6.8702,237886.8763,6.0435,267383.4668
151,002370.SZ,20200522,4.98,4.98,4.76,4.78,4.99,-0.20999999999999996,-4.2084,99995.58,48433.572,4.818,114672.616,4.9846,149352.5138,5.4576,270262.8553,6.4694,246362.221,6.9014,238803.2969,6.0843,275320.7515
152,002370.SZ,20200521,4.7,5.13,4.7,4.99,4.7,0.29000000000000004,6.1702,191220.94,94746.147,4.852,110595.144,5.0438,163850.9146,5.4615,270706.0126,6.4948,246592.7272,6.9328,239778.876,6.1188,282028.3852
153,002370.SZ,20200520,4.79,4.79,4.68,4.7,4.79,-0.08999999999999986,-1.8789,95967.94,45255.64,4.84,106895.902,5.0954,177417.82,5.4624,268270.3968,6.5183,246147.6227,6.9633,240050.7072,6.1444,285451.1895
154,002370.SZ,20200519,4.84,4.89,4.77,4.79,4.83,-0.040000000000000036,-0.8282,80822.74,38874.138,4.92,103852.956,5.2023,206095.4931,5.4771,268881.9218,6.5451,246186.9588,6.9965,240949.9761,6.1781,294442.0851
155,002370.SZ,20200518,4.97,4.97,4.75,4.83,4.95,-0.1200000000000001,-2.4242,105355.88,50939.264,4.986,107536.512,5.3338,213750.6908,5.4926,271503.73,6.5724,246678.8703,7.0282,242085.1908,6.2076,298584.6772
156,002370.SZ,20200515,4.92,5.03,4.92,4.95,4.93,0.020000000000000462,0.4057,79608.22,39517.819,5.044,115897.854,5.4169,236194.8785,5.5068,273873.5779,6.6017,246781.8856,7.0578,243209.2688,6.228,298800.7329
157,002370.SZ,20200514,5.08,5.08,4.92,4.93,5.1,-0.16999999999999993,-3.3333,172724.73,86240.834,5.082,133544.082,5.5269,272852.26,5.5106,275755.5091,6.6295,247247.4259,7.0895,244215.4921,6.2451,299346.4337
158,002370.SZ,20200513,5.11,5.13,5.06,5.1,5.12,-0.020000000000000462,-0.3906,80753.21,41129.306,5.11,156148.274,5.6308,310246.4185,5.5159,275583.5847,6.6573,246647.4777,7.1214,245743.6106,6.2635,298954.1572
159,002370.SZ,20200512,5.1,5.17,5.08,5.12,5.12,0.0,0.0,99240.52,50732.576,5.146,207026.688,5.7069,323057.0369,5.5215,277715.4991,6.6836,246821.434,7.1543,248609.1411,6.2817,299974.0451
160,002370.SZ,20200511,5.16,5.18,5.06,5.12,5.14,-0.019999999999999574,-0.3891,147162.59,75106.132,5.232,244873.542,5.7392,327862.2569,5.5218,279998.0721,6.7102,247453.6961,7.1814,249980.6662,6.3028,301700.7353
161,002370.SZ,20200508,5.11,5.19,5.04,5.14,5.07,0.0699999999999994,1.3807,167839.36,85980.267,5.34,288959.166,5.7746,337468.6354,5.5235,280299.47,6.7341,247362.8411,7.2076,250806.3967,6.3223,302528.0157
162,002370.SZ,20200507,5.31,5.33,5.05,5.07,5.28,-0.20999999999999996,-3.9773,285745.69,146347.024,5.53,349146.832,5.83,344031.4769,5.5306,281019.0315,6.7592,247604.4511,7.2329,250956.7496,6.3413,302464.4981
163,002370.SZ,20200506,5.51,5.51,5.18,5.28,5.55,-0.2699999999999996,-4.8649,335145.28,177092.26,5.816,328065.756,5.9108,347284.7192,5.5476,277883.9953,6.7858,246798.182,7.2589,250936.9665,6.3629,300742.0537
164,002370.SZ,20200430,5.46,5.64,5.26,5.55,5.66,-0.11000000000000032,-1.9435,288474.79,157838.309,5.942,340462.764,5.9769,359111.2331,5.5626,273240.7865,6.8124,245677.1084,7.2831,252331.1916,6.3804,299162.4515
165,002370.SZ,20200429,6.01,6.37,5.65,5.66,6.09,-0.4299999999999997,-7.0608,367590.71,220265.753,6.108,393998.642,6.0246,381912.9923,5.5788,268580.5215,6.8397,244640.6688,7.3085,255482.7376,6.3961,298108.748
166,002370.SZ,20200428,6.6,6.79,5.88,6.09,6.5,-0.41000000000000014,-6.3077,468777.69,293414.204,6.232,452250.258,6.0477,397120.8169,5.5979,261037.3924,6.8672,243618.215,7.3341,253542.1831,6.4079,296148.7221
167,002370.SZ,20200427,5.86,6.5,5.82,6.5,5.91,0.5899999999999999,9.9831,180340.31,115083.856,6.232,407952.97,5.9962,384132.8638,5.6062,253070.2779,6.8942,241386.2114,7.3637,250868.3979,6.4124,292721.4548
168,002370.SZ,20200424,6.27,6.37,5.75,5.91,6.38,-0.46999999999999975,-7.3668,397130.32,241574.468,6.04,404226.584,5.9246,412182.5315,5.6047,252589.9206,6.9189,241110.9413,7.3981,250832.1298,6.4125,294778.8428
169,002370.SZ,20200423,6.3,6.83,6.3,6.38,6.28,0.09999999999999964,1.5924,556154.18,363953.832,5.974,379209.622,5.8838,397588.1631,5.625,245443.1635,6.9467,239743.9516,7.4441,250868.3959,6.4195,291957.228
170,002370.SZ,20200422,6.2,6.51,6.09,6.28,6.09,0.1900000000000004,3.1199,658848.79,417220.75,5.87,318610.046,5.7692,365596.2523,5.6309,234180.6085,6.9728,237513.186,7.4822,248333.5234,6.4176,286518.3345
171,002370.SZ,20200421,5.57,6.09,5.57,6.09,5.54,0.5499999999999998,9.9278,247291.25,147367.947,5.838,252447.856,5.6608,323786.4923,5.6406,220607.8024,7.0006,234293.3544,7.5218,245227.4467,6.4184,280226.7819
172,002370.SZ,20200420,5.58,5.66,5.46,5.54,5.58,-0.040000000000000036,-0.7168,161708.38,89901.128,5.848,300767.598,5.5615,314057.4123,5.6603,218558.7056,7.0293,234419.5034,7.5654,244712.8895,6.4231,280820.7943
173,002370.SZ,20200417,5.78,5.79,5.54,5.58,5.86,-0.28000000000000025,-4.7782,272045.51,153100.297,5.974,385405.454,5.5131,310469.3008,5.6932,218594.3256,7.0619,236303.8624,7.6138,244617.3067,6.4373,283014.7411
174,002370.SZ,20200416,5.9,6.04,5.86,5.86,6.12,-0.2599999999999998,-4.2484,253156.3,150424.582,6.05,444054.838,5.47,297881.9538,5.7206,217080.1279,7.0971,238665.9578,7.6658,243885.1118,6.4544,280755.3805
175,002370.SZ,20200415,5.88,6.17,5.78,6.12,6.14,-0.019999999999999574,-0.3257,328037.84,196674.629,5.962,453410.438,5.4192,287389.9146,5.7538,216376.64,7.1262,238427.8199,7.7175,243276.3627,6.4668,279973.9624
176,002370.SZ,20200414,5.95,6.16,5.55,6.14,6.17,-0.03000000000000025,-0.4862,488889.96,284620.237,5.852,496800.068,5.3577,275230.4054,5.7859,216793.9815,7.1526,237754.2947,7.765,242225.4734,6.4793,279935.0329
177,002370.SZ,20200413,5.91,6.25,5.74,6.17,5.96,0.20999999999999996,3.5235,584897.66,355703.96,5.7,440502.782,5.2938,251925.8477,5.8303,216089.6197,7.1801,236198.5897,7.8104,240114.8829,6.4959,279000.9667
178,002370.SZ,20200410,5.43,5.96,5.43,5.96,5.42,0.54,9.9631,565292.43,324204.372,5.444,351575.118,5.21,217979.4031,5.8635,206344.8171,7.2076,233783.7476,7.853,237464.1224,6.5069,275279.2543
179,002370.SZ,20200409,5.4,5.47,5.26,5.42,5.57,-0.15000000000000036,-2.693,299934.3,161460.918,5.226,261581.014,5.1446,187332.2392,5.9024,198479.3388,7.2378,231579.9418,7.8949,235124.8896,6.52,270972.4761
180,002370.SZ,20200408,5.38,5.81,5.38,5.57,5.38,0.1900000000000004,3.5316,544985.99,302806.848,5.102,225756.796,5.1346,176047.9315,5.9518,196461.0097,7.2707,231390.6344,7.9383,234316.8661,6.5384,269682.3077
181,002370.SZ,20200407,5.38,5.38,5.31,5.38,4.89,0.4900000000000002,10.0204,207403.53,111541.644,4.97,139772.184,5.1008,147729.6246,5.9962,188443.3626,7.3002,229656.8779,7.977,231756.823,6.5528,264540.5235
182,002370.SZ,20200403,4.87,5.04,4.86,4.89,4.87,0.019999999999999574,0.4107,140259.34,69297.675,4.898,119973.478,5.0854,143883.9777,6.0547,188268.1459,7.3345,229950.3253,8.0147,230896.1302,6.57,263984.1276
183,002370.SZ,20200402,4.77,4.88,4.68,4.87,4.8,0.07000000000000028,1.4583,115321.91,54971.363,4.96,115273.568,5.1231,147887.4477,6.1259,190418.8821,7.3722,231969.1963,8.0557,230476.4028,6.5952,264560.6367
184,002370.SZ,20200401,4.9,4.9,4.72,4.8,4.91,-0.11000000000000032,-2.2403,120813.21,57949.651,5.05,126202.03,5.1831,152797.6438,6.195,194199.8268,7.4124,235092.1542,8.0972,230417.729,6.6233,267512.6435
185,002370.SZ,20200331,5.05,5.1,4.9,4.91,5.02,-0.10999999999999943,-2.1912,115062.93,57286.481,5.152,139225.53,5.2592,157140.9492,6.2724,198946.2718,7.4465,236551.981,8.1385,230520.3419,6.6497,268718.5997
186,002370.SZ,20200330,5.14,5.18,4.94,5.02,5.2,-0.1800000000000006,-3.4615,108410.0,54700.505,5.186,144931.72,5.3508,158291.9377,6.3568,205409.9847,7.4787,237743.9818,8.1825,230624.2358,6.6741,271055.1911
187,002370.SZ,20200327,5.45,5.45,5.19,5.2,5.32,-0.1200000000000001,-2.2556,116759.79,61820.037,5.204,156625.58,5.45,158500.7315,6.4421,214649.4871,7.5092,238333.1415,8.2257,230809.8442,6.6989,277102.1411
188,002370.SZ,20200326,5.31,5.41,5.25,5.32,5.31,0.010000000000000675,0.1883,169964.22,90666.724,5.222,163921.282,5.54,164741.9631,6.5159,228136.5226,7.5388,239483.4371,8.2682,230819.9811,6.7223,278766.6816
189,002370.SZ,20200325,5.16,5.32,5.09,5.31,5.08,0.22999999999999954,4.5276,185930.71,97060.883,5.184,165298.038,5.6269,164283.8046,6.6115,249382.3338,7.5669,242266.8058,8.3101,230784.7725,6.7356,278183.0659
190,002370.SZ,20200324,5.2,5.23,4.96,5.08,5.11,-0.03000000000000025,-0.5871,143593.88,73030.082,5.158,159593.92,5.7262,161838.41,6.7297,272797.6621,7.5984,246677.6069,8.3527,230948.2018,6.748,276936.2468
191,002370.SZ,20200323,5.29,5.44,5.1,5.11,5.29,-0.17999999999999972,-3.4026,166879.3,87630.274,5.218,169336.034,5.8415,164117.9046,6.8297,292615.4788,7.6324,245955.6841,8.3962,231939.9718,6.764,276381.7844
192,002370.SZ,20200320,5.21,5.36,5.17,5.29,5.13,0.16000000000000014,3.1189,153238.3,80453.523,5.326,171791.066,5.9569,166463.6031,6.9062,307456.425,7.674,244914.2167,8.4454,232340.2751,6.7808,275338.1835
193,002370.SZ,20200319,5.16,5.31,4.98,5.13,5.18,-0.04999999999999982,-0.9653,176848.0,90338.143,5.426,176598.642,6.07,168339.2692,6.9674,320686.7135,7.7228,245059.8605,8.4982,232232.2659,6.7948,274611.9525
194,002370.SZ,20200318,5.57,5.57,5.17,5.18,5.38,-0.20000000000000018,-3.7175,157410.12,84510.618,5.62,167234.198,6.1877,167267.8431,7.0197,328659.7506,7.7822,246632.161,8.5557,232079.1533,6.8123,273506.986
195,002370.SZ,20200317,5.63,5.72,5.14,5.38,5.65,-0.27000000000000046,-4.7788,192304.45,103576.981,5.846,157977.038,6.29,172125.7408,7.08,346685.4856,7.8353,246426.2626,8.6154,232189.6262,6.8308,272672.6415
196,002370.SZ,20200316,5.82,6.06,5.63,5.65,5.79,-0.13999999999999968,-2.418,179154.46,105523.159,6.044,159095.308,6.4138,174966.7608,7.1276,352544.6826,7.888,246020.8276,8.6704,232111.6102,6.8479,271662.6673
197,002370.SZ,20200313,5.83,5.86,5.54,5.79,6.1,-0.3099999999999996,-5.082,177276.18,101229.401,6.204,156066.048,6.5338,187510.8369,7.1485,350850.7297,7.9422,245890.1098,8.718,231961.4917,6.8625,270678.3663
198,002370.SZ,20200312,6.18,6.21,6.08,6.1,6.31,-0.20999999999999996,-3.3281,130025.78,79725.266,6.366,151438.928,6.6769,209638.9508,7.1615,349181.8944,7.9973,245669.823,8.7694,231914.1654,6.8759,269868.1105
199,002370.SZ,20200311,6.38,6.48,6.31,6.31,6.37,-0.0600000000000005,-0.9419,111124.32,70961.539,6.462,160079.234,6.7692,219142.6885,7.1676,349572.43,8.0547,245796.7591,8.8262,231505.8908,6.8877,270213.628
200,002370.SZ,20200310,6.34,6.43,6.1,6.37,6.45,-0.08000000000000007,-1.2403,197895.8,123707.378,6.522,177329.046,6.8438,233507.4462,7.1724,350928.9147,8.1122,246068.6575,8.8831,231214.0129,6.8944,271336.8192
201,002370.SZ,20200309,6.6,6.66,6.45,6.45,6.6,-0.14999999999999947,-2.2727,164008.16,107126.242,6.6,173274.278,6.9,236077.8546,7.1821,351836.1644,8.1662,245739.0863,8.9389,230284.162,6.8972,270396.6016
202,002370.SZ,20200306,6.51,6.72,6.49,6.6,6.58,0.019999999999999574,0.304,154140.58,102322.359,6.642,173056.538,6.9485,244414.6108,7.1859,353165.5897,8.2173,245518.1975,8.997,229655.2409,6.9019,269774.1888
203,002370.SZ,20200305,6.61,6.65,6.56,6.58,6.61,-0.03000000000000025,-0.4539,173227.31,114443.624,6.624,186340.98,7.0077,248053.5015,7.185,353428.3826,8.2644,245398.6041,9.0537,229095.0572,6.9032,269259.2652
204,002370.SZ,20200304,6.7,6.7,6.55,6.61,6.76,-0.14999999999999947,-2.2189,197373.38,130241.63,6.706,197543.06,7.0638,251142.5062,7.1882,352938.2371,8.3092,245375.929,9.1101,228370.9401,6.9077,268655.5331
205,002370.SZ,20200303,6.67,6.91,6.67,6.76,6.66,0.09999999999999964,1.5015,177621.96,120315.166,6.826,226513.874,7.1108,254719.4792,7.1876,353505.935,8.3519,245139.8522,9.1677,227517.2041,6.9121,267723.154
206,002370.SZ,20200302,6.43,6.72,6.43,6.66,6.51,0.15000000000000036,2.3041,162919.46,107274.214,7.004,283977.814,7.1623,262763.3546,7.1868,354441.9665,8.389,244686.4963,9.2257,227100.5737,6.918,267031.7601
207,002370.SZ,20200228,6.78,6.98,6.5,6.51,6.99,-0.4800000000000004,-6.867,220562.79,147842.028,7.132,302108.796,7.2485,275987.1785,7.1832,356138.1226,8.4244,243985.2948,9.2841,226680.9353,6.9251,266625.4367
208,002370.SZ,20200227,7.15,7.26,6.98,6.99,7.21,-0.21999999999999975,-3.0513,229237.71,161886.253,7.286,317569.472,7.3569,291524.8931,7.1809,355878.4124,8.4612,242935.0352,9.3402,225639.2383,6.9335,266071.5971
209,002370.SZ,20200226,7.43,7.59,7.11,7.21,7.65,-0.4400000000000004,-5.7516,342227.45,251819.045,7.308,317984.152,7.4123,318146.5308,7.1668,358978.6094,8.4952,242075.0931,9.3936,224703.4501,6.9391,266012.7721
210,002370.SZ,20200225,7.16,7.68,7.04,7.65,7.3,0.35000000000000053,4.7945,464941.66,345568.65,7.282,304015.86,7.5169,360461.4808,7.1438,354369.2494,8.5269,240657.9218,9.4443,223147.187,6.9461,265193.3613
211,002370.SZ,20200224,7.25,7.39,7.15,7.3,7.28,0.019999999999999574,0.2747,253574.37,184668.902,7.226,251316.76,7.6462,400239.1892,7.1024,345054.4115,8.5596,238350.1394,9.493,221122.3784,6.9411,262975.0315
212,002370.SZ,20200221,7.11,7.34,6.97,7.28,7.1,0.1800000000000006,2.5352,297866.17,213969.699,7.228,243278.76,7.7369,443610.3646,7.0741,343095.8224,8.5944,237559.8856,9.5403,219945.5256,6.9348,263153.1501
213,002370.SZ,20200220,7.09,7.12,6.9,7.1,7.08,0.019999999999999574,0.2825,231311.11,162435.689,7.216,232480.332,7.77,472349.2338,7.0494,342918.6462,8.6299,236314.0992,9.5847,218420.14,6.932,262439.8599
214,002370.SZ,20200219,7.38,7.38,7.04,7.08,7.37,-0.29000000000000004,-3.9349,272385.99,195425.092,7.282,242656.578,7.7908,500945.9262,7.035,345711.0956,8.6667,235846.758,9.6312,217357.9375,6.942,262258.9077
215,002370.SZ,20200218,7.38,7.4,7.26,7.37,7.31,0.0600000000000005,0.8208,201446.16,147766.457,7.422,255145.214,7.7777,514449.4085,7.0285,340717.1979,8.7044,235438.1765,9.6762,215994.1505,6.9565,261325.7549
216,002370.SZ,20200217,7.21,7.39,7.12,7.31,7.22,0.08999999999999986,1.2465,213384.37,155832.188,7.532,299366.598,7.7669,558206.2508,7.0115,340514.3679,8.7395,236200.3769,9.7183,215174.4395,6.9653,260821.9355
217,002370.SZ,20200214,7.5,7.58,7.17,7.22,7.43,-0.20999999999999996,-2.8264,243874.03,179156.57,7.612,371753.524,7.7431,571908.7723,7.0041,343800.655,8.782,236347.2253,9.7623,214618.2007,6.9753,260301.7151
218,002370.SZ,20200213,7.8,7.8,7.39,7.43,7.78,-0.35000000000000053,-4.4987,282192.34,212234.144,7.882,501443.078,7.6769,562500.0054,7.0088,348946.5656,8.8306,235591.0497,9.8085,214050.941,6.9876,259134.8684
219,002370.SZ,20200212,7.9,8.1,7.67,7.78,7.92,-0.13999999999999968,-1.7677,334829.17,262687.784,8.262,641414.984,7.5846,550064.8854,6.9962,349640.0035,8.8821,234679.7972,9.8501,212957.9887,6.9976,257506.4772
220,002370.SZ,20200211,7.5,8.08,7.3,7.92,7.71,0.20999999999999996,2.7237,422553.08,321587.723,8.402,737929.08,7.4715,535332.1792,6.9715,346918.0888,8.9342,233577.3727,9.8937,211473.6683,7.0,255842.9379
221,002370.SZ,20200210,8.16,8.38,7.71,7.71,8.57,-0.8600000000000003,-10.035,575319.0,450315.734,8.36,787712.758,7.36,514923.85,6.9385,340465.6944,8.981,231886.8634,9.9397,210212.1031,7.0068,251984.7429
222,002370.SZ,20200207,9.38,10.25,8.53,8.57,9.33,-0.7599999999999998,-8.1458,892321.8,821679.928,8.292,793262.58,7.2823,488264.1031,6.9074,328231.3759,9.0226,228959.5401,9.9923,207312.7541,7.0157,246008.8349
223,002370.SZ,20200206,8.4,9.33,8.05,9.33,8.48,0.8499999999999996,10.0236,982051.87,877750.756,7.96,704384.472,7.1292,435716.9354,6.8515,306859.3771,9.0636,223938.4028,10.0431,202891.7612,7.0155,235466.3088
224,002370.SZ,20200205,7.5,8.48,7.4,8.48,7.71,0.7700000000000005,9.987,817399.65,644873.708,7.54,662031.12,6.9169,372718.7562,6.7765,283372.4844,9.1078,217542.3994,10.0931,197863.6996,7.0075,224394.3905
225,002370.SZ,20200204,7.13,7.88,6.75,7.71,7.37,0.33999999999999986,4.6133,671471.47,497181.175,7.244,576854.62,6.7792,321885.1185,6.7324,269234.9188,9.1595,212295.1584,10.1422,193308.8616,7.0149,215098.2628
226,002370.SZ,20200203,7.35,7.58,6.22,7.37,6.91,0.45999999999999996,6.657,603068.11,434636.762,6.974,466872.338,6.6931,286900.7831,6.705,255699.2853,9.2157,207915.1551,10.1954,189818.8237,7.0316,208100.5903
227,002370.SZ,20200123,6.51,7.07,6.51,6.91,7.23,-0.3200000000000003,-4.426,447931.26,303578.758,6.746,370365.872,6.6438,256622.2385,6.6865,246500.4374,9.2776,204128.019,10.2491,186653.6424,7.0524,201210.778
228,002370.SZ,20200122,7.07,7.57,6.92,7.23,7.0,0.23000000000000043,3.2857,770285.11,558368.817,6.626,309440.418,6.6154,239134.3546,6.6856,249853.3782,9.3419,201430.368,10.3058,184429.795,7.0788,196649.0668
229,002370.SZ,20200121,6.4,7.0,6.4,7.0,6.36,0.6399999999999997,10.0629,391517.15,267046.237,6.474,186832.356,6.5538,196168.78,6.6774,234303.8259,9.4036,196434.3014,10.3573,180269.8303,7.1017,188915.7488
230,002370.SZ,20200120,6.28,6.44,6.28,6.36,6.23,0.1299999999999999,2.0867,121560.06,77199.286,6.414,154277.384,6.5162,191793.9538,6.6574,226500.1756,9.4685,194084.1267,10.415,178479.5676,7.1225,185483.2464
231,002370.SZ,20200117,6.3,6.38,6.21,6.23,6.31,-0.07999999999999918,-1.2678,120535.78,75705.805,6.458,171807.096,6.5215,196713.1192,6.6538,225643.0938,9.5394,193984.4834,10.4791,178268.5112,7.1545,186564.1949
232,002370.SZ,20200116,6.44,6.49,6.3,6.31,6.47,-0.16000000000000014,-2.473,143303.99,91324.088,6.526,180315.048,6.5223,198843.9954,6.6553,225098.1944,9.6108,193786.3222,10.5422,178224.1946,7.19,187218.9571
233,002370.SZ,20200115,6.72,6.73,6.45,6.47,6.7,-0.23000000000000043,-3.4328,157244.8,103047.301,6.602,182966.722,6.5246,202203.8685,6.6571,223489.525,9.6781,193100.2945,10.6025,177827.6759,7.2273,187624.3796
234,002370.SZ,20200114,6.59,6.85,6.57,6.7,6.58,0.1200000000000001,1.8237,228742.29,153214.102,6.626,194852.784,6.5223,212557.5131,6.6532,221769.7068,9.7443,192501.9938,10.6624,177701.9859,7.2676,187384.1487
235,002370.SZ,20200113,6.5,6.6,6.15,6.58,6.57,0.009999999999999787,0.1522,209208.62,133773.017,6.632,190993.732,6.5154,220058.4438,6.6456,217805.9779,9.8074,191463.6376,10.7201,177349.6599,7.3064,187272.3497
236,002370.SZ,20200110,6.69,6.71,6.51,6.57,6.69,-0.1200000000000001,-1.7937,163075.54,107490.151,6.624,193269.762,6.5369,211857.2785,6.6453,214442.0268,9.872,190863.2236,10.7759,177470.7599,7.3517,186447.8237
237,002370.SZ,20200109,6.64,6.75,6.62,6.69,6.59,0.10000000000000053,1.5175,156562.36,104744.122,6.596,203001.182,6.5538,214278.3862,6.6479,213073.8165,9.9326,190110.5202,10.8424,178410.6098,7.3983,186149.5021
238,002370.SZ,20200108,6.7,6.83,6.58,6.59,6.73,-0.14000000000000057,-2.0802,216675.11,144888.603,6.56,238617.592,6.5823,227244.2146,6.6497,211567.0376,9.9888,189301.5872,10.909,178994.8198,7.4413,186732.4547
239,002370.SZ,20200107,6.6,6.74,6.56,6.73,6.54,0.1900000000000004,2.9052,209447.03,139160.04,6.528,232384.412,6.6431,242794.9746,6.6556,208620.9168,10.0469,188156.6133,10.9666,178679.4131,7.4887,186975.7723
240,002370.SZ,20200106,6.42,6.56,6.34,6.54,6.43,0.11000000000000032,1.7107,220588.77,143050.483,6.43,220142.44,6.6638,250204.3746,6.6632,207047.1685,10.1022,186993.134,11.0341,178471.4899,7.5359,186785.7192
241,002370.SZ,20200103,6.47,6.56,6.4,6.43,6.51,-0.08000000000000007,-1.2289,211732.64,136713.22,6.39,213421.154,6.6946,251873.2438,6.6712,206305.2535,10.1573,185898.1772,11.0939,177957.7381,7.5851,187383.9583
242,002370.SZ,20200102,6.34,6.57,6.19,6.51,6.43,0.08000000000000007,1.2442,334644.41,215205.86,6.392,229443.062,6.7231,251214.7077,6.6756,203824.2782,10.215,185256.8394,11.1519,177240.332,7.6359,190334.9375
243,002370.SZ,20191231,6.24,6.49,6.21,6.43,6.24,0.1899999999999995,3.0449,185509.21,118503.971,6.412,227765.058,6.7338,237730.6892,6.6841,197432.5956,10.2742,183960.7474,11.2149,175969.9984,7.6909,194035.5085
244,002370.SZ,20191230,6.3,6.31,6.15,6.24,6.34,-0.09999999999999964,-1.5773,148237.17,92186.126,6.498,211181.91,6.7523,236204.8915,6.6921,195374.1279,10.3299,183349.457,11.2818,175329.4695,7.7393,194480.2449
245,002370.SZ,20191227,6.38,6.49,6.33,6.34,6.44,-0.10000000000000053,-1.5528,186982.34,119658.174,6.608,220444.464,6.7938,238917.2262,6.7121,194777.37,10.3919,182903.2199,11.3486,175123.4678,7.7884,195584.4188
246,002370.SZ,20191226,6.55,6.57,6.28,6.44,6.61,-0.16999999999999993,-2.5719,291842.18,187089.794,6.752,248071.622,6.8431,250435.6938,6.7297,193026.2703,10.4568,183058.5408,11.4147,174928.4072,7.8384,196622.9001
247,002370.SZ,20191225,6.27,6.78,6.27,6.61,6.86,-0.25,-3.6443,326254.39,211139.735,6.94,273470.184,6.8692,244237.0592,6.7521,188141.7185,10.5273,181624.4217,11.4854,173992.4655,7.8877,195893.8099
248,002370.SZ,20191224,6.68,6.88,6.68,6.86,6.79,0.07000000000000028,1.0309,102593.47,69865.321,7.018,269373.152,6.8792,241471.8969,6.7691,182441.4482,10.6006,180366.919,11.5559,173002.7057,7.9371,194849.6765
249,002370.SZ,20191223,7.0,7.02,6.77,6.79,7.06,-0.2699999999999996,-3.8244,194549.94,133425.988,7.034,297311.272,6.8808,276805.5723,6.7774,184689.4291,10.6765,180573.2801,11.6259,173763.8852,7.9809,197117.4173
250,002370.SZ,20191220,7.39,7.39,7.06,7.06,7.38,-0.3200000000000003,-4.336,325118.13,233615.256,7.036,299035.618,6.8931,280424.8331,6.7956,185579.8968,10.7458,179553.0167,11.6939,173746.5379,8.0213,198461.0856
251,002370.SZ,20191219,7.03,7.48,6.94,7.38,7.0,0.3799999999999999,5.4286,418834.99,302798.393,6.954,265882.426,6.8362,265122.9031,6.8156,184275.5882,10.8127,177862.301,11.7612,173472.2521,8.0648,197454.9765
252,002370.SZ,20191218,6.97,7.29,6.93,7.0,6.94,0.05999999999999961,0.8646,305769.23,215384.714,6.812,215250.196,6.7485,240014.0023,6.8124,180738.2921,10.8757,175427.0058,11.8324,172291.2861,8.1039,197616.8668
253,002370.SZ,20191217,6.8,6.99,6.78,6.94,6.8,0.14000000000000057,2.0588,242284.07,167588.218,6.768,190795.854,6.6931,224340.1538,6.8074,179596.0579,10.9416,173804.31,11.9185,171147.3727,8.1528,201073.6485
254,002370.SZ,20191216,6.66,6.83,6.55,6.8,6.65,0.14999999999999947,2.2556,203171.67,136215.987,6.776,209683.524,6.6492,212519.0123,6.8112,179657.3912,11.0041,172588.8031,12.0057,170728.1398,8.1896,202256.9045
255,002370.SZ,20191213,6.7,6.75,6.58,6.65,6.67,-0.019999999999999574,-0.2999,159352.17,106039.024,6.772,211301.176,6.6138,204488.19,6.8421,180085.8626,11.0731,171795.6856,12.0891,170788.4882,8.2263,203370.7628
256,002370.SZ,20191212,6.78,6.91,6.67,6.67,6.78,-0.11000000000000032,-1.6224,165673.84,112124.881,6.79,237492.198,6.5977,199459.2162,6.8868,181351.9615,11.1463,171285.5423,12.162,170705.8812,8.2631,203822.7205
257,002370.SZ,20191211,6.93,6.98,6.78,6.78,6.98,-0.20000000000000018,-2.8653,183497.52,126108.44,6.832,316743.68,6.59,194010.0192,6.9268,181292.7221,11.2174,170920.0731,12.2349,170880.6505,8.3004,205379.1007
258,002370.SZ,20191210,6.73,7.08,6.68,6.98,6.78,0.20000000000000018,2.9499,336722.42,232848.088,6.866,328364.242,6.5808,188860.7015,6.9644,181024.2021,11.2849,170175.5926,12.3042,171867.0582,8.3349,210542.7247
259,002370.SZ,20191209,6.77,6.82,6.64,6.78,6.74,0.040000000000000036,0.5935,211259.93,141645.439,6.734,286258.366,6.5631,171061.4292,6.9985,175719.4406,11.3517,168781.709,12.382,171505.1261,8.3731,217000.9065
260,002370.SZ,20191206,6.81,6.94,6.71,6.74,6.88,-0.13999999999999968,-2.0349,290307.28,197248.886,6.626,262490.236,6.5638,163772.7423,7.0397,174213.6485,11.4188,168489.6207,12.4501,171689.053,8.4157,214712.6008
261,002370.SZ,20191205,7.16,7.34,6.81,6.88,6.95,-0.07000000000000028,-1.0072,561931.25,397050.071,6.534,224830.62,6.5831,153436.7662,7.0756,171853.5438,11.4832,168068.5599,12.5086,171305.5841,8.4737,211067.2771
262,002370.SZ,20191204,6.24,6.95,6.22,6.95,6.32,0.6299999999999999,9.9684,241600.33,163167.263,6.432,130166.216,6.5777,125239.2592,7.1212,159243.4618,11.559,166401.7467,12.5611,169846.3864,8.5463,205897.6737
263,002370.SZ,20191203,6.21,6.34,6.07,6.32,6.24,0.08000000000000007,1.2821,126193.04,78593.242,6.31,101600.346,6.5492,116453.04,7.1632,155876.5668,11.6355,166496.8406,12.6152,170200.8933,8.6361,208053.1264
264,002370.SZ,20191202,6.28,6.33,6.18,6.24,6.28,-0.040000000000000036,-0.6369,92419.28,57749.607,6.334,95156.84,6.5862,115771.0523,7.2288,155154.1932,11.705,166755.0235,12.6663,170682.073,8.7228,208074.0291
265,002370.SZ,20191129,6.34,6.39,6.2,6.28,6.37,-0.08999999999999986,-1.4129,102009.2,64015.807,6.4,95639.84,6.6215,117548.1315,7.3021,156896.5085,11.7876,167323.6953,12.7179,171236.3444,8.8125,208627.3963
266,002370.SZ,20191128,6.28,6.47,6.28,6.37,6.34,0.03000000000000025,0.4732,88609.23,56411.655,6.476,98549.278,6.6708,119543.3777,7.3832,157431.24,11.8595,167544.2197,12.771,172068.4558,8.9081,209405.0215
267,002370.SZ,20191127,6.49,6.49,6.32,6.34,6.44,-0.10000000000000053,-1.5528,98770.98,62889.176,6.552,101893.808,6.7146,122530.7408,7.4594,159138.2047,11.928,167557.2876,12.8197,173305.8749,9.0063,210164.2968
268,002370.SZ,20191126,6.57,6.6,6.43,6.44,6.57,-0.1299999999999999,-1.9787,93975.51,61105.428,6.642,105441.012,6.7808,124607.39,7.5356,158772.3579,12.0031,167704.4199,12.8647,173935.9898,9.1132,210824.7448
269,002370.SZ,20191125,6.73,6.74,6.51,6.57,6.66,-0.08999999999999986,-1.3514,94834.28,62430.505,6.752,117833.828,6.8385,127566.5969,7.6076,159120.2229,12.0815,167588.3388,12.9082,175276.0001,9.2219,211575.4405
270,002370.SZ,20191122,6.75,6.87,6.6,6.66,6.75,-0.08999999999999986,-1.3333,116556.39,78260.682,6.8,137939.704,6.8823,134042.7923,7.6776,161927.6341,12.1577,167717.4263,12.9469,176286.4968,9.3231,212316.8175
271,002370.SZ,20191121,6.79,6.91,6.65,6.75,6.79,-0.040000000000000036,-0.5891,105331.88,71395.345,6.784,140104.322,6.94,142371.2115,7.7335,162443.0188,12.2331,167977.5701,12.9812,176611.1055,9.4183,212525.4012
272,002370.SZ,20191120,7.03,7.05,6.77,6.79,6.99,-0.20000000000000018,-2.8612,116507.0,79940.828,6.794,142503.386,7.0162,155866.5777,7.7926,165304.7635,12.3139,168174.349,13.0147,177304.8979,9.5067,212946.5645
273,002370.SZ,20191119,6.82,7.03,6.75,6.99,6.81,0.1800000000000006,2.6432,155939.59,107940.139,6.776,142306.248,7.0531,169871.1869,7.8544,166867.5853,12.3954,168469.335,13.0481,177667.0506,9.59,213659.2991
274,002370.SZ,20191118,6.5,7.0,6.24,6.81,6.58,0.22999999999999954,3.4954,195363.66,131230.75,6.762,136707.81,7.0408,178409.1623,7.9168,167390.2644,12.4766,168992.2045,13.0804,178066.5847,9.6669,213758.4823
275,002370.SZ,20191115,6.83,6.85,6.58,6.58,6.8,-0.21999999999999975,-3.2353,127379.48,84780.939,6.788,123124.068,7.0608,182178.8346,7.9956,165739.2003,12.5562,168966.1947,13.1133,177859.3736,9.7375,212651.4828
276,002370.SZ,20191114,6.73,6.88,6.69,6.8,6.7,0.09999999999999964,1.4925,117327.2,79729.074,6.912,122801.656,7.1585,189129.6208,8.0847,168473.8441,12.6386,170017.4749,13.1452,178938.8817,9.8065,211779.0424
277,002370.SZ,20191113,6.87,6.95,6.67,6.7,6.92,-0.21999999999999975,-3.1792,115521.31,78214.768,6.99,125825.256,7.2638,195673.6462,8.1782,169357.4315,12.7261,170725.2842,13.1794,179530.1875,9.8733,211139.0185
278,002370.SZ,20191112,7.01,7.01,6.68,6.92,6.94,-0.020000000000000462,-0.2882,127947.4,87209.65,7.078,138525.958,7.3662,199376.5992,8.2771,170098.0229,12.8293,170703.9408,13.2134,180366.2739,9.9424,211004.1483
279,002370.SZ,20191111,7.17,7.18,6.85,6.94,7.2,-0.2599999999999998,-3.6111,127444.95,88836.672,7.176,157901.646,7.4538,202947.4023,8.3653,172225.5641,12.9318,171005.9291,13.2446,180714.5024,10.0072,211140.2468
280,002370.SZ,20191108,7.23,7.34,7.15,7.2,7.19,0.009999999999999787,0.1391,125767.42,90900.776,7.336,188566.984,7.5462,205171.6777,8.4594,175386.7106,13.0286,171602.6346,13.2754,181598.9878,10.0793,211209.2608
281,002370.SZ,20191107,7.22,7.35,7.14,7.19,7.14,0.05000000000000071,0.7003,132445.2,95675.636,7.35,223126.884,7.6215,207809.7992,8.5497,177428.6409,13.1105,171738.9135,13.3016,181488.9262,10.1476,211396.0661
282,002370.SZ,20191106,7.4,7.54,7.11,7.14,7.41,-0.27000000000000046,-3.6437,179024.82,130416.3,7.278,250024.498,7.6808,213780.4546,8.6391,181340.7438,13.1924,172174.7792,13.3277,181829.9451,10.2169,211209.7691
283,002370.SZ,20191105,7.69,7.73,7.37,7.41,7.74,-0.33000000000000007,-4.2636,224825.84,168558.76,7.264,263093.414,7.78,210254.5808,8.7303,188812.2515,13.2712,173363.4986,13.3545,181904.8538,10.2871,211009.6245
284,002370.SZ,20191104,7.28,7.79,7.28,7.74,7.27,0.47000000000000064,6.4649,280771.64,214397.055,7.352,261676.186,7.8546,202739.2008,8.8253,200205.2338,13.3594,173715.7907,13.3826,182503.7171,10.3549,210859.2833
285,002370.SZ,20191101,6.83,7.44,6.8,7.27,6.83,0.4399999999999995,6.4422,298566.92,215425.388,7.438,246001.764,7.9169,188959.2546,8.8935,198384.4338,13.4328,173448.9292,13.4099,182995.8149,10.4175,211265.0351
286,002370.SZ,20191031,6.8,7.03,6.55,6.83,7.07,-0.2400000000000002,-3.3946,266933.27,181790.015,7.59,219020.32,8.0292,177658.5685,8.9715,196398.6482,13.4978,172941.5272,13.4361,183013.2615,10.4996,210411.2168
287,002370.SZ,20191030,7.08,7.33,7.07,7.07,7.85,-0.7799999999999994,-9.9363,244369.4,174263.537,7.836,200507.234,8.1992,166370.63,9.0674,196337.9179,13.5597,173277.5937,13.4587,182814.6641,10.598,208651.9031
288,002370.SZ,20191029,8.14,8.16,7.85,7.85,8.17,-0.3200000000000003,-3.9168,217739.7,173717.524,8.05,182905.46,8.3446,158853.4477,9.1576,196125.8888,13.6224,173674.4172,13.4775,182250.0561,10.7017,207406.604
289,002370.SZ,20191028,7.89,8.21,7.84,8.17,8.03,0.14000000000000057,1.7435,202399.53,163852.882,8.116,171370.12,8.4277,148745.1777,9.23,197014.2621,13.6717,173603.3943,13.4916,182363.2044,10.8008,206851.142
290,002370.SZ,20191025,8.01,8.16,7.95,8.03,8.06,-0.030000000000001137,-0.3722,163659.7,131582.034,8.074,172902.958,8.4831,141314.6692,9.2882,199081.1591,13.7189,173490.1417,13.5013,182232.8285,10.8875,206540.7448
291,002370.SZ,20191024,8.11,8.22,7.94,8.06,8.14,-0.08000000000000007,-0.9828,174367.84,140696.186,8.154,166808.71,8.5538,143362.8662,9.3409,202953.6697,13.769,174038.5884,13.5108,182020.2751,10.9629,206409.0747
292,002370.SZ,20191023,8.18,8.28,8.11,8.14,8.18,-0.03999999999999915,-0.489,156360.53,128043.697,8.218,157360.322,8.5923,140263.7608,9.4074,205168.1435,13.8144,174895.2913,13.5202,182081.1459,11.0485,206341.2105
293,002370.SZ,20191022,7.92,8.22,7.9,8.18,7.96,0.21999999999999975,2.7638,160063.0,129809.906,8.3,146414.684,8.64,143823.0431,9.4712,213245.0915,13.8548,175234.8737,13.529,182365.2492,11.1493,205070.1019
294,002370.SZ,20191021,8.4,8.43,7.9,7.96,8.43,-0.46999999999999975,-5.5753,210063.72,168562.228,8.41,144733.684,8.6946,144559.9615,9.5444,225155.8226,13.8937,176348.5838,13.5362,182328.6338,11.2525,203759.8879
295,002370.SZ,20191018,8.37,8.55,8.31,8.43,8.38,0.049999999999998934,0.5967,133188.46,112259.1,8.626,126758.954,8.7831,141763.5738,9.5956,228713.6035,13.9295,176734.3095,13.5439,181857.7333,11.3571,201502.3849
296,002370.SZ,20191017,8.58,8.61,8.37,8.38,8.55,-0.16999999999999993,-1.9883,127125.9,107490.53,8.732,129450.468,8.8646,142228.1138,9.6285,233228.9735,13.9575,176999.7734,13.548,181978.2827,11.4617,200496.1455
297,002370.SZ,20191016,8.77,8.82,8.55,8.55,8.73,-0.17999999999999972,-2.0619,101632.34,87916.876,8.842,121291.726,8.9592,149399.7654,9.6588,235173.7706,13.9854,177662.6685,13.5495,182326.5586,11.5656,199594.0604
298,002370.SZ,20191015,8.8,8.8,8.54,8.73,9.04,-0.3099999999999987,-3.4292,151658.0,131885.137,8.91,122125.842,9.0692,152917.9831,9.6859,240490.5356,14.0124,178190.9912,13.5537,182581.3264,11.6665,198916.9828
299,002370.SZ,20191014,9.05,9.11,8.96,9.04,8.96,0.0799999999999983,0.8929,120190.07,108646.21,8.954,129851.494,9.1715,152075.1692,9.7047,252817.3391,14.0383,178689.6222,13.5575,182907.5888,11.768,197602.7695
300,002370.SZ,20191011,8.97,9.23,8.85,8.96,8.93,0.030000000000001137,0.3359,146646.03,132700.232,8.858,132629.374,9.2392,158236.2254,9.7282,273431.9271,14.0614,178968.4756,13.5582,183745.5883,11.8684,197429.7208
301,002370.SZ,20191010,8.85,8.97,8.82,8.93,8.89,0.03999999999999915,0.4499,86332.19,76976.311,8.818,143826.408,9.33,165026.8331,9.7582,270284.6026,14.0823,180101.6029,13.561,185791.8064,11.9692,196701.1147
302,002370.SZ,20191009,8.9,8.9,8.75,8.89,8.95,-0.05999999999999872,-0.6704,105802.92,93271.224,8.81,160488.558,9.4331,173400.7454,9.8218,268242.7147,14.1077,181010.8091,13.5703,186448.126,12.0633,196143.5655
303,002370.SZ,20191008,8.56,9.07,8.55,8.95,8.56,0.3899999999999988,4.5561,190286.26,169205.225,8.854,174070.11,9.5362,185681.8054,9.9226,270254.7171,14.1323,182059.5382,13.5867,188159.2915,12.1583,195680.7199
304,002370.SZ,20190930,8.8,8.81,8.52,8.56,8.76,-0.1999999999999993,-2.2831,134079.47,115976.541,8.962,163858.354,9.6354,204356.4069,10.0621,276518.6294,14.1548,182035.3142,13.6104,190376.8079,12.2493,194199.8231
305,002370.SZ,20190927,8.59,9.04,8.59,8.76,8.89,-0.13000000000000078,-1.4623,202631.2,179612.169,9.172,181113.934,9.7954,241133.9277,10.1874,276332.7844,14.1798,183027.2831,13.6391,190603.0063,12.3471,194048.7501
306,002370.SZ,20190926,9.08,9.23,8.85,8.89,9.11,-0.21999999999999886,-2.4149,169642.94,152675.671,9.416,170061.528,9.8954,242382.6385,10.3112,274311.9203,14.1996,182364.3373,13.6753,189727.4549,12.4341,192076.1508
307,002370.SZ,20190925,9.4,9.4,9.1,9.11,9.49,-0.3800000000000008,-4.0042,173710.68,159987.151,9.65,164273.224,9.9746,247106.2746,10.4453,274038.0424,14.2185,182506.2433,13.7206,188890.1593,12.5128,190348.5916
308,002370.SZ,20190924,9.6,9.67,9.45,9.49,9.61,-0.11999999999999922,-1.2487,139227.48,132964.335,9.812,169587.848,10.05,254118.41,10.5812,273209.9306,14.2362,182631.0608,13.7674,188143.0488,12.5908,188723.1009
309,002370.SZ,20190923,9.68,9.72,9.25,9.61,9.98,-0.370000000000001,-3.7074,220357.37,209447.341,9.942,188727.138,10.1,261651.7123,10.7244,273476.9041,14.2548,183928.3264,13.8096,187461.8889,12.66,187425.4812
310,002370.SZ,20190920,10.1,10.13,9.92,9.98,10.06,-0.08000000000000007,-0.7952,147369.17,147186.403,10.074,183694.274,10.1538,263773.7908,10.8709,271415.7371,14.2738,184925.4014,13.8522,186413.3441,12.7249,185326.2496
311,002370.SZ,20190919,10.06,10.17,9.95,10.06,9.92,0.14000000000000057,1.4113,140701.42,141383.52,10.124,207311.78,10.1669,273412.6262,10.9938,271505.9835,14.2858,185995.8613,13.8933,186048.6451,12.7884,184953.0607
312,002370.SZ,20190918,10.15,10.18,9.89,9.92,10.14,-0.22000000000000064,-2.1696,200283.8,200106.098,10.16,265782.712,10.1485,285306.7523,11.1038,271255.9468,14.2899,186639.3953,13.9358,186644.43,12.8548,185050.4704
313,002370.SZ,20190917,10.2,10.42,10.06,10.14,10.27,-0.129999999999999,-1.2658,234923.93,240220.616,10.304,348163.4,10.1792,289104.9177,11.2056,269392.28,14.2922,186282.915,13.983,186610.7362,12.9152,183679.7984
314,002370.SZ,20190916,10.26,10.36,10.17,10.27,10.23,0.03999999999999915,0.391,195193.05,200077.545,10.288,344951.502,10.1923,304185.9046,11.2909,267481.6376,14.2928,186296.3722,14.0204,185298.6776,12.9821,181667.1996
315,002370.SZ,20190912,10.17,10.45,10.08,10.23,10.24,-0.009999999999999787,-0.0977,265456.7,271843.915,10.218,352122.934,10.2231,332634.7362,11.3641,266545.9106,14.2896,186193.4065,14.057,184216.7801,13.0545,181855.9397
316,002370.SZ,20190911,10.57,10.74,10.21,10.24,10.64,-0.40000000000000036,-3.7594,433056.08,452051.258,10.19,352005.282,10.1823,337678.7031,11.4191,262042.44,14.2855,185237.0279,14.0936,182737.716,13.1393,179454.2373
317,002370.SZ,20190910,10.08,11.0,9.95,10.64,10.06,0.5800000000000001,5.7654,612187.24,644180.33,10.17,312826.148,10.1292,326421.3923,11.4638,251127.4509,14.2814,183512.0204,14.1289,180227.7412,13.2316,175615.8096
318,002370.SZ,20190909,10.0,10.08,9.86,10.06,9.92,0.14000000000000057,1.4113,218864.44,217759.517,10.104,239977.578,10.0346,294195.3738,11.4982,235160.9265,14.2743,180679.984,14.1625,176648.6275,13.3268,169217.4393
319,002370.SZ,20190906,10.09,10.14,9.81,9.92,10.09,-0.16999999999999993,-1.6848,231050.21,229653.517,10.122,250739.496,9.9892,299082.9054,11.5518,231823.9147,14.2698,180228.6685,14.2009,175583.7373,13.4163,166934.3404
320,002370.SZ,20190905,10.19,10.2,10.02,10.09,10.14,-0.05000000000000071,-0.4931,264868.44,268306.462,10.102,263594.466,9.9469,325215.1446,11.6065,229091.6965,14.2652,179530.2748,14.2401,174493.8544,13.5066,164942.4051
321,002370.SZ,20190904,10.15,10.32,10.06,10.14,10.31,-0.16999999999999993,-1.6489,237160.41,241173.177,10.148,260552.768,9.9277,368001.1154,11.6729,225202.0659,14.2584,178757.3087,14.2798,173164.3607,13.5914,162319.5256
322,002370.SZ,20190903,10.21,10.45,10.05,10.31,10.15,0.16000000000000014,1.5764,247944.39,254303.924,10.182,299316.038,9.9154,352807.0069,11.7371,222337.8721,14.248,178401.9206,14.3173,171851.04,13.6762,160118.734
323,002370.SZ,20190902,9.82,10.78,9.72,10.15,9.82,0.33000000000000007,3.3605,272674.03,278419.513,10.254,362732.732,9.9754,335034.9769,11.7982,218529.8876,14.2407,177684.863,14.354,170656.2152,13.7512,157709.4899
324,002370.SZ,20190830,10.37,10.48,9.38,9.82,10.32,-0.5,-4.845,295325.06,296062.991,10.164,374403.58,10.1423,327460.8977,11.8644,215334.0038,14.2352,177227.3791,14.3904,169169.9325,13.8391,155260.0061
325,002370.SZ,20190829,10.21,10.5,10.12,10.32,10.31,0.009999999999999787,0.097,249659.95,257836.001,10.11,372680.776,10.44,335763.53,11.9432,212928.8624,14.2306,176994.6494,14.4303,168077.4682,13.9374,152467.5591
326,002370.SZ,20190828,10.69,10.69,10.2,10.31,10.67,-0.35999999999999943,-3.3739,430976.76,449303.456,9.928,361398.586,10.6323,326386.6677,12.0053,214738.9526,14.2246,178680.7392,14.4653,166666.2465,14.0251,150646.0433
327,002370.SZ,20190827,9.86,10.67,9.75,10.67,9.7,0.9700000000000006,10.0,565027.86,587975.0,9.76,331683.704,10.8369,303536.2877,12.0971,208961.1229,14.2258,177057.6381,14.5008,164273.532,14.1077,145916.9176
328,002370.SZ,20190826,9.33,9.93,9.23,9.7,9.55,0.14999999999999858,1.5707,331028.27,318735.847,9.5,332831.996,11.0508,272405.7669,12.2012,196312.7959,14.2327,175876.8189,14.5321,161262.3612,14.1867,140196.5887
329,002370.SZ,20190823,9.36,9.58,9.21,9.55,9.41,0.14000000000000057,1.4878,286711.04,269929.721,9.528,430843.554,11.3608,258138.5831,12.3526,191017.0224,14.2553,177501.9458,14.5708,159415.2767,14.2766,138038.8679
330,002370.SZ,20190822,9.43,9.5,9.35,9.41,9.47,-0.0600000000000005,-0.6336,193249.0,181844.265,9.614,381428.746,11.7308,247491.9323,12.5212,187763.1697,14.2821,176707.4733,14.6098,157863.0116,14.3628,137278.3809
331,002370.SZ,20190821,9.38,9.48,9.32,9.47,9.37,0.10000000000000142,1.0672,282402.35,265858.998,9.95,346160.546,12.1292,244186.4469,12.6759,187347.6032,14.3201,175745.0705,14.6516,156927.1999,14.4747,138993.8631
332,002370.SZ,20190820,9.47,9.68,9.3,9.37,9.84,-0.47000000000000064,-4.7764,570769.32,539158.838,10.52,324522.276,12.49,234035.3085,12.8,183564.7235,14.3693,173979.3597,14.6911,155440.1585,14.5879,138632.4164
333,002370.SZ,20190819,9.23,10.3,9.0,9.84,9.98,-0.14000000000000057,-1.4028,821086.06,772542.76,11.384,291020.268,12.8308,200299.22,12.9503,171756.1562,14.4223,170345.1908,14.73,152395.7137,14.6806,133200.4439
334,002370.SZ,20190816,9.98,9.98,9.98,9.98,11.09,-1.1099999999999994,-10.009,39637.0,39557.726,11.98,152355.204,13.1031,147670.9946,13.1226,149401.4891,14.4695,164810.645,14.7668,147773.2891,14.7912,124576.7367
335,002370.SZ,20190815,11.09,11.09,11.09,11.09,12.32,-1.2300000000000004,-9.9838,16908.0,18750.972,12.578,171212.168,13.3385,157696.0015,13.2974,150053.2524,14.5169,164835.0637,14.8062,147730.4831,14.8801,125831.7728
336,002370.SZ,20190814,13.29,13.4,12.32,12.32,13.69,-1.3699999999999992,-10.0073,174211.0,219821.803,13.05,199896.786,13.4669,168962.95,13.4359,150754.5171,14.5575,165313.0292,14.8414,147785.9611,14.9487,126812.8795
337,002370.SZ,20190813,12.99,14.1,12.99,13.69,12.82,0.8699999999999992,6.7863,403259.28,542009.957,13.332,194165.562,13.45,164203.5423,13.5524,147328.3259,14.5916,165779.5436,14.8693,147005.8004,15.0129,126089.5067
338,002370.SZ,20190812,13.05,13.16,12.5,12.82,12.97,-0.15000000000000036,-1.1565,127760.74,163811.15,13.466,143174.622,13.3015,137948.7092,13.6253,137216.8624,14.6209,164330.4483,14.8881,145481.3786,15.0669,121742.8472
339,002370.SZ,20190809,13.51,14.04,12.91,12.97,13.45,-0.47999999999999865,-3.5688,133921.82,178021.529,13.82,147678.012,13.2238,133453.6838,13.7224,134954.8265,14.6461,163534.7905,14.9041,144859.6227,15.1299,121551.6759
340,002370.SZ,20190808,13.8,14.0,12.7,13.45,13.73,-0.28000000000000114,-2.0393,160331.09,214232.856,14.058,150981.158,13.14,131260.1623,13.8215,132577.4788,14.6703,162690.5583,14.9214,144302.2569,15.1904,121819.6129
341,002370.SZ,20190807,14.55,14.6,13.7,13.73,14.36,-0.629999999999999,-4.3872,145554.88,206948.634,14.128,145354.974,13.0115,129554.2931,13.9132,131015.1356,14.6909,161684.7512,14.9364,143751.2791,15.2562,121464.1055
342,002370.SZ,20190806,14.55,14.55,13.13,14.36,14.59,-0.23000000000000043,-1.5764,148304.58,209252.35,14.058,143627.824,12.9054,128559.3792,13.9953,129440.0088,14.7081,160735.553,14.951,143155.0195,15.3202,121643.1736
343,002370.SZ,20190805,14.17,14.72,14.17,14.59,14.16,0.4299999999999997,3.0367,150277.69,217391.772,13.794,147959.326,12.7485,127903.4746,14.0432,126387.4035,14.7217,159756.4727,14.9575,142427.7747,15.3779,122748.8832
344,002370.SZ,20190802,13.5,14.44,13.5,14.16,13.8,0.35999999999999943,2.6087,150437.55,210439.668,13.428,150579.454,12.5792,125456.9538,14.085,124058.3391,14.7353,158983.0026,14.9647,141727.8298,15.427,123300.0907
345,002370.SZ,20190801,13.28,13.91,13.28,13.8,13.38,0.41999999999999993,3.139,132200.17,181230.846,13.016,142959.684,12.4438,126501.2946,14.1326,121963.6759,14.7519,158263.7141,14.9767,141146.9815,15.4841,125011.1077
346,002370.SZ,20190731,13.14,13.41,12.68,13.38,13.04,0.34000000000000163,2.6074,136919.13,179253.375,12.608,128908.94,12.3438,132758.9931,14.1941,121685.7003,14.7727,157624.7129,14.9899,141112.3479,15.5588,126171.7952
347,002370.SZ,20190730,12.83,13.25,12.8,13.04,12.76,0.27999999999999936,2.1944,169962.09,221356.805,12.294,115390.196,12.2708,146165.4462,14.2503,119267.0862,14.7942,156779.5051,14.9987,141195.563,15.6678,125845.5116
348,002370.SZ,20190729,12.21,12.79,12.12,12.76,12.1,0.6600000000000001,5.4545,163378.33,205272.223,12.062,102478.986,12.3008,151132.2508,14.3018,115446.9071,14.8183,155918.7892,15.0036,140583.8793,15.783,125865.1333
349,002370.SZ,20190726,11.78,12.13,11.68,12.1,11.76,0.33999999999999986,2.8912,112338.7,134415.998,11.866,97434.278,12.4123,148948.1285,14.3665,112165.1585,14.8429,154933.4693,15.0086,139794.7828,15.8913,126531.6961
350,002370.SZ,20190725,11.85,11.95,11.65,11.76,11.81,-0.05000000000000071,-0.4234,61946.45,72699.042,11.916,101490.738,12.6238,151919.9185,14.4424,110093.6085,14.8739,154922.0796,15.0173,139487.2106,15.9831,126972.4013
351,002370.SZ,20190724,11.97,12.08,11.8,11.81,11.88,-0.07000000000000028,-0.5892,69325.41,82830.822,12.028,117057.012,12.8946,160699.4262,14.5224,110122.0953,14.905,154569.4201,15.0289,139466.5312,16.0795,128749.2468
352,002370.SZ,20190723,11.9,11.98,11.6,11.88,11.78,0.10000000000000142,0.8489,105406.04,124383.129,12.144,126886.514,13.1146,169145.1438,14.6085,111594.2891,14.9362,154272.7715,15.0401,139293.1382,16.1685,132494.2468
353,002370.SZ,20190722,12.3,12.35,11.78,11.78,12.35,-0.5700000000000003,-4.6154,138154.79,166016.371,12.248,138608.102,13.2538,172866.5592,14.7014,112847.2629,14.9645,153930.6462,15.0515,138837.8148,16.2784,134762.9116
354,002370.SZ,20190719,12.31,12.47,12.11,12.35,12.32,0.02999999999999936,0.2435,132621.0,163349.193,12.392,153687.194,13.4615,175260.6546,14.78,111651.0456,14.9955,153102.2865,15.0634,138193.532,16.3653,136152.0955
355,002370.SZ,20190718,12.4,12.49,11.96,12.32,12.39,-0.07000000000000028,-0.565,139777.82,170545.389,12.408,189403.598,13.7192,169753.4531,14.8626,110220.3991,15.0219,152350.6006,15.0734,137783.7083,16.4224,137390.4959
356,002370.SZ,20190717,12.44,12.55,12.12,12.39,12.4,-0.009999999999999787,-0.0806,118472.92,146939.705,12.63,208354.144,13.9962,163754.9246,14.9619,112266.5974,15.0507,151623.6493,15.0812,137099.0763,16.4681,139731.1496
357,002370.SZ,20190716,12.31,12.9,12.27,12.4,12.5,-0.09999999999999964,-0.8,164013.98,204777.887,12.994,211656.508,14.2585,157776.3154,15.0855,111291.7768,15.0768,151016.8397,15.0898,136642.2169,16.5175,142171.6704
358,002370.SZ,20190715,11.76,12.65,11.46,12.5,12.43,0.07000000000000028,0.5632,213550.25,257883.378,13.484,209048.106,14.5569,149599.8938,15.2256,110737.6597,15.1014,150268.5353,15.0953,135749.0936,16.5516,142751.6495
359,002370.SZ,20190712,13.33,13.33,12.09,12.43,13.43,-1.0,-7.446,311203.02,387559.803,14.04,201554.066,14.8392,137747.53,15.3808,108348.225,15.1261,149062.6051,15.1013,134680.3051,16.5844,142385.5283
360,002370.SZ,20190711,14.31,14.32,13.05,13.43,14.21,-0.7800000000000011,-5.4891,234530.55,316520.984,14.488,175137.41,15.1231,117720.4915,15.5086,100596.1368,15.1553,147126.4924,15.1071,133173.0389,16.622,141471.3016
361,002370.SZ,20190710,15.16,15.16,14.14,14.21,14.85,-0.6399999999999988,-4.3098,134984.74,193292.794,14.54,158988.188,15.3469,103763.68,15.6046,96099.7988,15.1804,145680.3344,15.1057,132021.2662,16.6376,142314.0017
362,002370.SZ,20190709,14.98,15.28,14.27,14.85,15.28,-0.4299999999999997,-2.8141,150971.97,220997.241,14.594,165846.846,15.5285,101627.2708,15.6705,94134.1441,15.2001,145037.1336,15.0982,131394.0074,16.6341,143251.0104
363,002370.SZ,20190708,14.8,15.55,14.51,15.28,14.67,0.6099999999999994,4.1581,176080.05,263558.426,14.764,147857.928,15.6569,97091.0092,15.7189,91814.4109,15.214,145000.0505,15.0885,130747.913,16.6199,145510.5476
364,002370.SZ,20190705,13.92,14.74,13.77,14.67,13.69,0.9800000000000004,7.1585,179119.74,256024.596,14.892,125001.308,15.7115,86970.6977,15.7382,88613.5588,15.2157,143934.8001,15.0788,130070.544,16.5911,146704.2565
365,002370.SZ,20190704,14.4,14.4,13.52,13.69,14.48,-0.7900000000000009,-5.4558,153784.44,213983.583,15.118,97327.56,15.8146,78660.6792,15.7991,85961.8826,15.2242,142966.795,15.0738,129283.5418,16.5616,146601.5301
366,002370.SZ,20190703,15.5,15.66,14.13,14.48,15.7,-1.2199999999999989,-7.7707,169278.03,246246.072,15.636,78114.772,15.9754,72924.8762,15.9021,83965.0324,15.2401,142365.6241,15.0695,128496.3558,16.5445,147518.8416
367,002370.SZ,20190702,16.0,16.27,15.58,15.7,15.92,-0.22000000000000064,-1.3819,61027.38,97081.126,15.974,56153.07,16.0838,69345.72,15.9734,82311.1571,15.2521,141501.1032,15.0617,127793.8941,16.5172,147631.2785
368,002370.SZ,20190701,16.02,16.19,15.0,15.92,15.8,0.11999999999999922,0.7595,61796.95,98483.19,16.058,54117.898,16.0523,68857.9408,15.997,82760.1262,15.2504,141253.6923,15.048,127973.5482,16.4739,149797.0583
369,002370.SZ,20190628,16.35,16.35,15.68,15.8,16.28,-0.4800000000000004,-2.9484,40751.0,65296.732,16.142,52376.908,15.9654,67187.0985,16.0168,84942.6626,15.2496,141046.6788,15.0281,127809.4363,16.4265,151111.0319
370,002370.SZ,20190627,16.13,16.39,16.06,16.28,16.17,0.10999999999999943,0.6803,57720.5,93500.062,16.296,65668.992,15.9008,68036.9354,16.0358,88720.5512,15.2523,141126.7008,15.009,127622.7617,16.3754,154698.57
371,002370.SZ,20190626,16.07,16.48,16.07,16.17,16.12,0.05000000000000071,0.3102,59469.52,96909.811,16.344,72525.006,15.7777,66820.4354,16.028,93778.0224,15.2506,141603.2744,14.9882,127384.621,16.3262,156825.7351
372,002370.SZ,20190625,16.45,16.45,15.8,16.12,16.34,-0.21999999999999886,-1.3464,50851.52,82005.969,16.308,69534.302,15.6477,67085.4723,16.0759,101496.8647,15.2415,142238.781,14.967,127144.825,16.2764,159457.0736
373,002370.SZ,20190624,16.7,16.71,16.27,16.34,16.57,-0.23000000000000043,-1.3881,53092.0,87127.492,16.286,73581.898,15.5416,72356.8938,16.13,107509.8744,15.2259,142348.059,14.9451,126949.7466,16.224,161269.6935
374,002370.SZ,20190621,16.45,16.78,16.29,16.57,16.52,0.05000000000000071,0.3027,107211.42,177015.418,16.174,78807.298,15.4415,79658.0592,16.1295,110753.3856,15.2069,142187.8439,14.9214,126694.2259,16.1682,164254.1067
375,002370.SZ,20190620,16.0,16.55,15.69,16.52,15.99,0.5299999999999994,3.3146,92000.57,149420.43,16.038,81914.814,15.2784,78909.75,16.1756,112726.815,15.1861,141862.4799,14.8982,126192.6615,16.1022,164253.5144
376,002370.SZ,20190619,16.36,16.41,15.99,15.99,16.01,-0.02000000000000135,-0.1249,44516.0,72049.74,15.792,74451.95,15.1737,78292.7077,16.1793,113955.1721,15.1666,141629.5011,14.8755,125999.8689,16.0366,165561.2055
377,002370.SZ,20190618,15.76,16.32,15.67,16.01,15.78,0.2300000000000022,1.4575,71089.5,114223.507,15.552,73563.95,15.1511,90972.1354,16.1864,115307.3779,15.1507,141598.2928,14.8552,125883.0701,15.979,167523.4508
378,002370.SZ,20190617,15.99,16.41,15.68,15.78,15.89,-0.11000000000000121,-0.6923,79219.0,126683.284,15.342,69705.826,15.196,92067.4831,16.2197,116744.6879,15.1355,141302.2294,14.8343,125533.4829,15.9278,170922.7072
379,002370.SZ,20190614,15.35,16.08,15.29,15.89,15.29,0.6000000000000014,3.9241,122749.0,194480.064,15.122,62243.226,15.3023,97140.9446,16.2774,116687.065,15.1216,140955.3683,14.8147,125096.2344,15.8819,174718.9361
380,002370.SZ,20190613,14.9,15.29,14.72,15.29,14.79,0.5,3.3807,54686.25,82396.175,14.8401,50276.426,15.4476,97876.3654,16.3259,116412.7676,15.1088,140542.9503,14.7945,124493.6427,15.8262,177102.488
381,002370.SZ,20190612,14.97,15.11,14.72,14.79,14.96,-0.1700000000000017,-1.1364,40076.0,59511.946,14.7301,63215.176,15.5617,97333.7323,16.3912,119334.2632,15.0973,140330.3722,14.7781,124223.878,15.7643,179484.9423
382,002370.SZ,20190611,14.8,15.12,14.68,14.96,14.68,0.28000000000000114,1.9074,51798.88,77511.336,14.7798,84801.406,15.7081,100532.1215,16.497,122086.97,15.0908,140338.6199,14.7649,124011.6531,15.7038,180936.6041
383,002370.SZ,20190610,14.68,14.93,14.32,14.68,14.48,0.1999999999999993,1.3812,41906.0,61743.451,14.6779,93938.31,15.823,101790.0908,16.6019,125239.5026,15.0795,140069.712,14.7512,123747.7189,15.6407,183404.1093
384,002370.SZ,20190606,14.7298,14.8792,14.4407,14.4806,14.7397,-0.25909999999999833,-1.7578,62915.0,92320.835,14.7736,102352.914,15.9625,104112.7862,16.7197,130807.9379,15.0713,140007.344,14.7383,123519.7012,15.5757,185250.2425
385,002370.SZ,20190605,15.0387,15.4473,14.7198,14.7397,15.0387,-0.29900000000000126,-1.9882,119380.0,180708.329,15.0168,131639.626,16.0744,104446.3308,16.8314,134593.3276,15.0638,139962.622,14.7272,123182.7691,15.5112,186114.5516
386,002370.SZ,20190604,14.4407,15.1284,13.773,15.0387,14.4507,0.588000000000001,4.069,148007.15,219401.012,15.3875,124829.43,16.2285,102106.5423,16.9402,139281.0874,15.0531,139410.5453,14.7148,122511.6981,15.4433,186984.8849
387,002370.SZ,20190603,15.1782,15.3975,14.3311,14.4507,15.1583,-0.7076000000000011,-4.6681,97483.4,144001.893,15.8121,124262.8,16.3941,97328.4177,17.0685,141376.5162,15.0386,138583.954,14.6992,121649.0878,15.371,187736.4429
388,002370.SZ,20190531,15.7463,15.7463,15.0487,15.1583,15.6965,-0.5381999999999998,-3.4288,83979.02,128979.681,16.4778,131228.014,16.5827,98525.5615,17.2775,141816.6474,15.03,138197.1389,14.6878,121096.8546,15.3038,188488.3309
389,002370.SZ,20190530,16.3044,16.3044,14.939,15.6965,16.5934,-0.8968999999999987,-5.4052,209348.56,326312.775,16.8007,123958.614,16.6862,97934.2777,17.4692,144388.8444,15.0194,138041.7615,14.6733,120686.8356,15.2251,189108.3643
390,002370.SZ,20190529,17.1116,17.1515,16.0154,16.5934,17.1615,-0.5681000000000012,-3.3103,85329.02,141903.14,17.0,98419.914,16.7552,92292.3262,17.622,144507.1379,15.0065,136908.2047,14.6535,119483.8607,15.1374,188364.5344
391,002370.SZ,20190528,17.7395,17.889,16.9422,17.1615,17.7794,-0.6178999999999988,-3.4754,145174.0,253793.16,16.9721,94984.606,16.7437,98743.8792,17.6923,146273.6841,14.9812,136459.7393,14.6279,119012.8842,15.0314,189706.6077
392,002370.SZ,20190527,16.8027,17.7893,16.7927,17.7794,16.7728,1.0065999999999988,6.0014,132309.47,230886.814,16.8386,80370.014,16.6555,105243.9192,17.7459,147745.3271,14.9535,135802.7115,14.5986,118214.1741,14.926,189700.1291
393,002370.SZ,20190524,16.7728,16.8724,16.1549,16.7728,16.6931,0.079699999999999,0.4774,47632.02,79123.858,16.4698,67358.336,16.657,119828.5877,17.7667,154153.8841,14.9229,135518.5411,14.567,117469.4081,14.8137,190693.2875
394,002370.SZ,20190523,16.4539,17.1017,16.2047,16.6931,16.4539,0.2392000000000003,1.4538,81655.06,137433.267,16.4638,75624.482,16.7483,135802.5746,17.8652,160857.5276,14.8936,135424.3051,14.5419,117208.2068,14.7122,193549.0203
395,002370.SZ,20190522,16.5436,16.703,16.2645,16.4539,16.4937,-0.03979999999999961,-0.2413,68152.48,112446.35,16.5635,76471.776,16.7199,142088.4454,17.9124,165583.6606,14.865,134921.1658,14.5178,116757.5615,14.6156,199026.378
396,002370.SZ,20190521,16.0552,16.4937,15.9556,16.4937,15.9356,0.5580999999999996,3.5022,72101.04,117914.36,16.6532,85450.534,16.8494,150254.2562,17.9177,170211.5591,14.8394,134569.2369,14.4959,116482.3827,14.5362,200747.6809
397,002370.SZ,20190520,16.7429,16.7429,15.547,15.9356,16.7429,-0.8072999999999979,-4.8217,67251.08,107919.174,16.6552,86288.792,16.8609,154997.6154,17.8957,177365.2594,14.8123,134200.0908,14.4724,116102.4518,14.4717,205052.8656
398,002370.SZ,20190517,17.1914,17.3408,16.0054,16.7429,17.1914,-0.4485000000000028,-2.6089,88962.75,148089.609,16.7867,100039.214,16.8839,156785.3015,17.9004,184255.2859,14.7878,133857.2587,14.4515,115807.7233,14.432,211690.1384
399,002370.SZ,20190516,16.9821,17.3807,16.9422,17.1914,16.9023,0.28910000000000124,1.7104,85891.53,147868.496,16.7269,116086.506,16.9146,159169.5546,17.8479,187742.0406,14.7572,133308.2743,14.4255,115413.1136,14.3875,212801.3951
400,002370.SZ,20190515,16.8425,17.0817,16.5037,16.9023,16.5037,0.39860000000000184,2.4152,113046.27,191537.252,16.4917,144843.104,16.9568,158505.5769,17.7823,190689.0885,14.7257,132867.6876,14.3998,114950.7293,14.3568,212385.0147
401,002370.SZ,20190514,16.2147,17.1415,16.1748,16.5037,16.5934,-0.08970000000000056,-0.5406,76292.33,127125.843,16.6711,186615.882,17.0058,158534.5477,17.7336,194500.5518,14.6965,132495.2734,14.377,114348.1083,14.352,211252.9311
402,002370.SZ,20190513,16.2845,17.2013,16.2745,16.5934,16.4439,0.14949999999999974,0.9092,136003.19,229569.864,16.9621,222416.186,17.0833,164513.3762,17.6776,201013.5144,14.6691,132137.5281,14.3563,114080.0961,14.3588,210868.3533
403,002370.SZ,20190510,16.0353,16.7429,15.248,16.4439,16.0154,0.42849999999999966,2.6755,169199.21,275451.403,16.9083,227889.824,17.2213,164333.7485,17.6,203050.4909,14.6405,131276.4591,14.3333,113314.4261,14.3593,209376.4636
404,002370.SZ,20190509,17.5202,17.7395,16.0154,16.0154,17.7993,-1.7838999999999992,-10.0223,229674.52,375926.735,17.2472,228911.586,17.3815,163548.0392,17.5217,207498.6688,14.6129,130138.4368,14.3121,112396.5137,14.3641,207695.8513
405,002370.SZ,20190508,17.9388,19.3241,17.6697,17.7993,17.9587,-0.15940000000000154,-0.8876,321910.16,597908.977,17.3727,209729.624,17.5869,163667.9069,17.4364,208555.5424,14.5883,128688.6901,14.2923,111090.7,14.3763,205776.6583
406,002370.SZ,20190507,16.8924,17.9587,16.3243,17.9587,16.3243,1.6343999999999994,10.0121,255293.85,450294.31,17.0598,163445.792,17.6237,153645.4523,17.2793,204129.2218,14.5516,126516.3697,14.2628,109322.6162,14.3687,204703.0437
407,002370.SZ,20190506,16.9422,17.6797,16.3243,16.3243,18.1381,-1.8138000000000005,-9.9999,163371.38,272430.306,16.8963,136378.63,17.6605,155450.8354,17.116,203167.1321,14.5141,124772.7319,14.2327,108091.203,14.3681,203893.6531
408,002370.SZ,20190430,16.9223,18.1381,16.8425,18.1381,16.6432,1.4949000000000012,8.982,174308.02,305823.764,17.1794,119156.318,17.8974,159749.3238,17.0017,203588.8797,14.4886,123688.1667,14.2101,107271.4686,14.3698,201891.1816
409,002370.SZ,20190429,16.5236,17.4305,16.1948,16.6432,16.2346,0.40859999999999985,2.5168,133764.71,225312.356,17.0598,106979.292,18.1604,154990.85,16.8343,205034.5515,14.4493,122501.1041,14.1771,106547.2298,14.3473,199731.7731
410,002370.SZ,20190426,16.9422,17.1415,15.9456,16.2346,17.1415,-0.9069000000000003,-5.2907,90491.0,150079.181,17.2332,111029.77,18.5475,157888.4662,16.7086,205816.3238,14.4214,121613.665,14.1515,106000.3676,14.3443,198154.8419
411,002370.SZ,20190425,17.7295,17.7395,16.7429,17.1415,17.7395,-0.597999999999999,-3.371,119958.04,207463.592,17.6638,119665.176,18.9055,167340.7385,16.5831,212267.0697,14.3964,121026.7067,14.1292,105631.8032,14.3439,197066.5664
412,002370.SZ,20190424,17.7196,17.9089,17.3408,17.7395,17.5402,0.19930000000000092,1.1362,77259.82,136664.413,17.9408,127470.566,19.0473,169297.1654,16.4492,215128.8297,14.3635,120209.1231,14.1026,105072.3284,14.333,195564.6861
413,002370.SZ,20190423,17.6398,18.2876,17.4006,17.5402,17.5103,0.029899999999997817,0.1708,113422.89,202415.255,18.1302,158265.162,19.1432,178370.2454,16.2933,220410.0088,14.3273,119701.4576,14.0725,104825.723,14.3172,195053.1952
414,002370.SZ,20190422,18.6564,18.6564,17.4804,17.5103,18.3873,-0.8769999999999989,-4.7696,154017.1,276090.946,18.2777,173904.234,19.216,196583.9008,16.1359,222568.1006,14.2937,119015.7834,14.043,104464.5631,14.3039,194165.69
415,002370.SZ,20190419,18.2378,18.7859,18.2278,18.3873,18.5268,-0.13950000000000173,-0.753,133668.03,247640.372,18.463,198853.58,19.4168,205933.0392,15.9784,226182.9797,14.2579,117988.2049,14.0126,103872.0836,14.2943,192647.9153
416,002370.SZ,20190418,18.7361,19.0849,18.2378,18.5268,18.6863,-0.15949999999999775,-0.8536,158984.99,296878.946,18.6663,215970.32,19.4099,214292.6969,15.7794,225403.5376,14.2154,117099.7742,13.9791,103334.6375,14.2688,191068.4644
417,002370.SZ,20190417,18.3574,19.653,18.3175,18.6863,18.2777,0.40859999999999985,2.2355,231232.8,440808.418,19.2723,206662.894,19.2643,219409.3154,15.5757,226318.0203,14.1715,116066.4895,13.943,102498.4305,14.2421,189562.2512
418,002370.SZ,20190416,18.6962,18.7261,17.6697,18.2777,18.4371,-0.15940000000000154,-0.8646,191618.25,349987.087,19.8702,194703.078,19.0381,225878.0885,15.3693,225154.8321,14.1281,114505.4563,13.9084,101283.6442,14.2102,186765.7107
419,002370.SZ,20190415,19.4835,19.8921,17.8392,18.4371,19.4038,-0.9666999999999994,-4.982,278763.83,526883.86,20.3924,199053.536,18.8702,234331.4523,15.1897,229108.2285,14.0882,113199.0031,13.8756,100398.6186,14.1873,185686.7817
420,002370.SZ,20190412,21.0781,21.407,19.4038,19.4038,21.5565,-2.1526999999999994,-9.9863,219251.73,443945.938,20.5021,172379.088,18.6027,228850.5738,15.0103,231613.2974,14.0478,111301.3099,13.8453,98968.9296,14.1581,182118.7772
421,002370.SZ,20190411,21.4468,22.0747,21.3372,21.5565,21.6761,-0.11960000000000193,-0.5518,112447.86,244403.096,20.4183,167570.714,18.2608,226299.7608,14.784,234032.8168,14.0017,109929.0567,13.8107,97802.1104,14.1166,179550.1941
422,002370.SZ,20190410,20.9984,22.0548,20.2111,21.6761,20.8887,0.7874000000000017,3.7695,171433.72,364414.59,19.8044,215121.224,17.7755,236314.2346,14.463,237589.3597,13.9388,109202.9793,13.7654,97270.0994,14.0421,178799.4227
423,002370.SZ,20190409,18.9254,20.8887,18.7062,20.8887,18.9852,1.903500000000001,10.0262,213370.54,434136.925,19.4935,235945.66,17.2312,246029.5685,14.1271,236928.0926,13.8745,108133.5921,13.72,96380.1721,13.9697,176765.2531
424,002370.SZ,20190408,18.766,19.354,18.5368,18.9852,18.9852,0.0,0.0,145391.59,275130.171,18.9753,241740.268,16.6977,245405.7108,13.8135,237619.0112,13.8152,106806.5308,13.6818,95307.2905,13.9064,174245.3556
425,002370.SZ,20190404,18.6364,19.1347,18.2478,18.9852,18.4869,0.4983000000000004,2.6954,195209.86,367785.892,18.5049,257762.156,16.2975,258870.7623,13.5435,238647.67,13.7726,105850.6766,13.657,94697.2016,13.8729,172774.7588
426,002370.SZ,20190403,18.8358,19.3341,18.1082,18.4869,20.1214,-1.6345000000000027,-8.1232,350200.41,646450.244,17.8571,281785.554,15.846,264286.0208,13.2689,236663.2088,13.7314,104572.8534,13.6307,93797.6209,13.8351,170586.5252
427,002370.SZ,20190402,18.2976,20.1313,18.2777,20.1214,18.2976,1.823800000000002,9.9674,275555.9,536974.706,17.3787,272047.868,15.3822,250533.3169,13.0089,231794.2262,13.6933,102356.1718,13.5994,92089.7788,13.8012,166667.2951
428,002370.SZ,20190401,16.9621,18.2976,16.9621,18.2976,16.6333,1.6643000000000008,10.0058,242343.58,434018.56,16.3463,258439.17,14.7888,246458.4631,12.6999,229700.6409,13.6418,100488.4569,13.5662,90530.4836,13.7468,163525.1671
429,002370.SZ,20190329,16.0154,16.703,15.4473,16.6333,15.7463,0.8869999999999987,5.6331,225501.03,366754.138,15.6785,247188.686,14.338,241486.7108,12.4385,227098.6238,13.6041,98903.2378,13.5437,89226.0187,13.7248,160725.9565
430,002370.SZ,20190328,16.1449,16.8425,15.6765,15.7463,16.0951,-0.3487999999999989,-2.1671,315326.85,513715.17,15.4015,250615.684,14.016,241329.7746,12.2216,224303.9324,13.5765,97399.7028,13.5331,88004.1783,13.7302,158069.7267
431,002370.SZ,20190327,15.0387,16.1449,14.4009,16.0951,14.959,1.136099999999999,7.5948,301511.98,462563.937,15.1723,247096.926,13.7562,229408.0915,12.0266,219546.1226,13.5561,95370.3775,13.5274,86300.8678,13.7475,154430.2197
432,002370.SZ,20190326,14.9689,15.4971,14.8493,14.959,14.959,0.0,0.0,207512.41,315928.772,14.7437,227846.608,13.4388,230046.89,11.8074,216148.2562,13.5338,93604.2181,13.5195,84707.2432,13.7577,152351.82
433,002370.SZ,20190325,14.959,15.7064,14.9291,14.959,15.248,-0.2889999999999997,-1.8953,186091.16,284492.911,14.5085,250431.578,13.2563,230796.5415,11.6397,214300.4824,13.5167,92335.6338,13.5206,83924.2498,13.7652,149887.4412
434,002370.SZ,20190322,14.6102,15.3975,14.3311,15.248,14.6002,0.6478000000000002,4.4369,242636.02,362493.148,14.1398,266334.99,13.0624,236237.2146,11.475,214909.4585,13.5001,91403.8316,13.515,83122.9805,13.7777,147935.9191
435,002370.SZ,20190321,14.1418,15.238,13.773,14.6002,13.9524,0.6477999999999984,4.6429,297733.06,434922.774,13.5817,252090.838,12.827,231941.9831,11.2959,215473.4574,13.4797,90005.9773,13.5054,82087.1412,13.7875,145596.9832
436,002370.SZ,20190320,13.8029,13.9524,13.185,13.9524,13.783,0.16940000000000133,1.2291,205260.39,279433.047,13.1432,237060.786,12.6392,230341.2085,11.1443,221200.6288,13.4649,88134.2451,13.5009,80790.6177,13.8088,142224.3693
437,002370.SZ,20190319,12.9757,14.4308,12.8561,13.783,13.1153,0.6677,5.091,320437.26,441422.82,12.8402,231550.868,12.4598,222795.5631,11.0426,220965.035,13.4558,86885.2618,13.4928,79900.4256,13.829,139826.2336
438,002370.SZ,20190318,12.4575,13.2548,12.3877,13.1153,12.4575,0.6577999999999999,5.2804,265608.22,343267.594,12.5731,212155.588,12.2919,212767.8815,10.9802,223157.7594,13.448,84907.1108,13.4869,78187.7483,13.8558,135980.2301
439,002370.SZ,20190315,12.5073,12.5671,12.3379,12.4575,12.4077,0.0497999999999994,0.4014,171415.26,213876.235,12.4236,191102.938,12.1808,207081.4338,10.9755,231964.7688,13.4441,83426.4069,13.486,76719.8723,13.8969,133135.7763
440,002370.SZ,20190314,12.4376,12.5572,12.1685,12.4077,12.4376,-0.029899999999999594,-0.2404,222582.8,276353.486,12.326,218783.158,12.1585,218975.1623,11.0034,231990.9965,13.4435,82610.2458,13.49,75838.5702,13.9446,132534.8673
441,002370.SZ,20190313,12.4475,12.6269,12.3479,12.4376,12.4475,-0.00990000000000002,-0.0795,177710.8,222798.677,12.3618,217718.174,12.1532,229848.4985,11.0763,227052.1788,13.4457,81362.0294,13.4962,74780.0983,13.9773,131580.1964
442,002370.SZ,20190312,12.3678,12.6369,12.3279,12.4475,12.3678,0.079699999999999,0.6444,223460.86,279288.12,12.3618,233539.996,12.0972,239371.9285,11.1971,222653.0376,13.4457,80250.6072,13.5025,74035.4272,13.9964,130098.5531
443,002370.SZ,20190311,11.9991,12.4176,11.9592,12.3678,11.9692,0.39860000000000007,3.3302,160344.97,197371.729,12.31,226207.426,11.9584,240134.1946,11.3314,217476.2182,13.4484,78878.8924,13.509,72932.1801,14.0118,127519.3552
444,002370.SZ,20190308,12.5173,12.8063,11.9193,11.9692,12.5871,-0.6178999999999988,-4.909,309816.36,385926.401,12.2682,249523.03,11.7959,239257.7077,11.4568,213469.3503,13.4509,78057.392,13.5129,72152.8087,14.0279,126186.2089
445,002370.SZ,20190307,12.4077,12.7166,12.1386,12.5871,12.4376,0.14949999999999974,1.202,217257.88,271215.402,12.1984,208993.158,11.6618,233645.8162,11.599,205626.3188,13.4603,76163.8506,13.5202,70639.9957,14.0511,122834.6792
446,002370.SZ,20190306,12.1984,12.5173,11.9791,12.4376,12.1884,0.2492000000000001,2.0446,256819.91,317075.71,12.0011,203557.062,11.4479,230807.9785,11.7268,201758.0,13.467,74808.3048,13.5226,69464.0218,14.066,120471.5341
447,002370.SZ,20190305,12.1187,12.2781,11.8595,12.1884,12.1585,0.029899999999999594,0.2459,186798.01,227370.817,11.8476,190529.96,11.2332,220878.6146,11.8678,201304.1518,13.4772,73181.3471,13.5259,68220.9452,14.0844,117426.6871
448,002370.SZ,20190304,11.6901,12.1785,11.6901,12.1585,11.6204,0.5381,4.6306,276922.99,331521.085,11.8436,218377.104,11.0377,220713.7677,12.036,201533.3147,13.4898,72030.222,13.532,67416.0243,14.1056,115326.3269
449,002370.SZ,20190301,11.7599,11.7599,11.441,11.6204,11.6004,0.019999999999999574,0.1724,107167.0,124007.899,11.8795,235779.74,10.8422,215133.0762,12.1623,193776.345,13.5055,70329.7399,13.5383,66477.5086,14.1307,112478.8311
450,002370.SZ,20190228,11.6503,11.9094,11.3214,11.6004,11.6702,-0.06979999999999897,-0.5981,190077.4,222536.215,11.8974,274649.418,10.6721,218725.9992,12.3045,190987.6797,13.5276,69879.1813,13.5481,66732.0963,14.1577,111370.9377
451,002370.SZ,20190227,11.9393,11.9492,11.5705,11.6702,12.1685,-0.4983000000000004,-4.095,191684.4,226549.837,11.7061,283308.002,10.4919,214141.7008,12.4461,185852.8994,13.548,68859.0654,13.5668,65963.4667,14.1876,109386.7548
452,002370.SZ,20190226,12.2582,12.2881,11.74,12.1685,12.3379,-0.16939999999999955,-1.373,326033.73,393242.111,11.423,274761.25,10.2956,211209.1562,12.5794,180476.0153,13.5586,67955.5286,13.5948,65037.4762,14.2098,107005.3113
453,002370.SZ,20190225,11.7101,12.886,11.7101,12.3379,11.7101,0.6277999999999988,5.3612,363936.17,448561.773,11.0344,256926.858,10.0243,200436.14,12.7017,171101.9944,13.5748,65774.9819,13.6216,63218.9283,14.2276,103097.1949
454,002370.SZ,20190222,10.6836,11.7101,10.6836,11.7101,10.6437,1.0663999999999998,10.0191,301515.39,344178.933,10.5281,220212.822,9.7874,183570.9038,12.8257,161542.0482,13.5898,63399.6544,13.6488,61190.2705,14.2418,98997.7132
455,002370.SZ,20190221,10.2949,10.6736,10.1952,10.6437,10.255,0.38870000000000005,3.7903,233370.32,244925.001,10.1155,185457.38,9.6065,176284.8238,12.9678,154052.1838,13.6116,61437.8115,13.6824,59688.7559,14.2616,95509.2541
456,002370.SZ,20190220,10.1653,10.4045,10.0557,10.255,10.2251,0.02990000000000137,0.2924,148950.64,152628.367,9.9162,175714.316,9.4922,178472.6438,13.1487,148370.2332,13.6404,60007.9299,13.7194,58402.3853,14.2924,92784.0232
457,002370.SZ,20190219,9.8464,10.4145,9.7667,10.2251,9.8065,0.41859999999999964,4.2686,236861.77,239427.905,9.7886,186798.988,9.4301,204896.2015,13.3316,144436.6618,13.6716,59197.0881,13.7587,57635.4584,14.3318,91355.1083
458,002370.SZ,20190218,9.667,9.8065,9.6471,9.8065,9.6471,0.15939999999999976,1.6523,180365.99,176341.776,9.6252,170201.634,9.4508,201849.1577,13.5168,138823.6391,13.7058,58074.3433,13.8009,56367.3415,14.3772,89018.3471
459,002370.SZ,20190215,9.6272,9.7268,9.5275,9.6471,9.6471,0.0,0.0,127738.18,123340.137,9.5155,160224.74,9.5934,218358.6885,13.7077,134150.8824,13.735,57173.723,13.8459,55397.5891,14.4309,87228.3523
460,002370.SZ,20190214,9.6172,9.7966,9.5275,9.6471,9.6172,0.029899999999999594,0.3109,184655.0,178976.735,9.4099,165389.368,9.8479,251997.7931,13.9111,133649.7176,13.7626,56755.9522,13.8919,55018.3462,14.475,85801.8432
461,002370.SZ,20190213,9.4079,9.6471,9.368,9.6172,9.4079,0.2093000000000007,2.2247,204374.0,195656.417,9.2086,165655.272,10.137,251047.9469,14.1051,128547.0262,13.7917,56019.602,13.9413,54083.945,14.5221,84013.9365
462,002370.SZ,20190212,9.1986,9.5574,9.1986,9.4079,9.2584,0.14949999999999974,1.6147,153875.0,145391.039,9.1368,153718.092,10.5425,239531.7162,14.3015,123318.6144,13.8123,54981.0181,13.9918,53146.7248,14.5722,82507.4689
463,002370.SZ,20190211,9.089,9.3082,8.9893,9.2584,9.1189,0.13949999999999996,1.5298,130481.52,120797.164,9.1269,164302.362,11.0914,229859.7931,14.4944,120444.0556,13.8358,54127.6834,14.0422,52490.4941,14.6142,80909.9627
464,002370.SZ,20190201,8.6206,9.1189,8.5708,9.1189,8.6405,0.4784000000000006,5.5367,153561.32,136542.758,9.1069,190568.454,11.6878,223472.6762,14.6999,117161.3932,13.8615,53343.3477,14.0921,52023.6508,14.6583,79292.9157
465,002370.SZ,20190131,9.1787,9.3182,8.3615,8.6405,9.2584,-0.6179000000000006,-6.6739,185984.52,165362.946,9.1727,258347.568,12.2659,213514.9946,14.9065,113361.8906,13.8894,52433.0274,14.1406,51394.7273,14.7069,77478.4277
466,002370.SZ,20190130,9.3581,9.5076,9.1787,9.2584,9.3581,-0.09970000000000034,-1.0654,144688.1,135827.294,9.5435,260600.704,12.8937,202527.9769,15.1369,108924.0174,13.9228,51444.9478,14.1945,50597.2357,14.7597,75251.2208
467,002370.SZ,20190129,9.099,9.4677,8.8099,9.3581,9.1588,0.19930000000000092,2.176,206796.35,190807.279,10.0238,310661.062,13.484,197993.1262,15.3394,105582.9656,13.9523,50800.3178,14.249,50010.4682,14.8016,73560.4896
468,002370.SZ,20190128,9.4577,9.5474,8.9893,9.1588,9.4478,-0.2890000000000015,-3.0589,261811.98,244057.719,10.7434,382311.1,14.0896,200654.1046,15.5332,101155.3715,13.9813,49621.2606,14.3043,49044.0044,14.8414,70935.3249
469,002370.SZ,20190125,9.5873,10.0457,9.4478,9.4478,10.4942,-1.0463999999999984,-9.9712,492456.89,474686.471,11.5925,364410.104,14.7627,195483.1485,15.7357,94628.4397,14.0083,48001.9496,14.3601,47702.3285,14.888,67743.7925
470,002370.SZ,20190124,10.9128,11.152,10.4942,10.4942,11.6602,-1.1660000000000004,-9.9998,197250.2,209377.558,12.6807,276851.326,15.3017,158616.1585,15.9474,81097.4368,14.0344,44958.1585,14.4153,45296.4591,14.9312,61969.9489
471,002370.SZ,20190123,11.6602,11.9991,11.6602,11.6602,12.9558,-1.2956000000000003,-10.0002,394989.89,463818.085,13.8906,243029.286,15.7601,144393.2492,16.1399,76069.0129,14.0517,43716.9646,14.4626,44398.825,14.9587,59670.3063
472,002370.SZ,20190122,12.0688,13.3544,12.0688,12.9558,13.4043,-0.44849999999999923,-3.3459,565046.54,689482.813,14.961,173521.108,16.1258,115201.3246,16.2982,65697.6582,14.061,41298.5624,14.5036,42451.1357,14.9696,54563.8979
473,002370.SZ,20190121,13.4043,13.4242,13.4043,13.4043,14.8892,-1.4849000000000014,-9.973,172307.0,231753.481,15.6965,65334.092,16.3757,72418.54,16.4131,53361.9365,14.0627,37727.1723,14.5426,39636.3968,14.9631,47100.9307
474,002370.SZ,20190118,16.424,16.6333,14.8892,14.8892,16.5436,-1.6544000000000008,-10.0002,54663.0,84611.009,16.3762,39503.35,16.6003,59727.0031,16.4753,48961.26,14.0615,37352.2199,14.5828,38902.5507,14.9507,45082.3173
475,002370.SZ,20190117,16.9422,16.9422,16.5436,16.5436,17.012,-0.46839999999999904,-2.7534,28140.0,47283.225,16.7848,45717.758,16.7283,58514.3108,16.5049,48521.9659,14.0503,38015.6179,14.616,38876.8406,14.9191,44474.7576
476,002370.SZ,20190116,16.6034,17.1415,16.5037,17.012,16.6333,0.37870000000000203,2.2768,47449.0,80330.054,16.9223,88367.572,16.7283,59954.3108,16.4885,49671.255,14.038,38238.111,14.6374,39050.4264,14.866,44155.6909
477,002370.SZ,20190115,16.6632,16.9023,16.6034,16.6333,16.8027,-0.1694000000000031,-1.0082,24111.46,40394.723,17.1017,117795.682,16.7115,59395.4646,16.4644,49592.9615,14.0337,38152.9929,14.6552,39434.6646,14.8078,43618.9576
478,002370.SZ,20190114,16.9721,16.9721,16.5834,16.8027,16.9322,-0.12950000000000017,-0.7648,43153.29,72500.432,17.0658,115610.594,16.6992,58710.6762,16.4301,49630.8659,14.0342,38115.4074,14.6772,39940.1643,14.7525,43342.4181
479,002370.SZ,20190111,16.723,16.992,16.5436,16.9322,17.2312,-0.2989999999999995,-1.7352,85735.04,143656.848,16.996,109450.412,16.6777,58931.1154,16.4005,49302.4456,14.035,37962.2109,14.6912,40152.4498,14.6967,42846.6873
480,002370.SZ,20190110,17.9288,18.0285,16.9223,17.2312,17.9089,-0.677699999999998,-3.7842,241389.07,418284.958,16.8924,95402.378,16.6287,53989.3631,16.3788,48318.3026,14.0382,37698.4913,14.7034,39988.6182,14.6394,41783.1401
481,002370.SZ,20190109,16.3642,17.9288,16.3642,17.9089,16.4539,1.4549999999999983,8.8429,194589.55,338271.126,16.6871,48898.632,16.5773,43936.2485,16.3437,44934.715,14.0359,36133.1067,14.7144,38987.6001,14.5751,38594.2992
482,002370.SZ,20190108,16.5336,16.6133,16.3642,16.4539,16.4539,0.0,0.0,13186.02,21811.12,16.3702,11444.126,16.4493,29826.5515,16.254,43652.1541,14.0289,34916.0959,14.7221,38255.6536,14.5033,36055.1852
483,002370.SZ,20190107,16.4439,16.703,16.2944,16.4539,16.414,0.03989999999999938,0.2431,12352.38,20411.786,16.3901,16586.522,16.437,30859.0115,16.1781,45222.7874,14.0351,34981.1237,14.7369,38559.0709,14.4532,36075.1823
484,002370.SZ,20190104,16.1948,16.7329,16.1051,16.414,16.2047,0.20930000000000248,1.2916,15494.87,25484.313,16.408,23488.046,16.3994,34227.29,16.0942,45742.4532,14.0418,35009.7726,14.7555,38819.5289,14.3986,35991.0945
485,002370.SZ,20190103,16.0054,16.4339,16.0054,16.2047,16.3243,-0.11960000000000193,-0.7327,8870.34,14466.783,16.4838,28425.872,16.3864,34486.9923,16.0107,47061.9865,14.0488,35344.1564,14.7761,39045.4954,14.3433,35860.9496
486,002370.SZ,20190102,16.3442,16.5236,16.3144,16.3243,16.5535,-0.22919999999999874,-1.3846,7317.02,12024.68,16.5376,29693.646,16.3818,35679.9069,15.9374,48520.2597,14.0612,35468.2596,14.7976,39583.7192,14.2901,35878.5717
487,002370.SZ,20181228,16.6931,16.6931,16.1748,16.5535,16.5436,0.009899999999998244,0.0598,38898.0,63953.299,16.5774,37434.042,16.3933,37816.8154,15.8603,49482.1709,14.0739,35736.7788,14.8147,39906.1667,14.2382,35866.9316
488,002370.SZ,20181227,17.0219,17.0319,15.9954,16.5436,16.7927,-0.24909999999999854,-1.4834,46860.0,78593.112,16.5256,33952.894,16.3619,37216.38,15.7797,49175.0644,14.0835,35765.0706,14.8283,39881.8144,14.1846,35394.8116
489,002370.SZ,20181226,16.5236,17.1316,16.5236,16.7927,16.4738,0.3188999999999993,1.9358,40184.0,67701.0,16.5296,46720.61,16.3159,37939.3146,15.6985,48657.7409,14.0914,35797.8831,14.8426,39881.8294,14.1323,34843.2916
490,002370.SZ,20181225,16.3442,16.5635,16.1649,16.4738,16.5236,-0.049799999999997624,-0.3014,15209.21,25121.867,16.42,40916.508,16.2584,37917.1838,15.6176,49339.4115,14.0951,35847.1139,14.8545,39854.6018,14.0785,34596.1352
491,002370.SZ,20181224,15.9755,16.7429,15.9755,16.5236,16.2944,0.22919999999999874,1.4066,46019.0,75882.907,16.3841,43196.266,16.2714,39239.7669,15.5344,49600.17,14.1039,36097.1085,14.8694,40071.5854,14.0256,34498.582
492,002370.SZ,20181221,16.424,16.5535,16.1449,16.2944,16.5635,-0.26910000000000167,-1.6247,21492.26,35344.865,16.2725,45220.466,16.3113,37721.6738,15.4555,49460.3076,14.1175,36093.6738,14.8865,40167.2644,13.9708,34117.5548
493,002370.SZ,20181220,16.0951,16.9422,15.7961,16.5635,16.2446,0.31890000000000285,1.9631,110698.58,178472.142,16.2625,44696.214,16.3688,39327.1792,15.3685,49212.7747,14.1342,36246.2551,14.9005,40379.1641,13.9183,34127.9741
494,002370.SZ,20181219,16.3044,16.3841,16.115,16.2446,16.2944,-0.04980000000000118,-0.3056,11163.49,18241.305,16.1788,27432.144,16.3918,42014.3654,15.2785,46925.3165,14.1483,35721.048,14.9122,40172.7063,13.8687,32755.3076
495,002370.SZ,20181218,15.9556,16.424,15.836,16.2944,15.9655,0.3288999999999991,2.0601,26608.0,43333.479,16.2246,32218.812,16.3358,42900.5585,15.1949,48258.0091,14.1658,36239.8082,14.9192,40310.2877,13.826,32755.8387
496,002370.SZ,20181217,15.9755,16.0253,15.547,15.9655,16.2446,-0.2790999999999979,-1.7181,56140.0,89008.746,16.1947,33115.68,16.3052,43909.7123,15.1038,48648.3903,14.1811,36371.3501,14.929,40302.3587,13.7822,32814.3755
497,002370.SZ,20181214,16.1848,16.424,16.0353,16.2446,16.1449,0.09969999999999857,0.6175,18871.0,30751.133,16.1908,33139.31,16.3067,44761.6992,15.0153,47849.5079,14.1993,36438.6446,14.9406,40164.8557,13.7387,32153.9083
498,002370.SZ,20181213,16.4937,16.6233,16.1449,16.1449,16.4738,-0.32890000000000086,-1.9965,24378.23,40005.607,16.1509,37344.37,16.3029,46755.2392,14.9259,48523.3615,14.2222,36928.1214,14.9497,40328.3469,13.6937,32089.9219
499,002370.SZ,20181212,16.2446,16.9821,16.0054,16.4738,16.1449,0.32890000000000086,2.0372,35096.83,58321.724,16.2506,38949.282,16.2507,46833.8531,14.852,49618.2571,14.2504,37094.1545,14.9628,40479.384,13.6472,31884.7721
500,002370.SZ,20181211,15.9456,16.3442,15.8459,16.1449,15.9456,0.19929999999999914,1.2499,31092.34,50468.941,16.3642,37186.674,16.1986,46594.6354,14.7743,49942.3615,14.2783,37199.8571,14.9747,40639.0375,13.5984,31724.8677
501,002370.SZ,20181210,15.836,16.404,15.5769,15.9456,16.0453,-0.09970000000000034,-0.6214,56258.15,90137.535,16.5436,39440.972,16.2024,48224.0077,14.6805,49638.175,14.3062,37383.0769,14.9868,40812.6812,13.5548,31939.4368
502,002370.SZ,20181207,16.4638,16.7429,15.8758,16.0453,16.6432,-0.5978999999999992,-3.5925,39896.3,64167.751,16.727,57315.742,16.2093,53615.4646,14.599,49470.6412,14.3344,37772.8485,14.9992,40945.6881,13.509,31520.4784
503,002370.SZ,20181206,17.2113,17.3707,16.3542,16.6432,17.0419,-0.39869999999999806,-2.3395,32402.79,54568.818,16.6213,53873.282,16.1181,62160.5554,14.5205,50985.1303,14.3644,38256.4916,15.0169,41196.9138,13.4625,31680.6831
504,002370.SZ,20181205,16.7329,17.3707,16.5934,17.0419,17.0419,0.0,0.0,26283.79,44999.755,16.4718,55338.124,15.905,64790.1523,14.4003,51033.9315,14.3819,38580.2885,15.0265,41431.219,13.4048,31799.9125
505,002370.SZ,20181204,16.7429,17.2213,16.6034,17.0419,16.8625,0.17939999999999756,1.0639,42363.83,72356.288,16.2606,63524.532,15.6405,65077.6315,14.2687,50531.5553,14.3955,38800.8699,15.0393,41585.7581,13.3438,31825.5103
506,002370.SZ,20181203,15.6865,16.9522,15.547,16.8625,15.5171,1.3454000000000015,8.6704,145632.0,235094.725,16.0911,64009.17,15.3737,66461.8754,14.1429,49799.5226,14.4098,39008.1835,15.0534,41779.5805,13.2851,31599.4165
507,002370.SZ,20181130,15.5769,15.9057,15.3476,15.5171,15.8958,-0.37870000000000026,-2.3824,22684.0,35591.04,15.8121,39962.812,15.1315,59755.6931,14.0175,46073.405,14.426,38489.146,15.0619,41269.4253,13.2291,30132.1033
508,002370.SZ,20181129,16.0851,16.1449,15.4573,15.8958,15.9855,-0.08970000000000056,-0.5611,39727.0,63071.533,15.8679,41823.412,14.9919,61089.3854,13.926,45932.2068,14.4498,38779.2817,15.0785,41509.7713,13.1897,30528.1416
509,002370.SZ,20181128,15.9655,16.5834,15.9655,15.9855,16.1948,-0.2093000000000007,-1.2924,67215.83,109565.629,15.9277,44332.848,14.8317,60222.4146,13.8214,45055.2068,14.4756,38894.8566,15.0955,41578.9821,13.1426,30716.9557
510,002370.SZ,20181127,15.7164,16.4738,15.3277,16.1948,15.4672,0.7276000000000007,4.7041,44787.02,71382.455,15.9376,56159.1,14.6623,57303.5815,13.7235,43738.4779,14.5028,38800.8801,15.11,41474.366,13.0991,30391.9399
511,002370.SZ,20181126,15.9057,15.9157,15.3576,15.4672,15.7961,-0.3288999999999991,-2.0822,25400.21,39749.33,15.6705,77398.192,14.4967,58732.3338,13.6203,44168.8191,14.5281,39183.1242,15.1224,41792.07,13.049,30030.3263
512,002370.SZ,20181123,16.135,16.2944,15.7961,15.7961,16.1948,-0.3987000000000016,-2.4619,31987.0,51166.522,15.3516,85635.66,14.3564,58630.3946,13.5347,44150.4894,14.5541,39435.9744,15.1387,42053.7412,13.0139,30037.4424
513,002370.SZ,20181122,15.9456,16.2247,15.6267,16.1948,16.0353,0.1595000000000013,0.9947,52274.18,83881.598,14.9131,85242.464,14.2062,59343.9854,13.4371,43562.9088,14.5753,39455.3874,15.1453,42048.3034,12.9731,30171.6013
514,002370.SZ,20181121,14.65,16.125,14.4009,16.0353,14.8593,1.1760000000000002,7.9142,126347.09,198233.625,14.3889,86859.428,13.9861,56328.7515,13.3275,42182.0212,14.5945,39417.8065,15.1481,42031.5594,12.9347,29969.8976
515,002370.SZ,20181120,13.8228,14.8992,13.7332,14.8593,13.8727,0.9865999999999993,7.1118,150982.48,215336.525,13.9245,73280.336,13.7914,49142.4369,13.2228,39080.9597,14.6137,38787.497,15.154,41363.1685,12.9016,28579.3935
516,002370.SZ,20181119,13.6036,14.3112,13.2548,13.8727,13.6036,0.2690999999999999,1.9782,66587.55,91621.384,13.6933,51088.24,13.6795,41872.6338,13.154,34907.8285,14.6424,38099.2815,15.1676,40799.5011,12.8888,26866.8004
517,002370.SZ,20181116,13.5737,13.8328,13.5538,13.6036,13.5737,0.029899999999999594,0.2203,30021.02,41180.955,13.6813,43462.006,13.6274,39818.2808,13.1153,33073.1947,14.6809,38068.7343,15.1849,40743.8155,12.8906,26259.4464
518,002370.SZ,20181115,13.6534,13.793,13.4541,13.5737,13.7132,-0.13949999999999996,-1.0173,60359.0,82467.396,13.7172,43312.002,13.5775,39738.0485,13.0871,32401.8118,14.716,38258.1947,15.2038,40954.3078,12.9016,26286.5469
519,002370.SZ,20181114,13.7033,14.1218,13.6335,13.7132,13.7033,0.00990000000000002,0.0722,58451.63,80855.411,13.8109,43912.362,13.5492,38309.05,13.0552,30725.6941,14.7505,38365.4738,15.2207,40999.0417,12.9179,26045.5811
520,002370.SZ,20181113,13.7033,13.8926,13.5837,13.7033,13.8129,-0.10960000000000036,-0.7935,40022.0,55046.922,13.797,37037.036,13.543,38551.5923,13.0229,29182.2191,14.7763,38198.551,15.2281,40751.9314,12.9288,25841.9689
521,002370.SZ,20181112,13.8129,13.8428,13.6734,13.8129,13.783,0.02990000000000137,0.2169,28456.38,39233.339,13.8249,37285.372,13.553,39020.3908,12.9916,28180.6603,14.8058,38096.0927,15.2366,40666.4454,12.9222,26129.3436
522,002370.SZ,20181109,13.9026,14.0421,13.773,13.783,14.0421,-0.2591000000000001,-1.8452,29271.0,40818.309,13.7292,34209.324,13.4871,38427.5923,12.9502,27409.1785,14.8343,38126.9651,15.242,40625.9978,12.9314,25910.3919
523,002370.SZ,20181108,13.6435,14.3411,13.5039,14.0421,13.6435,0.39860000000000007,2.9215,63360.8,88666.475,13.6734,34940.124,13.4403,40065.3615,12.9133,26670.5021,14.8622,38246.6178,15.245,40494.7197,12.9409,25811.9655
524,002370.SZ,20181107,13.793,13.8328,13.5936,13.6435,13.8428,-0.19930000000000092,-1.4397,24075.0,33077.201,13.5458,33562.972,13.389,42221.3715,12.8737,25238.8844,14.8922,38153.1644,15.2469,40237.4584,12.9516,25220.6215
525,002370.SZ,20181106,13.3744,14.082,13.2548,13.8428,13.3345,0.5083000000000002,3.8119,41263.68,56973.044,13.4561,36724.164,13.3054,42989.6046,12.8359,24708.6138,14.9257,38417.076,15.2483,40146.7082,12.9668,25265.8532
526,002370.SZ,20181105,13.5039,13.5039,13.2548,13.3345,13.5039,-0.16939999999999955,-1.2545,13076.14,17535.201,13.2787,34267.028,13.2073,40523.3985,12.7896,23663.6232,14.956,38550.2319,15.2492,40025.6934,12.9791,25144.8631
527,002370.SZ,20181102,13.4641,13.6435,13.3146,13.5039,13.4043,0.09960000000000058,0.743,32925.0,44383.781,13.2528,40008.204,13.1636,40861.7508,12.7565,23578.7956,14.9886,39006.2053,15.2531,40105.8551,13.0031,25973.0015
528,002370.SZ,20181101,13.195,13.7232,13.1153,13.4043,13.195,0.20929999999999893,1.5862,56475.04,76078.032,13.2787,45744.14,13.0938,39786.2892,12.7251,22799.9429,15.0271,39349.4585,15.2485,40010.8647,13.0099,26209.6903
529,002370.SZ,20181031,12.9458,13.4441,12.8661,13.195,12.9558,0.2392000000000003,1.8463,39880.96,52830.514,13.3644,43672.408,13.0171,36817.6908,12.6993,21241.53,15.0608,39457.2732,15.245,39954.0087,13.0128,26357.7455
530,002370.SZ,20181030,13.195,13.2847,12.8163,12.9558,13.205,-0.2492000000000001,-1.8872,28978.0,38018.419,13.3166,39846.216,12.9512,34512.1554,12.6826,20230.2076,15.1025,39544.2172,15.2439,39749.9912,13.0215,26874.2737
531,002370.SZ,20181029,13.4541,13.4541,13.0555,13.205,13.6335,-0.42849999999999966,-3.143,41782.02,55499.727,13.3604,44163.016,12.9282,34009.7746,12.6768,20014.5979,15.1474,39864.6465,15.2462,39684.0113,13.0165,27218.806
532,002370.SZ,20181026,13.6634,13.9026,13.4142,13.6335,13.8328,-0.19930000000000092,-1.4408,61604.68,84294.163,13.3943,54084.398,12.8883,35366.4362,12.6562,19017.8538,15.1828,39987.1031,15.2489,39472.9511,13.011,27074.9764
533,002370.SZ,20181025,12.8561,14.0022,12.607,13.8328,12.9558,0.8770000000000007,6.7692,46116.38,61326.4,13.1791,48575.868,12.8056,32533.5377,12.6202,17718.9503,15.2154,39998.8933,15.2498,39169.4914,13.0019,26487.4097
534,002370.SZ,20181024,13.195,13.3046,12.9558,12.9558,13.1751,-0.2193000000000005,-1.6645,20750.0,27403.574,12.9259,41193.192,12.7013,29909.9131,12.5768,17017.6953,15.2496,40035.7492,15.2499,38921.3898,12.9928,26172.194
535,002370.SZ,20181023,13.2548,13.5538,13.0654,13.1751,13.3744,-0.19929999999999914,-1.4902,50562.0,67485.99,12.8881,40538.136,12.6637,28723.2977,12.5736,16635.3009,15.2877,40235.6499,15.2551,38832.514,12.9993,26478.2081
536,002370.SZ,20181022,12.5572,13.6734,12.4176,13.3744,12.5572,0.8171999999999997,6.5078,91388.93,120054.536,12.7724,34214.536,12.6101,26442.4515,12.5698,15477.6926,15.3232,40568.4069,15.2593,38559.8592,13.0038,26495.5332
537,002370.SZ,20181019,12.4874,12.9458,11.9592,12.5572,12.5671,-0.00990000000000002,-0.0788,34062.03,42182.293,12.5791,19513.402,12.5441,20112.2277,12.5589,13701.4965,15.3569,40417.2521,15.2628,38218.6021,13.0059,25770.5088
538,002370.SZ,20181018,12.6469,12.7266,12.4077,12.5671,12.7665,-0.1994000000000007,-1.5619,9203.0,11572.358,12.5352,14682.796,12.5441,17815.9177,12.5633,12893.9356,15.3871,40396.4603,15.2707,38050.7205,13.0123,25698.0977
539,002370.SZ,20181017,12.6568,12.906,12.5871,12.7665,12.597,0.1695000000000011,1.3456,17474.72,22411.395,12.5532,17331.606,12.5503,17661.3792,12.5721,13037.1421,15.4156,40675.9148,15.2788,38039.4909,13.0208,26297.404
540,002370.SZ,20181016,12.3479,13.6036,12.1884,12.597,12.4077,0.18929999999999936,1.5257,18944.0,24112.649,12.5372,25720.386,12.5288,16576.4777,12.5689,12787.6503,15.4452,40647.5419,15.2848,37960.4038,13.0237,26311.3181
541,002370.SZ,20181015,12.3379,12.4077,12.0389,12.4077,12.3379,0.06980000000000075,0.5657,17883.26,21931.772,12.5293,26886.986,12.5303,15578.7454,12.5753,12910.0032,15.477,40902.9495,15.2926,37892.8654,13.0292,26681.9311
542,002370.SZ,20181012,12.3678,12.4974,12.2682,12.3379,12.6568,-0.31890000000000107,-2.5196,9909.0,12320.453,12.5432,25712.186,12.548,14662.2638,12.5891,13771.8197,15.5074,41175.8205,15.3017,37867.6449,13.0398,27120.3725
543,002370.SZ,20181011,12.6469,12.6568,11.9891,12.6568,12.6867,-0.029899999999999594,-0.2357,22447.05,27732.944,12.5691,24795.186,12.5533,14071.2638,12.5941,14210.8571,15.5383,41562.5234,15.3117,37846.3126,13.0516,28565.7705
544,002370.SZ,20181010,12.5472,12.7465,12.308,12.6867,12.5572,0.12950000000000017,1.0313,59418.62,74658.592,12.5332,24487.976,12.5434,12664.26,12.5912,15077.4629,15.5646,41878.301,15.3203,37739.4602,13.06,30269.0408
545,002370.SZ,20181009,12.4575,12.7764,12.4077,12.5572,12.4774,0.07980000000000054,0.6396,24777.0,31267.735,12.4994,14423.456,12.5441,9223.2738,12.5803,14545.8859,15.5804,41581.5744,15.3288,37435.8944,13.0876,30279.1792
546,002370.SZ,20181008,12.4077,12.4774,12.1386,12.4774,12.4675,0.00990000000000002,0.0794,12009.26,14810.53,12.4994,10310.056,12.5288,7782.4123,12.5777,14646.6688,15.5983,41587.1151,15.3384,37358.0212,13.1388,30418.0459
547,002370.SZ,20180928,12.5073,12.5173,12.3578,12.4675,12.4774,-0.00990000000000002,-0.0793,5324.0,6651.72,12.5333,9347.004,12.5127,7299.7,12.5824,15040.7141,15.6139,41653.8615,15.3488,37352.0611,13.1953,30507.2443
548,002370.SZ,20180927,12.5273,12.6469,12.2981,12.4774,12.5173,-0.03990000000000116,-0.3188,20911.0,26143.208,12.5372,8956.404,12.4928,7674.1615,12.5882,15930.6997,15.6265,41666.0907,15.3604,37643.7669,13.2547,30717.4976
549,002370.SZ,20180926,12.5572,12.6469,12.3678,12.5173,12.5572,-0.03989999999999938,-0.3177,9096.02,11419.368,12.5652,5968.9,12.4897,6561.3162,12.5906,16856.4606,15.6397,41658.9563,15.3694,37667.1208,13.3202,31075.4765
550,002370.SZ,20180925,12.5273,12.6369,12.4575,12.5572,12.6469,-0.08970000000000056,-0.7093,4210.0,5295.09,12.5891,5343.496,12.4905,6130.0069,12.5862,18173.8735,15.6491,41656.4715,15.3782,37645.1847,13.3786,31167.1787
551,002370.SZ,20180921,12.5372,12.6568,12.4077,12.6469,12.4874,0.1595000000000013,1.2773,7194.0,9049.576,12.5592,4946.696,12.4959,6228.93,12.5909,19310.0394,15.6592,41771.7644,15.3877,37651.3918,13.4365,31368.912
552,002370.SZ,20180920,12.617,12.7067,12.4774,12.4874,12.617,-0.1296000000000017,-1.0272,3371.0,4245.846,12.5353,4339.096,12.5043,7340.72,12.5847,19618.0394,15.6685,41906.6913,15.3964,37643.7233,13.4992,31573.6589
553,002370.SZ,20180919,12.4774,12.7266,12.4774,12.617,12.6369,-0.019899999999999807,-0.1575,5973.48,7571.666,12.5771,6602.056,12.5058,7688.5446,12.595,20281.6547,15.6701,42000.4456,,,13.5649,31748.4165
554,002370.SZ,20180918,12.3279,12.886,12.3279,12.6369,12.4077,0.22920000000000051,1.8472,5969.0,7565.681,12.5253,6616.52,12.4897,8570.7354,12.5985,21342.6971,15.6715,42284.424,,,13.6289,32517.3853
555,002370.SZ,20180917,12.3578,12.6269,12.3578,12.4077,12.5273,-0.11960000000000015,-0.9547,2226.0,2776.625,12.4515,6569.52,12.4682,9824.9438,12.6184,22259.6794,15.6741,42280.4865,,,13.7004,32794.348
556,002370.SZ,20180914,12.6269,12.6369,12.4575,12.5273,12.6967,-0.16939999999999955,-1.3342,4156.0,5221.088,12.4117,8162.72,12.502,10249.7585,12.6521,22843.0112,15.6806,42388.8296,,,13.7769,33377.7851
557,002370.SZ,20180913,12.308,12.8561,12.1984,12.6967,12.3578,0.33890000000000065,2.7424,14685.8,18419.248,12.3937,8620.322,12.5418,10791.86,12.6926,23383.6582,15.6885,42402.4188,,,13.849,33895.332
558,002370.SZ,20180912,12.2682,12.3578,12.1585,12.3578,12.2682,0.08959999999999901,0.7303,6045.8,7435.752,12.3599,6380.962,12.5656,12046.6646,12.731,23570.4288,15.696,42372.1007,,,13.9155,34387.3213
559,002370.SZ,20180911,12.1087,12.4077,12.1087,12.2682,12.2084,0.059800000000000963,0.4898,5734.0,7051.848,12.4137,6271.002,12.5924,12089.6769,12.792,24335.3629,15.7063,42359.1938,,,13.9817,34937.0205
560,002370.SZ,20180910,12.318,12.4475,11.9592,12.2084,12.4376,-0.22920000000000051,-1.8428,10192.0,12484.718,12.5113,9453.656,12.6384,12731.0631,12.8664,25410.4382,15.7173,42359.166,,,14.0547,35543.3464
561,002370.SZ,20180907,12.4575,12.6369,12.4176,12.4376,12.5273,-0.08970000000000056,-0.716,6444.01,8089.194,12.5711,8993.8,12.6729,12638.7554,12.9347,26380.6947,15.7289,42319.5225,,,14.1383,36014.4451
562,002370.SZ,20180906,12.7067,12.7067,12.4675,12.5273,12.6269,-0.0995999999999988,-0.7888,3489.0,4401.471,12.5651,11193.39,12.7021,13920.2931,12.9573,28002.1974,15.7395,42508.9147,,,14.2218,36508.0444
563,002370.SZ,20180905,12.8262,12.8262,12.607,12.6269,12.7565,-0.1296000000000017,-1.016,5496.0,6996.887,12.5312,14950.332,12.7289,17281.5254,13.0153,28253.5503,15.749,42524.1997,,,14.3027,36929.1079
564,002370.SZ,20180904,12.5173,12.906,12.3778,12.7565,12.5073,0.2492000000000001,1.9924,21647.27,27592.427,12.5751,15400.85,12.7197,18769.2385,13.0704,28735.6979,15.7581,42536.7635,,,14.3847,38000.694
565,002370.SZ,20180903,12.308,12.5572,12.2383,12.5073,12.4077,0.09960000000000058,0.8027,7892.72,9808.33,12.6329,13312.06,12.7044,21097.2677,13.1317,28658.1312,15.7652,42414.97,,,14.461,38319.3975
566,002370.SZ,20180831,12.2283,12.6469,12.0589,12.4077,12.3578,0.049900000000000944,0.4038,17441.96,21596.156,12.7326,17933.168,12.6898,23670.52,13.1988,29233.8565,15.7749,42412.4511,,,14.5422,39091.9
567,002370.SZ,20180830,12.6768,12.6768,11.5705,12.3578,12.8462,-0.4884000000000004,-3.8019,22273.71,27672.294,12.7924,15765.768,12.6944,24498.34,13.268,29667.6053,15.7856,42385.9167,,,14.6372,40050.7493
568,002370.SZ,20180829,13.0056,13.0754,12.8462,12.8462,13.0455,-0.19930000000000092,-1.5277,7748.59,10045.402,12.894,14125.43,12.7159,24739.3469,13.3498,31223.8644,15.7973,42275.0148,,,14.7419,40397.5932
569,002370.SZ,20180828,13.0256,13.1352,12.9558,13.0455,13.0056,0.03990000000000116,0.3068,11203.32,14651.126,12.8561,14374.112,12.7021,26880.4946,13.3841,32486.4547,15.806,42251.6843,,,14.8438,40965.1853
570,002370.SZ,20180827,12.7166,13.2847,12.6568,13.0056,12.7067,0.2988999999999997,2.3523,30998.26,40526.118,12.8103,16754.248,12.6645,30048.46,13.4011,34144.5682,15.8136,42230.2446,,,14.9388,41582.1544
571,002370.SZ,20180824,12.7166,12.906,12.6768,12.7067,12.8661,-0.15939999999999976,-1.2389,6604.96,8468.947,12.7844,19991.6,12.6154,31809.2138,13.4257,35545.2247,15.8216,42095.6485,,,15.0322,42667.3143
572,002370.SZ,20180823,12.7964,12.9359,12.5771,12.8661,12.6568,0.20929999999999893,1.6537,14072.02,18019.726,12.7445,23637.862,12.6162,34596.4969,13.4222,36963.2529,15.8323,42126.1835,,,15.1342,44039.7936
573,002370.SZ,20180822,12.8561,12.8561,12.6469,12.6568,12.8163,-0.15949999999999953,-1.2445,8992.0,11461.255,12.6827,31205.788,12.5832,34872.9569,13.4198,37460.9818,15.8431,42407.7826,,,15.2183,44905.894
574,002370.SZ,20180821,12.9558,13.1053,12.7067,12.8163,12.8761,-0.05979999999999919,-0.4644,23104.0,29877.807,12.615,37676.388,12.597,36176.1815,13.4286,37712.3106,15.8524,42517.9617,,,15.3027,45559.9673
575,002370.SZ,20180820,12.4475,12.906,12.2084,12.8761,12.5073,0.36879999999999846,2.9487,47185.02,59254.515,12.5452,38696.312,12.5909,37633.4831,13.4383,37693.8165,15.8607,42394.9397,,,15.3865,46214.8073
576,002370.SZ,20180817,12.5572,12.6369,12.1785,12.5073,12.5572,-0.04989999999999917,-0.3974,24836.27,30910.545,12.4974,34340.668,12.6246,36861.2815,13.455,37591.3471,15.8696,42103.7867,,,15.4708,46530.8816
577,002370.SZ,20180816,12.0987,12.9159,11.9991,12.5572,12.318,0.2392000000000003,1.9419,51911.65,64641.453,12.5293,36490.116,12.7051,36647.6669,13.4846,38386.2032,15.8809,41972.2711,,,15.5567,47059.2453
578,002370.SZ,20180815,12.4874,12.6568,12.2582,12.318,12.4675,-0.14949999999999974,-1.1991,41345.0,51304.564,12.5293,36585.16,12.8086,34388.1554,13.5133,37947.9812,,,,,15.6507,47118.6871
579,002370.SZ,20180814,12.5372,12.6369,12.4077,12.4675,12.6369,-0.16940000000000133,-1.3405,28203.62,35430.342,12.5392,39093.772,12.9382,32825.9246,13.5344,37574.0459,,,,,15.7518,47283.1967
580,002370.SZ,20180813,12.5472,12.7166,12.2781,12.6369,12.6668,-0.029899999999999594,-0.2361,25406.8,31880.346,12.5891,42020.976,13.0892,33122.0738,13.5561,38337.2032,,,,,15.85,48238.2172
581,002370.SZ,20180810,12.9359,12.9359,12.4874,12.6668,12.5572,0.10960000000000036,0.8728,35583.51,45115.451,12.5492,40472.816,13.2556,34420.5169,13.5664,38134.5997,,,,,15.9378,48723.6019
582,002370.SZ,20180809,12.3877,12.617,12.2682,12.5572,12.3678,0.18939999999999912,1.5314,52386.87,65360.11,12.5831,38542.898,13.3989,35004.9177,13.5763,38462.7309,,,,,16.0202,48712.9212
583,002370.SZ,20180808,12.7764,12.7764,12.1087,12.3678,12.7166,-0.3487999999999989,-2.7429,53888.06,67016.658,12.619,36475.308,13.4487,35711.7046,13.5954,38415.0691,,,,,16.1056,48639.2633
584,002370.SZ,20180807,12.4376,13.2548,12.4376,12.7166,12.4376,0.2789999999999999,2.2432,42839.64,54969.662,12.8083,33126.976,13.6128,32492.2385,13.6206,40309.9453,,,,,16.1913,48395.1896
585,002370.SZ,20180806,12.6568,12.8661,12.3578,12.4376,12.8362,-0.39860000000000007,-3.1053,17666.0,22186.324,12.9758,28970.904,13.75,30880.6523,13.6373,43467.3771,,,,,16.2751,48515.7204
586,002370.SZ,20180803,12.7067,13.1352,12.5871,12.8362,12.7366,0.09960000000000058,0.782,25933.92,33382.475,13.2688,29945.304,13.9348,30984.0369,13.7056,44717.7594,,,,,16.3681,49109.3571
587,002370.SZ,20180802,13.3445,13.3943,12.4176,12.7366,13.3146,-0.5780000000000012,-4.3411,42048.92,53657.706,13.502,28965.72,14.085,31101.9954,13.8103,44990.0559,,,,,16.4457,49527.6156
588,002370.SZ,20180801,13.5438,13.7431,13.2349,13.3146,13.5538,-0.2392000000000003,-1.7648,37146.4,50105.576,13.8408,26966.648,14.2407,30343.5723,13.9272,44303.2976,,,,,16.5231,49977.726
589,002370.SZ,20180731,13.8727,13.8926,13.5039,13.5538,13.9026,-0.3487999999999989,-2.5089,22059.28,30174.754,14.1378,27994.68,14.381,33269.7354,14.0333,43831.1388,,,,,16.578,49941.304
590,002370.SZ,20180730,14.1617,14.1717,13.7531,13.9026,14.0022,-0.09960000000000058,-0.7113,22538.0,31461.31,14.3331,32218.968,14.4162,35471.0723,14.1462,44587.0253,,,,,16.6366,49984.0869
591,002370.SZ,20180727,14.351,14.4308,13.9723,14.0022,14.4308,-0.4285999999999994,-2.97,21036.0,29869.542,14.1936,40026.388,14.3947,38935.7785,14.2343,44393.9571,,,,,16.6902,50122.2736
592,002370.SZ,20180726,15.0487,15.0487,14.351,14.4308,14.7995,-0.36870000000000047,-2.4913,32053.56,46719.888,14.2932,38226.188,14.3825,43365.3615,14.3196,44344.0747,,,,,16.7407,50461.8069
593,002370.SZ,20180725,14.9689,15.1284,14.6002,14.7995,14.5304,0.2690999999999999,1.852,42286.56,62917.824,14.3072,36193.28,14.2407,45116.4662,14.4053,44064.5588,,,,,16.793,50699.8061
594,002370.SZ,20180724,13.3943,14.5304,13.3345,14.5304,13.205,1.3254000000000001,10.0371,43180.72,60198.574,14.3152,31537.968,14.0858,44247.8692,14.4823,43305.4782,,,,,16.8421,50963.6957
595,002370.SZ,20180723,14.082,14.1517,13.0555,13.205,14.5005,-1.2955000000000005,-8.9342,61575.1,83143.829,14.367,28395.3,13.9647,42275.2892,14.5671,43907.4024,,,,,16.891,51193.7944
596,002370.SZ,20180720,14.6301,14.6301,14.3311,14.5005,14.5005,0.0,0.0,12035.0,17540.057,14.6779,22518.164,13.9601,39267.6046,14.7082,42882.8759,,,,,16.9554,51422.6107
597,002370.SZ,20180719,14.7298,14.9191,14.2913,14.5005,14.8394,-0.33889999999999887,-2.2838,21889.02,32025.658,14.8055,35148.468,13.8788,41703.4554,14.8155,43881.3694,,,,,17.016,52360.19
598,002370.SZ,20180718,14.7497,15.1483,14.66,14.8394,14.7896,0.0497999999999994,0.3367,19010.0,28369.365,14.7079,40905.996,13.8029,44009.0215,14.9164,44501.4576,,,,,17.0661,53028.3412
599,002370.SZ,20180717,14.8294,15.0985,14.4806,14.7896,14.7597,0.029899999999999594,0.2026,27467.38,40773.141,14.4647,50619.832,13.7025,45393.7985,15.0,45459.5459,,,,,17.1243,53473.5532
600,002370.SZ,20180716,15.0885,15.0985,14.7597,14.7597,15.1384,-0.37870000000000026,-2.5016,32189.42,48053.105,14.2753,60850.472,13.5676,45483.3231,15.0746,46042.0712,,,,,17.186,54108.9189
601,002370.SZ,20180713,13.9424,15.4174,13.9424,15.1384,14.0122,1.1262000000000008,8.0373,75186.52,112360.475,13.8408,65376.172,13.448,47172.6731,15.1624,46601.4541,,,,,17.2333,54471.9371
602,002370.SZ,20180712,13.4541,14.2514,13.4541,14.0122,13.6235,0.38870000000000005,2.8532,50676.66,71211.577,13.3704,56537.828,13.2824,42813.5777,15.2605,45729.0388,,,,,17.2757,54313.4831
603,002370.SZ,20180711,13.494,13.7531,13.2548,13.6235,13.8428,-0.2193000000000005,-1.5842,67579.18,92022.05,13.1591,49909.932,13.205,42510.7554,15.3985,45516.9006,,,,,17.339,54323.4425
604,002370.SZ,20180710,12.6768,13.8428,12.5771,13.8428,12.5871,1.255700000000001,9.9761,78620.58,105830.887,13.0635,40889.136,13.1728,41217.4623,15.5447,44560.7118,,,,,17.4033,54082.8629
605,002370.SZ,20180709,12.8063,13.0455,12.4376,12.5871,12.7864,-0.19930000000000092,-1.5587,54817.92,69505.222,12.9837,33905.232,13.1252,44270.7908,15.6897,44773.7818,,,,,17.4626,54347.6419
606,002370.SZ,20180706,12.9757,13.0854,12.607,12.7864,12.9558,-0.16939999999999955,-1.3075,30994.8,39960.477,13.1691,33313.924,13.1789,51607.2831,15.8632,44501.1968,,,,,17.5378,54545.0381
607,002370.SZ,20180705,13.1452,13.3544,12.8561,12.9558,13.1452,-0.1894000000000009,-1.4408,17537.18,22974.541,13.3186,34517.384,13.3307,53852.2215,16.034,45525.7735,,,,,17.5927,54546.0144
608,002370.SZ,20180704,13.4242,13.4342,13.1252,13.1452,13.4441,-0.2988999999999997,-2.2233,22475.2,29937.309,13.3345,36736.188,13.5952,55210.2846,16.2275,47638.0818,,,,,17.6422,54971.4445
609,002370.SZ,20180703,13.5139,13.6435,12.9359,13.4441,13.5139,-0.06979999999999897,-0.5165,43701.06,58270.686,13.3465,43071.342,13.8696,54919.8185,16.4353,48397.2524,,,,,17.694,54850.2955
610,002370.SZ,20180702,13.4541,13.9624,13.2548,13.5139,13.5338,-0.019899999999999807,-0.147,51861.38,70954.492,13.2548,38034.786,14.1372,53180.7369,16.6424,48591.8682,,,,,17.7437,55010.584
611,002370.SZ,20180629,13.0256,13.6335,13.0156,13.5338,13.0355,0.49829999999999863,3.8226,37012.1,49663.524,13.1531,37010.504,14.4354,52865.2015,16.8382,48757.0041,,,,,17.7874,55081.4547
612,002370.SZ,20180628,12.9757,13.2349,12.9757,13.0355,13.205,-0.16949999999999932,-1.2836,28631.2,37745.502,13.0874,39761.358,14.6944,51246.8615,17.0287,50973.8615,,,,,17.8308,55462.5496
613,002370.SZ,20180627,12.896,13.2947,12.8262,13.205,12.9857,0.2193000000000005,1.6888,54150.97,70594.205,13.1252,57697.888,14.9917,50532.1538,17.2441,53353.5588,,,,,17.8761,55986.3872
614,002370.SZ,20180626,12.9558,13.0455,12.7565,12.9857,13.0056,-0.019899999999999807,-0.153,18518.28,24013.281,13.1412,76906.158,15.3102,48101.3115,17.4195,54085.2818,,,,,17.8996,55486.9076
615,002370.SZ,20180625,13.2548,13.3046,12.8063,13.0056,13.205,-0.1994000000000007,-1.51,46739.97,60890.65,13.496,85238.302,15.651,47944.3531,17.5961,55247.9059,,,,,17.9282,55580.9953
616,002370.SZ,20180622,12.8063,13.2349,12.6768,13.205,13.2249,-0.019899999999999807,-0.1505,50766.37,65941.143,14.1737,82928.708,15.9902,49244.8277,17.7753,55997.2303,,,,,17.9512,55246.0723
617,002370.SZ,20180621,12.7166,13.6136,11.9592,13.2249,13.2847,-0.059800000000000963,-0.4501,118313.85,153502.666,14.8753,76515.262,16.3591,47396.7377,17.9516,56589.1191,,,,,17.9656,54663.654
618,002370.SZ,20180620,13.2847,13.6734,13.2847,13.2847,14.7597,-1.4749999999999996,-9.9934,150192.32,200254.863,15.6148,57071.092,16.7378,41832.8862,18.1201,55005.2868,,,,,17.9809,53351.2512
619,002370.SZ,20180619,16.5236,16.5236,14.7597,14.7597,16.3941,-1.6344000000000012,-9.9694,60179.0,94766.424,16.436,36584.512,17.0952,33585.1708,18.3059,52245.8003,,,,,17.9887,51465.1965
620,002370.SZ,20180615,16.713,16.992,16.2147,16.3941,16.713,-0.3188999999999993,-1.9081,35192.0,58282.718,16.8641,27743.448,17.3201,32924.0938,18.4572,52054.7479,,,,,17.9787,50940.3056
621,002370.SZ,20180614,16.9422,17.0917,16.5934,16.713,16.9223,-0.20929999999999893,-1.2368,18699.14,31475.921,16.9654,24573.048,17.3918,33853.42,18.5583,53955.8703,,,,,17.9466,50826.0584
622,002370.SZ,20180613,17.3907,17.4305,16.6432,16.9223,17.3907,-0.46839999999999904,-2.6934,21093.0,36057.302,17.0921,25343.224,17.471,36354.1354,18.632,55223.8559,,,,,17.8934,50801.6915
623,002370.SZ,20180612,16.9721,17.8392,16.8525,17.3907,16.9023,0.4883999999999986,2.8895,47759.42,83118.142,17.1907,24420.188,17.5905,38233.4738,18.6888,55626.4871,,,,,17.8387,51145.3365
624,002370.SZ,20180611,17.2373,17.376,16.8213,16.9005,16.9005,0.0,0.0,15973.68,27453.352,17.1957,27597.532,17.6915,37903.0538,18.735,55600.1079,,,,,17.7802,50580.5709
625,002370.SZ,20180608,17.4057,17.4355,16.9005,16.9005,17.3463,-0.4457999999999984,-2.57,19340.0,33348.765,17.4157,29751.036,17.8218,39371.9062,18.7906,56176.8388,,,,,17.7328,50605.2872
626,002370.SZ,20180607,17.4256,17.5345,17.0986,17.3463,17.4157,-0.06940000000000168,-0.3985,22550.02,39438.985,17.6653,35079.792,17.9658,44489.2108,18.8524,57133.8815,,,,,17.6897,50428.9251
627,002370.SZ,20180606,17.4454,17.4454,17.0986,17.4157,17.4157,0.0,0.0,16477.82,28700.876,17.7822,39164.192,18.0535,46258.4423,18.9133,58299.7265,,,,,17.6421,50265.8581
628,002370.SZ,20180605,17.9803,18.0299,17.1878,17.4157,18.0001,-0.5843999999999987,-3.2466,63646.14,112102.901,17.8357,46185.628,18.1442,50054.7954,18.9497,59500.4762,,,,,17.5945,50101.9832
629,002370.SZ,20180604,18.0893,18.2082,17.8813,18.0001,18.1487,-0.14860000000000184,-0.8188,26741.2,48684.823,17.8178,42911.048,18.3072,52032.4508,18.9829,59858.1544,,,,,17.5469,49329.768
630,002370.SZ,20180601,17.8317,18.3271,17.5444,18.1487,17.9308,0.2179000000000002,1.2152,45983.78,82490.321,17.7663,47804.496,18.4772,53689.82,18.966,60083.8471,,,,,17.492,49032.9965
631,002370.SZ,20180531,17.9308,18.1091,17.0392,17.9308,17.6831,0.2477000000000018,1.4008,42972.02,76001.498,17.8317,47712.62,18.657,54023.2215,18.9602,59474.5594,,,,,17.4363,48869.4325
632,002370.SZ,20180530,17.2869,17.6831,16.7717,17.6831,17.3265,0.35660000000000025,2.0581,51585.0,88943.295,17.9863,47811.008,18.8292,55138.9123,18.9599,59178.3824,,,,,17.3824,48372.3395
633,002370.SZ,20180529,17.6831,18.1388,17.1977,17.3265,17.7426,-0.41610000000000014,-2.3452,47273.24,83881.351,18.1686,44507.76,19.0083,59815.8546,18.9631,59028.8529,,,,,17.3324,47781.9421
634,002370.SZ,20180528,18.4261,18.5054,17.5345,17.7426,18.4757,-0.7331000000000003,-3.9679,51208.44,93221.346,18.4578,52226.104,19.2415,64605.6754,18.9934,59106.2135,,,,,17.2852,47206.4189
635,002370.SZ,20180525,18.3271,18.6936,18.1586,18.4757,18.7035,-0.22779999999999845,-1.218,45524.4,84712.385,18.6064,51094.422,19.3512,66745.7608,19.015,59425.9147,,,,,17.234,46624.0397
636,002370.SZ,20180524,18.6044,18.9016,16.7321,18.7035,18.5945,0.10899999999999821,0.5862,43463.96,81107.117,18.6302,55155.624,19.3909,67709.0762,19.0068,59864.5535,,,,,17.1737,46198.6611
637,002370.SZ,20180523,18.7728,18.9809,18.3469,18.5945,18.7728,-0.17830000000000013,-0.9498,35068.76,66115.003,18.7966,64333.964,19.4213,69920.8485,18.9873,60901.9759,,,,,17.1115,45703.1928
638,002370.SZ,20180522,18.4856,19.0601,18.0299,18.7728,18.4856,0.28719999999999857,1.5536,85864.96,160937.465,19.1196,66977.612,19.4678,72676.3738,19.0004,62292.7021,,,,,17.0515,45294.1293
639,002370.SZ,20180521,18.545,18.8224,18.2775,18.4856,18.5945,-0.10889999999999844,-0.5857,45550.03,84758.844,19.4623,59868.22,19.4816,71030.1115,18.9853,61884.9197,,,,,16.9897,44257.4765
640,002370.SZ,20180518,19.4465,19.4762,18.4063,18.5945,19.5356,-0.9410999999999987,-4.8174,65830.41,124574.234,19.7992,62253.414,19.5677,71862.4,19.0065,62086.4159,,,,,16.9321,43805.0284
641,002370.SZ,20180517,20.1598,20.1994,18.7233,19.5356,20.2093,-0.6737000000000002,-3.3336,89355.66,175806.658,20.0825,71564.382,19.6683,70928.0008,19.0307,62359.6335,,,,,16.8741,43073.9829
642,002370.SZ,20180516,20.4966,20.5065,19.9418,20.2093,20.4867,-0.2774000000000001,-1.354,48287.0,98277.436,20.247,75601.432,19.6911,71733.7315,18.9946,61479.0488,,,,,16.8059,42610.8713
643,002370.SZ,20180515,20.2786,20.6056,19.9913,20.4867,20.1697,0.31700000000000017,1.5717,50318.0,103405.701,20.0389,81749.942,19.6149,72774.0123,18.9389,61920.6803,,,,,16.7231,42298.482
644,002370.SZ,20180514,20.3183,20.4074,19.8229,20.1697,20.0112,0.15850000000000009,0.7921,57476.0,116747.199,19.7397,83295.842,19.4892,71578.9708,18.8882,61953.1985,,,,,16.6367,41699.4263
645,002370.SZ,20180511,20.5065,21.2495,19.6942,20.0112,20.3579,-0.346700000000002,-1.703,112385.25,233175.028,19.5258,86244.042,19.3962,70762.55,18.8375,61719.6606,,,,,16.5566,41003.1996
646,002370.SZ,20180510,19.2385,20.3678,19.2186,20.3579,19.1691,1.1888000000000005,6.2016,109540.91,219183.473,19.3633,77945.11,19.3025,64854.6485,18.7868,61310.6532,,,,,16.4781,39583.3699
647,002370.SZ,20180509,19.0304,19.2781,18.8323,19.1691,18.9908,0.17830000000000013,0.9389,79029.55,152069.162,19.0819,68929.638,19.1981,60419.1515,18.7242,60136.5865,,,,,,
648,002370.SZ,20180508,19.0998,19.1691,18.5648,18.9908,19.0998,-0.10899999999999821,-0.5707,58047.5,110183.63,19.1691,64397.684,19.2171,59123.7054,18.6575,58725.9532,,,,,,
649,002370.SZ,20180507,19.2186,19.7932,18.9016,19.0998,19.1988,-0.0990000000000002,-0.5157,72217.0,141175.648,19.3514,63524.828,19.1912,59066.46,18.5893,58472.9221,,,,,,
650,002370.SZ,20180504,18.9512,19.4861,18.7629,19.1988,18.9512,0.2475999999999985,1.3065,70890.59,136823.723,19.498,69047.46,19.1485,59342.6292,18.5284,56742.6874,,,,,,
651,002370.SZ,20180503,19.6149,19.7635,18.3271,18.9512,19.605,-0.6538000000000004,-3.3349,64463.55,122977.379,19.502,67231.472,19.0121,56536.7954,18.4687,56296.5729,,,,,,
652,002370.SZ,20180502,19.9616,20.1102,19.3871,19.605,19.9022,-0.29720000000000013,-1.4933,56369.78,112403.435,19.4821,61295.254,18.9352,53521.7531,18.4051,56082.2532,,,,,,
653,002370.SZ,20180427,19.7833,20.1201,19.6149,19.9022,19.8328,0.06940000000000168,0.3499,53683.22,107647.911,19.3534,59393.804,18.8056,51716.5392,18.3224,56353.5603,,,,,,
654,002370.SZ,20180426,19.6644,21.1405,19.3177,19.8328,19.2186,0.6142000000000003,3.1959,99830.16,201154.526,19.1315,55773.666,18.6433,51164.0608,18.2204,56772.2603,,,,,,
655,002370.SZ,20180425,18.7927,19.2186,18.5054,19.2186,18.8521,0.3664999999999985,1.9441,61810.65,118272.764,18.965,46183.524,18.5298,47323.5485,18.0774,54326.9615,,,,,,
656,002370.SZ,20180424,18.9611,19.2186,18.6242,18.8521,18.9611,-0.10899999999999821,-0.5749,34782.46,66362.2,19.0047,46259.144,18.4726,47344.1354,17.957,53261.2029,,,,,,
657,002370.SZ,20180423,18.8422,19.3078,18.4856,18.9611,18.7927,0.16839999999999833,0.8961,46862.53,89712.216,18.9651,50763.314,18.4223,49317.6477,17.8358,52874.0935,,,,,,
658,002370.SZ,20180420,19.0007,19.3177,18.6242,18.7927,19.0007,-0.2079999999999984,-1.0947,35582.53,67897.88,18.8818,56552.248,18.3515,51769.4777,17.6983,51704.1662,,,,,,
659,002370.SZ,20180419,19.6347,19.6347,18.6738,19.0007,19.4168,-0.41610000000000014,-2.143,51879.45,99465.495,18.6084,56318.692,18.3705,55367.2408,17.5683,51242.4341,,,,,,
660,002370.SZ,20180418,18.7927,19.5852,18.4063,19.4168,18.654,0.7627999999999986,4.0892,62188.75,119460.655,18.3984,50996.402,18.3134,56915.0031,17.4174,49973.5744,,,,,,
661,002370.SZ,20180417,18.7927,19.3078,18.337,18.654,18.545,0.10899999999999821,0.5878,57303.31,108527.439,18.0992,45139.052,18.2973,56162.0915,17.2583,48756.6165,,,,,,
662,002370.SZ,20180416,17.4355,18.6837,17.1878,18.545,17.4256,1.1194000000000024,6.4239,75807.2,140113.118,17.9268,42978.59,18.356,57532.5915,17.1211,47854.2679,,,,,,
663,002370.SZ,20180413,17.9605,18.0299,16.8411,17.4256,17.9506,-0.5250000000000021,-2.9247,34414.75,61002.405,17.8892,37797.85,18.3377,56271.7131,16.9498,46120.8685,,,,,,
664,002370.SZ,20180412,17.9209,18.1884,17.7327,17.9506,17.9209,0.029700000000001836,0.1657,25268.0,45798.683,18.0992,43330.556,18.4063,58493.8454,16.8143,46487.0929,,,,,,
665,002370.SZ,20180411,17.8119,18.119,17.7327,17.9209,17.7921,0.12879999999999825,0.7239,32902.0,59554.695,18.1488,50364.58,18.4688,60505.8162,16.6689,45902.7988,,,,,,
666,002370.SZ,20180410,18.5351,18.5945,17.5841,17.7921,18.3568,-0.5646999999999984,-3.0762,46501.0,84564.318,18.1725,59531.444,18.5092,61785.3323,16.5343,45459.4282,,,,,,
667,002370.SZ,20180409,18.2478,18.7035,18.0497,18.3568,18.4757,-0.1189,-0.6435,49903.5,92391.704,18.4222,66701.934,18.5473,65783.64,16.4131,44271.5412,,,,,,
668,002370.SZ,20180404,18.8224,19.0502,18.3667,18.4757,18.1983,0.2774000000000001,1.5243,62078.28,116594.447,18.4024,71121.306,18.5374,67300.4969,16.2782,43107.3206,,,,,,
669,002370.SZ,20180403,17.911,18.5252,17.8317,18.1983,18.0398,0.15850000000000009,0.8786,60438.12,111040.29,18.549,69185.83,18.4162,64915.0923,16.1421,41404.6418,,,,,,
670,002370.SZ,20180402,18.8224,19.4168,17.911,18.0398,19.0403,-1.0004999999999988,-5.2546,78736.32,147292.497,18.7927,72122.168,18.2988,64069.4246,16.0142,39795.5794,,,,,,
671,002370.SZ,20180330,18.2577,19.2682,18.0299,19.0403,18.2577,0.7825999999999986,4.2864,82353.45,154595.689,18.8461,68258.06,18.2211,59042.7092,15.8918,37611.6682,,,,,,
672,002370.SZ,20180329,19.1097,19.2087,17.8614,18.2577,19.2087,-0.9510000000000005,-4.9509,72000.36,133163.797,18.7015,64447.864,18.0771,56994.19,15.7426,36181.1691,,,,,,
673,002370.SZ,20180328,19.2087,19.9616,18.9214,19.2087,19.4168,-0.20809999999999818,-1.0718,52400.9,103261.915,18.8025,60332.516,17.9643,55853.9069,15.6141,34230.8656,,,,,,
674,002370.SZ,20180327,18.6044,19.6644,18.3271,19.4168,18.3072,1.1095999999999968,6.061,75119.81,144908.247,18.65,59759.478,17.7784,56868.7777,15.4591,32904.5215,,,,,,
675,002370.SZ,20180326,17.8218,18.5648,17.7723,18.3072,18.3171,-0.009899999999998244,-0.054,59415.78,109410.98,18.4241,64431.316,17.549,56314.8708,15.2933,30815.9682,,,,,,
676,002370.SZ,20180323,18.4459,18.7629,17.6039,18.3171,18.7629,-0.4457999999999984,-2.376,63302.47,116747.296,18.4083,66472.688,17.2922,53028.2723,15.164,29289.9159,,,,,,
677,002370.SZ,20180322,18.1388,18.8917,18.1388,18.7629,18.4459,0.3169999999999966,1.7185,51423.62,96895.515,18.1249,60025.798,17.0468,50126.1485,15.0355,27828.6962,,,,,,
678,002370.SZ,20180321,18.5945,18.8224,17.9308,18.4459,18.2874,0.15850000000000009,0.8667,49535.71,92046.701,17.7069,59629.962,16.7367,47833.6192,14.8965,26501.6438,,,,,,
679,002370.SZ,20180320,18.1289,18.545,17.8813,18.2874,18.228,0.05940000000000012,0.3259,98479.0,182790.498,17.4236,52400.624,16.4166,44568.18,14.7686,25173.7994,,,,,,
680,002370.SZ,20180319,16.8906,18.3766,16.8411,18.228,16.9005,1.3275000000000006,7.8548,69622.64,124548.609,17.1997,43849.364,16.1156,38522.3831,14.6465,22516.0641,,,,,,
681,002370.SZ,20180316,16.7123,17.0095,16.6826,16.9005,16.6727,0.227800000000002,1.3663,31068.02,52719.518,16.9124,41360.172,15.7803,33838.9662,14.527,20809.9988,,,,,,
682,002370.SZ,20180315,17.0392,17.0689,16.3557,16.6727,17.0293,-0.35660000000000025,-2.094,49444.44,82373.328,16.8906,48265.412,15.5578,33050.0554,14.4489,20219.8218,,,,,,
683,002370.SZ,20180314,17.168,17.3166,16.96,17.0293,17.168,-0.13870000000000005,-0.8079,13389.02,23046.387,16.843,51960.328,15.3513,31294.5954,14.3828,20372.1115,,,,,,
684,002370.SZ,20180313,16.7915,17.3958,16.3557,17.168,16.7915,0.37650000000000006,2.2422,55722.7,95351.109,16.4309,52620.524,15.0198,31562.4877,14.2936,20709.4285,,,,,,
685,002370.SZ,20180312,16.8609,17.2968,16.7024,16.7915,16.7915,0.0,0.0,57176.68,98471.103,16.0228,46590.956,14.6853,30881.2323,14.2007,19229.0203,,,,,,
686,002370.SZ,20180309,16.2962,16.9996,16.108,16.7915,16.4349,0.35660000000000025,2.1698,65594.22,110355.709,15.6107,39479.768,14.3942,26898.5646,14.1232,17702.0297,,,,,,
687,002370.SZ,20180308,15.0183,16.4547,15.0183,16.4349,14.9687,1.4661999999999988,9.7951,67919.02,109514.521,15.1094,27777.924,14.129,23224.1938,14.0448,15946.2591,,,,,,
688,002370.SZ,20180307,15.2263,15.2263,14.8895,14.9687,15.1272,-0.15850000000000009,-1.0478,16690.0,25261.527,14.6973,18170.848,13.9164,18469.8723,,,,,,,,
689,002370.SZ,20180306,14.7805,15.2957,14.5923,15.1272,14.731,0.39620000000000033,2.6896,25574.86,38921.463,14.4774,16580.492,13.8242,17979.8723,,,,,,,,
690,002370.SZ,20180305,14.2852,14.84,14.196,14.731,14.2852,0.4458000000000002,3.1207,21620.74,31927.173,14.2535,15627.956,13.7259,16334.6677,,,,,,,,
691,002370.SZ,20180302,14.5031,14.5031,14.1564,14.2852,14.3744,-0.08919999999999995,-0.6205,7085.0,10201.654,14.1049,16628.5,13.658,15112.3031,,,,,,,,
692,002370.SZ,20180301,13.8592,14.4437,13.8592,14.3744,13.8691,0.5053000000000001,3.6434,19883.64,28626.95,13.7919,18585.824,13.6268,14912.1754,,,,,,,,
693,002370.SZ,20180228,13.9087,14.0078,13.671,13.8691,14.0078,-0.13870000000000005,-0.9902,8738.22,12188.776,13.4808,23982.372,13.5956,15976.24,,,,,,,,
694,002370.SZ,20180227,13.8691,14.4536,13.8691,14.0078,13.988,0.01980000000000004,0.1415,20812.18,29659.577,13.3084,23315.128,13.5971,15741.7646,,,,,,,,
695,002370.SZ,20180226,12.7398,13.988,12.5813,13.988,12.72,1.267999999999999,9.9686,26623.46,35780.462,13.1757,22718.172,13.5917,14702.7662,,,,,,,,
696,002370.SZ,20180223,12.4525,12.8091,12.3931,12.72,12.819,-0.0990000000000002,-0.7723,16871.62,21373.69,13.1123,18616.048,13.5757,12970.8846,,,,,,,,
697,002370.SZ,20180222,12.9973,12.9973,12.0562,12.819,13.0073,-0.1882999999999999,-1.4476,46866.38,58205.882,13.3223,17305.724,13.6672,12252.2985,,,,,,,,
698,002370.SZ,20180201,13.2252,13.2846,12.7794,13.0073,13.3441,-0.33679999999999843,-2.524,5402.0,7106.187,13.5284,8769.888,13.7541,9694.9615,,,,,,,,
699,002370.SZ,20180131,13.6908,13.6908,12.7497,13.3441,13.671,-0.3269000000000002,-2.3912,17827.4,23670.198,13.6968,8835.488,13.8333,9764.3338,,,,,,,,
700,002370.SZ,20180130,13.8295,13.8295,13.5323,13.671,13.7701,-0.09909999999999997,-0.7197,6112.84,8406.087,13.8037,6166.676,13.8912,8730.6108,,,,,,,,
701,002370.SZ,20180129,13.8394,13.9979,13.5521,13.7701,13.8493,-0.07920000000000016,-0.5719,10320.0,14262.91,13.8632,11687.404,13.927,8884.7,,,,,,,,
702,002370.SZ,20180126,13.8493,13.8889,13.78,13.8493,13.8493,0.0,0.0,4187.2,5842.082,13.8869,10761.412,13.9575,8984.4246,,,,,,,,
703,002370.SZ,20180125,13.9286,13.9286,13.7701,13.8493,13.879,-0.02970000000000006,-0.214,5730.0,8004.026,13.9048,11385.012,13.988,9508.64,,,,,,,,
704,002370.SZ,20180124,13.9286,13.9385,13.7602,13.879,13.9682,-0.08919999999999995,-0.6386,4483.34,6274.295,13.8909,11060.812,14.0322,13269.5854,,,,,,,,
705,002370.SZ,20180123,13.8889,14.0276,13.7304,13.9682,13.8889,0.07929999999999993,0.571,33716.48,47164.213,13.8969,11670.144,14.0413,14836.8515,,,,,,,,
706,002370.SZ,20180122,13.9385,13.9385,13.8196,13.8889,13.9385,-0.049599999999999866,-0.3558,5690.04,7964.799,13.8929,7651.048,14.0444,12657.8008,,,,,,,,
707,002370.SZ,20180119,13.8691,14.0177,13.7701,13.9385,13.78,0.15850000000000009,1.1502,7305.2,10254.762,13.9226,7773.808,14.065,12624.6438,,,,,,,,
708,002370.SZ,20180118,13.9682,13.9682,13.7403,13.78,13.9087,-0.12870000000000026,-0.9253,4109.0,5724.876,13.9543,7190.568,14.0794,12516.3992,,,,,,,,
709,002370.SZ,20180117,13.8097,13.9087,13.6809,13.9087,13.9484,-0.039699999999999847,-0.2846,7530.0,10479.382,14.0256,7991.968,,,,,,,,,,
710,002370.SZ,20180116,14.0276,14.0276,13.7502,13.9484,14.0375,-0.08910000000000018,-0.6347,13621.0,19041.152,14.0772,8809.252,,,,,,,,,,
711,002370.SZ,20180115,14.1366,14.1366,13.9286,14.0375,14.097,-0.059499999999999886,-0.4221,6303.84,8907.739,14.1366,8285.452,,,,,,,,,,
712,002370.SZ,20180112,14.1168,14.1168,13.988,14.097,14.1366,-0.03960000000000008,-0.2801,4389.0,6223.745,14.2139,17949.142,,,,,,,,,,
713,002370.SZ,20180111,14.1069,14.2258,14.0573,14.1366,14.1663,-0.02970000000000006,-0.2097,8116.0,11560.156,14.1941,22042.902,,,,,,,,,,
714,002370.SZ,20180110,14.3149,14.3446,14.0474,14.1663,14.2456,-0.07929999999999993,-0.5567,11616.42,16595.294,14.1683,21497.466,,,,,,,,,,
715,002370.SZ,20180109,14.3545,14.3545,14.1465,14.2456,14.4239,-0.17830000000000013,-1.2361,11002.0,15833.536,14.1663,20225.982,,,,,,,,,,
716,002370.SZ,20180108,14.0177,14.4734,13.8691,14.4239,13.9979,0.42600000000000016,3.0433,54622.29,77997.316,14.1425,19205.186,,,,,,,,,,
717,002370.SZ,20180105,13.8691,14.0375,13.8691,13.9979,14.0078,-0.00990000000000002,-0.0707,24857.8,35011.89,,,,,,,,,,,,
718,002370.SZ,20180104,14.1762,14.1762,13.9484,14.0078,14.1564,-0.14860000000000007,-1.0497,5388.82,7631.497,,,,,,,,,,,,
719,002370.SZ,20180103,14.2555,14.2555,14.0673,14.1564,14.1267,0.02970000000000006,0.2102,5259.0,7507.165,,,,,,,,,,,,
720,002370.SZ,20180102,14.2258,14.4239,14.1069,14.1267,14.2258,-0.09909999999999997,-0.6966,5898.02,8465.565,,,,,,,,,,,,
