,ts_code,trade_date,open,high,low,close,pre_close,change,pct_chg,vol,amount,ma5,ma_v_5,ma13,ma_v_13,ma34,ma_v_34
0,000552.SZ,20171229,3.51,3.53,3.49,3.52,3.52,0.0,0.0,90148.18,31599.444,3.464,114457.254,3.4585,98125.5992,3.5079,102121.5779
1,000552.SZ,20171228,3.44,3.54,3.43,3.52,3.46,0.06000000000000005,1.7341,193225.28,67504.712,3.452,111649.676,3.4531,96642.75,3.5138,103667.9141
2,000552.SZ,20171227,3.41,3.51,3.4,3.46,3.42,0.040000000000000036,1.1696,163211.34,56589.396,3.436,85245.536,3.4523,88018.57,3.52,101176.8471
3,000552.SZ,20171226,3.4,3.42,3.38,3.42,3.4,0.020000000000000018,0.5882,53127.65,18070.116,3.43,71946.812,3.4562,80210.5446,3.5294,100128.5288
4,000552.SZ,20171225,3.46,3.46,3.39,3.4,3.46,-0.06000000000000005,-1.7341,72573.82,24789.439,3.442,82145.24,3.46,81653.9562,3.5391,101356.4071
5,000552.SZ,20171222,3.44,3.47,3.41,3.46,3.44,0.020000000000000018,0.5814,76110.29,26208.056,3.462,98518.24,3.47,82668.5169,3.5494,102173.2847
6,000552.SZ,20171221,3.43,3.45,3.38,3.44,3.43,0.009999999999999787,0.2915,61204.58,20917.997,3.452,99766.194,3.4731,84178.6485,3.5565,102248.1612
7,000552.SZ,20171220,3.48,3.49,3.41,3.43,3.48,-0.04999999999999982,-1.4368,96717.72,33374.092,3.454,99535.518,3.4831,87082.2662,3.5629,103301.9362
8,000552.SZ,20171219,3.5,3.5,3.47,3.48,3.5,-0.020000000000000018,-0.5714,104119.79,36222.819,3.462,93862.786,3.4962,88643.1031,3.5709,103476.2291
9,000552.SZ,20171218,3.43,3.5,3.42,3.5,3.41,0.08999999999999986,2.6393,154438.82,53543.958,3.456,87213.056,3.5062,91879.8831,3.5776,102950.2868
10,000552.SZ,20171215,3.45,3.46,3.39,3.41,3.45,-0.040000000000000036,-1.1594,82350.06,28149.19,3.458,72547.48,3.5131,92960.92,3.5841,101058.3221
11,000552.SZ,20171214,3.46,3.48,3.44,3.45,3.47,-0.020000000000000018,-0.5764,60051.2,20758.721,3.478,68418.87,3.5246,96532.6331,3.5915,102616.1729
12,000552.SZ,20171213,3.45,3.48,3.43,3.47,3.45,0.020000000000000018,0.5797,68354.06,23593.897,3.482,70787.03,3.5269,99019.4146,3.6012,103682.6721
13,000552.SZ,20171212,3.51,3.51,3.44,3.45,3.51,-0.05999999999999961,-1.7094,70871.14,24619.07,3.494,74268.84,3.5285,99533.8877,3.6124,104659.5056
14,000552.SZ,20171211,3.52,3.52,3.49,3.51,3.51,0.0,0.0,81110.94,28404.686,3.504,79243.012,3.5285,103658.6254,3.6229,105097.2988
15,000552.SZ,20171208,3.47,3.52,3.45,3.51,3.47,0.03999999999999959,1.1527,61707.01,21527.903,3.516,82811.146,3.5285,104023.3223,3.6318,105088.5238
16,000552.SZ,20171207,3.52,3.52,3.46,3.47,3.53,-0.05999999999999961,-1.6997,71892.0,25099.231,3.534,93871.464,3.5277,105159.8085,3.6409,105271.2015
17,000552.SZ,20171206,3.5,3.54,3.45,3.53,3.5,0.029999999999999805,0.8571,85763.11,29949.681,3.562,108732.65,3.53,106896.9292,3.6512,105589.9771
18,000552.SZ,20171205,3.56,3.57,3.48,3.5,3.57,-0.06999999999999984,-1.9608,95742.0,33825.55,3.574,125278.488,3.5254,113198.5346,3.6576,106809.2576
19,000552.SZ,20171204,3.6,3.64,3.56,3.57,3.6,-0.03000000000000025,-0.8333,98951.61,35689.29,3.586,131886.554,3.5369,111962.6538,3.6679,107363.2362
20,000552.SZ,20171201,3.6,3.61,3.55,3.6,3.61,-0.009999999999999787,-0.277,117008.6,41930.984,3.568,130572.104,3.5438,113708.9115,3.6782,106768.7318
21,000552.SZ,20171130,3.61,3.63,3.57,3.61,3.59,0.020000000000000018,0.5571,146197.93,52621.448,3.546,122178.826,3.5515,116419.5731,3.6876,107857.5241
22,000552.SZ,20171129,3.56,3.61,3.53,3.59,3.56,0.029999999999999805,0.8427,168492.3,60248.946,3.514,117837.786,3.56,116152.3177,3.6982,106352.85
23,000552.SZ,20171128,3.49,3.58,3.46,3.56,3.48,0.08000000000000007,2.2989,128782.33,45485.117,3.498,101309.726,3.5708,111539.7562,3.7085,107443.3432
24,000552.SZ,20171127,3.5,3.53,3.47,3.48,3.49,-0.010000000000000231,-0.2865,92379.36,32372.077,3.486,90849.526,3.5877,111446.3862,3.7212,107636.7215
25,000552.SZ,20171124,3.45,3.51,3.41,3.49,3.45,0.040000000000000036,1.1594,75042.21,25972.992,3.49,91268.568,3.6085,111638.3977,3.7368,109610.5906
26,000552.SZ,20171123,3.51,3.55,3.44,3.45,3.51,-0.05999999999999961,-1.7094,124492.73,43647.535,3.486,109796.922,3.6285,113584.9708,3.7532,112000.0297
27,000552.SZ,20171122,3.51,3.53,3.48,3.51,3.5,0.009999999999999787,0.2857,85852.0,30108.476,3.526,100833.486,3.6477,110059.0754,3.7706,111582.8732
28,000552.SZ,20171121,3.48,3.52,3.45,3.5,3.5,0.0,0.0,76481.33,26697.859,3.556,107993.678,3.6592,110919.1469,3.7853,112242.5653
29,000552.SZ,20171120,3.46,3.51,3.37,3.5,3.47,0.029999999999999805,0.8646,94474.57,32534.495,3.596,123146.852,3.6746,112931.6354,3.8021,113902.795
30,000552.SZ,20171117,3.65,3.65,3.46,3.47,3.65,-0.17999999999999972,-4.9315,167683.98,59182.819,3.64,132796.66,3.6908,112298.0338,3.8176,114676.8153
31,000552.SZ,20171116,3.66,3.67,3.64,3.65,3.66,-0.010000000000000231,-0.2732,79675.55,29125.582,3.692,120965.664,3.71,106330.96,3.8324,113341.2635
32,000552.SZ,20171115,3.69,3.69,3.64,3.66,3.7,-0.040000000000000036,-1.0811,121652.96,44576.005,3.718,130544.258,3.7108,110611.0708,3.8438,114985.0376
33,000552.SZ,20171114,3.7,3.75,3.69,3.7,3.72,-0.020000000000000018,-0.5376,152247.2,56553.84,3.736,125188.768,3.72,108661.7792,3.8556,115986.5035
34,000552.SZ,20171113,3.72,3.73,3.66,3.72,3.73,-0.009999999999999787,-0.2681,142723.61,52717.289,3.746,114808.86,3.7315,104763.2562,3.8688,116090.1862
35,000552.SZ,20171110,3.76,3.77,3.71,3.73,3.78,-0.04999999999999982,-1.3228,108529.0,40455.608,3.742,101995.356,3.7385,100381.1408,3.88,117500.8291
36,000552.SZ,20171109,3.75,3.83,3.74,3.78,3.75,0.029999999999999805,0.8,127568.52,48364.789,3.728,99696.142,3.7446,98249.1092,3.8906,119879.7853
37,000552.SZ,20171108,3.74,3.78,3.73,3.75,3.75,0.0,0.0,94875.51,35679.937,3.712,94711.174,3.7477,93660.6115,3.8994,124273.2762
38,000552.SZ,20171107,3.71,3.77,3.68,3.75,3.7,0.04999999999999982,1.3514,100347.66,37451.229,3.704,92983.622,3.7531,92726.37,3.9115,133870.1753
39,000552.SZ,20171106,3.67,3.7,3.62,3.7,3.66,0.040000000000000036,1.0929,78656.09,28782.639,3.698,90936.494,3.7531,94793.3692,3.9265,138549.8203
40,000552.SZ,20171103,3.69,3.72,3.62,3.66,3.7,-0.040000000000000036,-1.0811,97032.93,35566.857,3.69,102268.674,3.7646,97556.5369,3.9418,151194.9838
41,000552.SZ,20171102,3.71,3.73,3.68,3.7,3.71,-0.009999999999999787,-0.2695,102643.68,38054.232,3.714,102124.522,3.7846,96149.27,3.9597,156928.4424
42,000552.SZ,20171101,3.72,3.75,3.7,3.71,3.72,-0.010000000000000231,-0.2688,86237.75,32148.096,3.744,101909.066,3.8015,100101.8746,3.9753,166404.2903
43,000552.SZ,20171031,3.66,3.73,3.64,3.72,3.66,0.06000000000000005,1.6393,90112.02,33243.33,3.764,101812.738,3.8215,100778.8946,3.9894,178513.0935
44,000552.SZ,20171030,3.79,3.8,3.63,3.66,3.78,-0.11999999999999966,-3.1746,135316.99,49919.598,3.782,99952.852,3.8385,109660.2062,4.0062,193112.1132
45,000552.SZ,20171027,3.83,3.84,3.77,3.78,3.85,-0.07000000000000028,-1.8182,96312.17,36663.884,3.814,86473.064,3.8638,109663.2985,4.0271,219593.6624
46,000552.SZ,20171026,3.8,3.85,3.79,3.85,3.81,0.040000000000000036,1.0499,101566.4,38811.199,3.822,83756.704,3.8815,114523.2015,4.0391,234013.5721
47,000552.SZ,20171025,3.81,3.82,3.78,3.81,3.81,0.0,0.0,85756.11,32598.822,3.802,88887.154,3.8969,118732.1815,4.0491,260658.4729
48,000552.SZ,20171024,3.8,3.84,3.75,3.81,3.82,-0.009999999999999787,-0.2618,80812.59,30723.612,3.81,94651.386,3.9146,120620.8969,4.0556,267206.4832
49,000552.SZ,20171023,3.81,3.84,3.77,3.82,3.82,0.0,0.0,67918.05,25863.261,3.832,94236.56,3.93,122733.8923,4.0615,278225.9515
50,000552.SZ,20171020,3.75,3.83,3.73,3.82,3.75,0.06999999999999984,1.8667,82730.37,31259.284,3.852,111458.458,3.9492,127734.7454,4.0635,283344.4324
51,000552.SZ,20171019,3.83,3.85,3.73,3.75,3.85,-0.10000000000000009,-2.5974,127218.65,48168.595,3.882,113920.186,3.9654,130662.5062,4.0665,287680.62
52,000552.SZ,20171018,3.93,3.93,3.83,3.85,3.92,-0.06999999999999984,-1.7857,114577.27,44436.097,3.92,129590.27,3.9823,130282.2423,4.0703,292872.9109
53,000552.SZ,20171017,3.91,3.94,3.88,3.92,3.92,0.0,0.0,78738.46,30797.547,3.948,133746.254,3.9969,131896.5962,4.0682,293780.3615
54,000552.SZ,20171016,3.98,3.98,3.89,3.92,3.97,-0.050000000000000266,-1.2594,154027.54,60521.847,3.966,149896.744,4.0077,137816.93,4.065,299582.9624
55,000552.SZ,20171013,3.95,3.98,3.94,3.97,3.94,0.03000000000000025,0.7614,95039.01,37570.365,3.992,150347.864,4.0254,137951.1508,4.0644,300842.9959
56,000552.SZ,20171012,4.0,4.0,3.89,3.94,3.99,-0.050000000000000266,-1.2531,205569.07,80875.427,4.006,153401.944,4.0354,145308.5708,4.0629,304770.9241
57,000552.SZ,20171011,4.01,4.02,3.98,3.99,4.01,-0.019999999999999574,-0.4988,135357.19,54126.852,4.02,133944.436,4.0469,144065.8354,4.0612,305301.9847
58,000552.SZ,20171010,4.03,4.05,3.98,4.01,4.05,-0.040000000000000036,-0.9877,159490.91,63787.717,4.036,133458.826,4.0538,154957.3754,4.0594,311149.3085
59,000552.SZ,20171009,4.06,4.08,4.04,4.05,4.04,0.009999999999999787,0.2475,156283.14,63452.191,4.04,125718.896,4.0654,175086.5423,4.0556,313292.3306
60,000552.SZ,20170929,4.03,4.06,4.0,4.04,4.01,0.03000000000000025,0.7481,110309.41,44517.222,4.024,118917.312,4.0815,183022.8846,4.0509,317024.5024
61,000552.SZ,20170928,4.06,4.06,4.01,4.01,4.07,-0.0600000000000005,-1.4742,108281.53,43576.782,4.024,123968.204,4.0954,213659.98,4.0476,320996.8597
62,000552.SZ,20170927,4.01,4.09,4.01,4.07,4.03,0.040000000000000036,0.9926,132929.14,54005.347,4.034,133452.458,4.1154,227789.9023,4.0444,338994.9032
63,000552.SZ,20170926,3.99,4.04,3.98,4.03,3.97,0.06000000000000005,1.5113,120791.26,48544.725,4.05,138021.112,4.1277,250243.2385,4.0485,353490.16
64,000552.SZ,20170925,4.03,4.04,3.97,3.97,4.04,-0.06999999999999984,-1.7327,122275.22,48927.103,4.064,151999.954,4.14,279254.4538,4.0565,378372.0815
65,000552.SZ,20170922,4.05,4.06,4.0,4.04,4.06,-0.019999999999999574,-0.4926,135563.87,54638.456,4.088,165427.612,4.1646,314962.4131,4.0612,392209.2785
66,000552.SZ,20170921,4.13,4.15,4.05,4.06,4.15,-0.09000000000000075,-2.1687,155702.8,63761.506,4.096,193704.28,4.19,384202.8585,4.065,406127.0379
67,000552.SZ,20170920,4.09,4.16,4.09,4.15,4.1,0.05000000000000071,1.2195,155772.41,64398.777,4.116,246797.736,4.2,417347.9585,4.0647,429690.8041
68,000552.SZ,20170919,4.1,4.14,4.07,4.1,4.09,0.009999999999999787,0.2445,190685.47,78412.338,4.138,267534.372,4.2031,482864.9292,4.0624,440433.3418
69,000552.SZ,20170918,4.03,4.11,4.03,4.09,4.08,0.009999999999999787,0.2451,189413.51,77134.297,4.162,331115.608,4.1977,491919.0054,4.0579,447905.67
70,000552.SZ,20170915,4.16,4.17,4.06,4.08,4.16,-0.08000000000000007,-1.9231,276947.21,113412.558,4.198,351627.01,4.1915,512385.2362,4.0535,455392.0853
71,000552.SZ,20170914,4.25,4.26,4.11,4.16,4.26,-0.09999999999999964,-2.3474,421170.08,176007.789,4.228,381202.07,4.1769,509692.8662,4.0529,464008.0576
72,000552.SZ,20170913,4.21,4.3,4.19,4.26,4.22,0.040000000000000036,0.9479,259455.59,110326.272,4.234,396555.466,4.1585,494999.8408,4.0471,459525.9621
73,000552.SZ,20170912,4.32,4.39,4.21,4.22,4.27,-0.04999999999999982,-1.171,508591.65,218133.939,4.24,461960.086,4.1292,498407.6062,4.0356,460074.6659
74,000552.SZ,20170911,4.19,4.27,4.16,4.27,4.23,0.03999999999999915,0.9456,291970.52,123165.922,4.27,567379.688,4.0954,470472.14,4.0271,451808.1185
75,000552.SZ,20170908,4.26,4.3,4.19,4.23,4.19,0.040000000000000036,0.9547,424822.51,180705.164,4.254,626303.404,4.06,469245.7069,4.0168,451284.9765
76,000552.SZ,20170907,4.28,4.35,4.16,4.19,4.29,-0.09999999999999964,-2.331,497937.06,210510.226,4.246,742837.508,4.0346,451710.7969,4.0076,449211.6415
77,000552.SZ,20170906,4.31,4.39,4.27,4.29,4.37,-0.08000000000000007,-1.8307,586478.69,253643.008,4.214,704927.788,4.0138,430991.6823,4.0012,448003.4782
78,000552.SZ,20170905,4.18,4.46,4.17,4.37,4.19,0.17999999999999972,4.2959,1035689.66,448499.817,4.158,678726.952,3.9823,403079.87,3.9915,444488.6285
79,000552.SZ,20170904,4.24,4.28,4.14,4.19,4.19,0.0,0.0,586589.1,246355.62,4.062,519978.3,3.9485,349116.5269,3.9818,441650.1191
80,000552.SZ,20170901,4.09,4.35,4.07,4.19,4.03,0.16000000000000014,3.9702,1007493.03,424350.269,4.008,448692.63,3.9246,321867.6469,3.9715,439228.82
81,000552.SZ,20170831,4.0,4.06,3.98,4.03,4.01,0.020000000000000462,0.4988,308388.46,124064.074,3.946,307945.332,3.9015,266151.0277,3.955,418483.9529
82,000552.SZ,20170830,3.87,4.05,3.86,4.01,3.89,0.11999999999999966,3.0848,455474.51,181471.414,3.896,275353.758,3.8938,261303.42,3.945,414008.5171
83,000552.SZ,20170829,3.93,3.97,3.89,3.89,3.92,-0.029999999999999805,-0.7653,241946.4,95027.4,3.856,239464.234,3.8854,281668.0738,3.9365,408701.3006
84,000552.SZ,20170828,3.87,3.93,3.85,3.92,3.88,0.040000000000000036,1.0309,230160.75,89689.081,3.858,230448.69,3.91,311192.8023,3.9297,405999.0824
85,000552.SZ,20170825,3.81,3.93,3.81,3.88,3.78,0.10000000000000009,2.6455,303756.54,117789.048,3.858,230134.254,3.9392,367855.5592,3.9209,404690.7391
86,000552.SZ,20170824,3.83,3.84,3.77,3.78,3.81,-0.03000000000000025,-0.7874,145430.59,55492.294,3.858,214107.972,3.9585,390085.05,3.9162,402609.7432
87,000552.SZ,20170823,3.87,3.88,3.8,3.81,3.9,-0.08999999999999986,-2.3077,276026.89,105643.162,3.888,251855.094,3.9885,425726.3654,3.9141,405356.2988
88,000552.SZ,20170822,3.91,3.93,3.87,3.9,3.92,-0.020000000000000018,-0.5102,196868.68,76602.147,3.902,243120.448,4.0069,478098.9777,3.91,405220.7494
89,000552.SZ,20170821,3.88,3.95,3.86,3.92,3.88,0.040000000000000036,1.0309,228588.57,89407.141,3.9,260382.108,4.02,503033.5938,3.9015,403969.5912
90,000552.SZ,20170818,3.89,3.89,3.84,3.88,3.93,-0.050000000000000266,-1.2723,223625.13,86455.896,3.902,263738.306,4.0223,519660.9831,3.8912,401159.3924
91,000552.SZ,20170817,3.92,3.95,3.88,3.93,3.88,0.050000000000000266,1.2887,334166.2,130919.256,3.906,363056.282,4.0269,536609.1754,3.8832,399844.8138
92,000552.SZ,20170816,3.88,3.93,3.82,3.88,3.89,-0.010000000000000231,-0.2571,232353.66,89830.93,3.962,421376.616,4.0369,554741.7962,3.8726,393362.77
93,000552.SZ,20170815,3.91,3.93,3.83,3.89,3.93,-0.040000000000000036,-1.0178,283176.98,109774.832,4.046,568261.202,4.0431,557543.7323,3.8641,394444.4712
94,000552.SZ,20170814,3.9,3.96,3.88,3.93,3.9,0.03000000000000025,0.7692,245369.56,96437.18,4.094,630173.79,4.0415,557154.0815,3.8526,389833.4682
95,000552.SZ,20170811,4.15,4.19,3.85,3.9,4.21,-0.31000000000000005,-7.3634,720215.01,290975.4,4.142,702853.416,4.0415,555781.7338,3.8412,388744.3712
96,000552.SZ,20170810,4.23,4.27,4.16,4.21,4.3,-0.08999999999999986,-2.093,625767.87,263533.075,4.172,750184.584,4.0431,521471.6323,3.8288,371039.1779
97,000552.SZ,20170809,4.14,4.33,4.06,4.3,4.13,0.16999999999999993,4.1162,966776.59,407206.932,4.144,729234.748,4.0208,500591.7285,3.8056,355625.2288
98,000552.SZ,20170808,4.15,4.25,4.11,4.13,4.17,-0.040000000000000036,-0.9592,592739.92,247481.305,4.074,624828.356,3.9954,461367.3377,3.7803,330228.0794
99,000552.SZ,20170807,4.01,4.17,3.97,4.17,4.05,0.1200000000000001,2.963,608767.69,247091.977,4.036,595070.698,3.9823,451693.0208,3.7615,315170.4641
100,000552.SZ,20170804,4.09,4.35,4.04,4.05,4.07,-0.020000000000000462,-0.4914,956870.85,400691.068,4.014,587295.214,3.9723,477109.3785,3.7412,300092.3265
101,000552.SZ,20170803,3.91,4.07,3.9,4.07,3.95,0.1200000000000001,3.038,521018.69,207827.287,3.996,449676.81,3.9562,442293.5385,3.7247,275987.5435
102,000552.SZ,20170802,3.93,4.06,3.91,3.95,3.94,0.010000000000000231,0.2538,444744.63,177271.629,3.956,401095.376,3.9223,425458.8354,3.7071,265125.3768
103,000552.SZ,20170801,4.03,4.04,3.89,3.94,4.06,-0.11999999999999966,-2.9557,443951.63,175442.163,3.952,357652.258,3.9023,403264.9131,3.6929,256707.9762
104,000552.SZ,20170731,3.98,4.08,3.95,4.06,3.96,0.09999999999999964,2.5253,569890.27,229113.065,3.948,323698.67,3.8854,390270.8762,3.6774,246284.9035
105,000552.SZ,20170728,3.87,3.97,3.85,3.96,3.87,0.08999999999999986,2.3256,268778.83,105752.312,3.92,280586.44,3.8546,357977.0846,3.6585,233369.9876
106,000552.SZ,20170727,3.92,3.94,3.8,3.87,3.93,-0.06000000000000005,-1.5267,278111.52,107518.208,3.922,318202.576,3.8285,351584.6423,3.6409,227572.9162
107,000552.SZ,20170726,3.92,3.97,3.88,3.93,3.92,0.010000000000000231,0.2551,227529.04,89355.59,3.94,355975.032,3.8169,348114.7315,3.6274,221761.7603
108,000552.SZ,20170725,3.92,3.95,3.85,3.92,3.92,0.0,0.0,274183.69,106776.269,3.962,498305.292,3.8,348982.7654,3.6126,217774.3471
109,000552.SZ,20170724,3.97,4.05,3.92,3.92,3.97,-0.050000000000000266,-1.2594,354329.12,140697.131,3.946,544321.54,3.7808,348770.0362,3.5982,213970.5821
110,000552.SZ,20170721,3.94,4.06,3.94,3.97,3.96,0.010000000000000231,0.2525,456859.51,182564.387,3.888,533889.226,3.7569,333385.4346,3.5827,206078.1776
111,000552.SZ,20170720,3.99,4.01,3.93,3.96,4.04,-0.08000000000000007,-1.9802,466973.8,184791.763,3.832,473762.052,3.7262,308476.3808,3.5653,196851.9779
112,000552.SZ,20170719,3.81,4.08,3.8,4.04,3.84,0.20000000000000018,5.2083,939180.34,371617.872,3.784,435373.122,3.6992,286319.1238,3.5471,185532.6274
113,000552.SZ,20170718,3.61,3.86,3.6,3.84,3.63,0.20999999999999996,5.7851,504264.93,189329.089,3.708,277551.25,3.6631,222826.5369,3.5248,160428.1762
114,000552.SZ,20170717,3.73,3.76,3.57,3.63,3.69,-0.06000000000000005,-1.626,302167.55,111121.123,3.664,213833.68,3.6438,204739.35,3.5096,148350.5018
115,000552.SZ,20170714,3.69,3.71,3.66,3.69,3.72,-0.03000000000000025,-0.8065,156223.64,57638.237,3.682,200000.706,3.6338,191218.9908,3.5005,141848.3118
116,000552.SZ,20170713,3.68,3.77,3.67,3.72,3.66,0.06000000000000005,1.6393,275029.15,102301.284,3.686,216518.674,3.6223,195227.9615,3.4902,141888.2115
117,000552.SZ,20170712,3.62,3.67,3.56,3.66,3.62,0.040000000000000036,1.105,150070.98,54216.947,3.676,215796.486,3.6038,183167.1377,3.4767,137646.3235
118,000552.SZ,20170711,3.72,3.73,3.62,3.62,3.72,-0.10000000000000009,-2.6882,185677.08,68030.345,3.666,216648.15,3.5854,179445.8008,3.4662,136549.6771
119,000552.SZ,20170710,3.74,3.77,3.69,3.72,3.71,0.010000000000000231,0.2695,233002.68,86945.193,3.656,206121.096,3.5715,173107.0646,3.4588,134410.4688
120,000552.SZ,20170707,3.66,3.71,3.63,3.71,3.67,0.040000000000000036,1.0899,238813.48,87698.52,3.634,195306.452,3.5538,161397.7046,3.4494,129464.6874
121,000552.SZ,20170706,3.62,3.7,3.61,3.67,3.61,0.06000000000000005,1.662,271418.21,99284.939,3.606,170299.098,3.5362,150420.5915,3.4397,124908.855
122,000552.SZ,20170705,3.58,3.62,3.57,3.61,3.57,0.040000000000000036,1.1204,154329.3,55535.601,3.59,169841.756,3.5223,140104.4392,3.4321,121013.8297
123,000552.SZ,20170704,3.59,3.61,3.55,3.57,3.61,-0.040000000000000036,-1.108,133041.81,47537.274,3.568,164256.472,3.5115,139902.5715,3.4262,121047.4788
124,000552.SZ,20170703,3.56,3.63,3.55,3.61,3.57,0.040000000000000036,1.1204,178929.46,64267.401,3.562,179316.162,3.5038,141864.9715,3.421,121237.2535
125,000552.SZ,20170630,3.56,3.57,3.53,3.57,3.59,-0.020000000000000018,-0.5571,113776.71,40443.845,3.536,167177.958,3.4885,134990.9485,3.4148,118729.8859
126,000552.SZ,20170629,3.51,3.61,3.5,3.59,3.5,0.08999999999999986,2.5714,269131.5,96345.597,3.506,164761.336,3.4769,136299.1346,3.4107,121053.8562
127,000552.SZ,20170628,3.51,3.55,3.49,3.5,3.54,-0.040000000000000036,-1.1299,126402.88,44414.038,3.476,131589.738,3.4592,121110.4346,3.4075,115417.4812
128,000552.SZ,20170627,3.49,3.59,3.45,3.54,3.48,0.06000000000000005,1.7241,208340.26,73550.811,3.474,122465.362,3.4523,117581.9223,3.408,114156.2571
129,000552.SZ,20170626,3.41,3.49,3.4,3.48,3.42,0.06000000000000005,1.7544,118238.44,40923.532,3.462,100019.512,3.4438,108629.3631,3.4075,110978.3641
130,000552.SZ,20170623,3.44,3.45,3.37,3.42,3.44,-0.020000000000000018,-0.5814,101693.6,34639.129,3.464,103833.47,3.44,110676.8431,3.4089,109927.1888
131,000552.SZ,20170622,3.49,3.51,3.43,3.44,3.49,-0.050000000000000266,-1.4327,103273.51,35959.324,3.474,113835.754,3.4378,109468.6715,3.4124,110713.3085
132,000552.SZ,20170621,3.49,3.5,3.47,3.49,3.48,0.010000000000000231,0.2874,80781.0,28147.26,3.48,124891.654,3.4332,112537.5338,3.4163,110229.5888
133,000552.SZ,20170620,3.5,3.52,3.47,3.48,3.49,-0.010000000000000231,-0.2865,96111.01,33588.866,3.464,126648.886,3.4217,112640.2169,3.4195,110012.5944
134,000552.SZ,20170619,3.48,3.53,3.45,3.49,3.47,0.020000000000000018,0.5764,137308.23,48009.35,3.452,133583.31,3.4064,111833.9085,3.4227,109465.3394
135,000552.SZ,20170616,3.47,3.54,3.44,3.47,3.47,0.0,0.0,151705.02,52892.101,3.426,120457.344,3.3934,108473.5831,3.4253,109551.6679
136,000552.SZ,20170615,3.41,3.62,3.4,3.47,3.41,0.06000000000000005,1.7595,158553.01,55197.041,3.414,106222.784,3.382,103041.8962,3.4288,108541.8832
137,000552.SZ,20170614,3.41,3.46,3.4,3.41,3.42,-0.009999999999999787,-0.2924,89567.16,30682.685,3.406,92903.58,3.3721,102967.0669,3.4321,106656.4029
138,000552.SZ,20170613,3.35,3.44,3.35,3.42,3.36,0.06000000000000005,1.7857,130783.13,44627.862,3.4101,103961.284,3.3606,106139.2054,3.4373,108450.0544
139,000552.SZ,20170612,3.4,3.41,3.35,3.36,3.41,-0.050000000000000266,-1.4663,71678.4,24211.084,3.4042,95002.132,3.3515,104754.7338,3.4455,107610.3397
140,000552.SZ,20170609,3.42,3.44,3.39,3.41,3.43,-0.020000000000000018,-0.5831,80532.22,27455.291,3.4083,109300.196,3.3523,107929.0108,3.4552,110309.3403
141,000552.SZ,20170608,3.44,3.45,3.42,3.43,3.43,0.0,0.0,91956.99,31608.395,3.3945,109616.928,3.3516,106722.3869,3.464,115753.4524
142,000552.SZ,20170607,3.3807,3.4403,3.3707,3.4304,3.3906,0.03980000000000006,1.1738,144855.68,49760.36,3.3648,108351.33,3.3478,106103.7862,3.476,123597.5771
143,000552.SZ,20170606,3.3707,3.3906,3.3508,3.3906,3.3807,0.00990000000000002,0.2928,85987.37,29187.367,3.3429,98104.994,3.3462,105652.3762,3.4933,133972.9315
144,000552.SZ,20170605,3.3508,3.4005,3.3409,3.3807,3.3409,0.03980000000000006,1.1913,143168.72,48639.893,3.329,97126.138,3.3478,110997.4531,3.5096,139725.3574
145,000552.SZ,20170602,3.2613,3.3409,3.2613,3.3409,3.2812,0.059699999999999864,1.8195,82115.88,27262.575,3.321,100008.44,3.3485,110714.7938,3.526,141170.5647
146,000552.SZ,20170601,3.311,3.3309,3.2812,3.2812,3.321,-0.03980000000000006,-1.1984,85629.0,28506.032,3.3051,109746.256,3.3531,111604.2615,3.5421,143841.7894
147,000552.SZ,20170531,3.3409,3.3707,3.311,3.321,3.321,0.0,0.0,93624.0,31428.025,3.3091,115177.456,3.3646,119847.5462,3.5608,147344.7215
148,000552.SZ,20170526,3.321,3.3508,3.311,3.321,3.3409,-0.019899999999999807,-0.5956,81093.09,27114.949,3.319,119041.456,3.3768,118606.8346,3.5786,149385.2544
149,000552.SZ,20170525,3.2514,3.3508,3.2315,3.3409,3.2613,0.07960000000000012,2.4407,157580.23,51995.222,3.3349,115792.06,3.3921,118793.6169,3.5962,150809.5929
150,000552.SZ,20170524,3.2812,3.3011,3.2216,3.2613,3.3011,-0.03980000000000006,-1.2057,130804.96,42794.663,3.3429,101059.05,3.4059,114386.8223,3.6132,150134.1812
151,000552.SZ,20170523,3.3508,3.3707,3.2912,3.3011,3.3707,-0.06959999999999988,-2.0649,112785.0,37820.73,3.3727,102695.528,3.4266,110670.9392,3.6327,152148.7112
152,000552.SZ,20170522,3.4005,3.4105,3.3409,3.3707,3.4005,-0.02980000000000027,-0.8763,112944.0,38434.146,3.3946,111233.202,3.4449,111873.76,3.6485,152505.8709
153,000552.SZ,20170519,3.3807,3.4105,3.3608,3.4005,3.3807,0.01980000000000004,0.5857,64846.11,22069.987,3.3986,116543.232,3.4602,109864.7631,3.662,154065.1347
154,000552.SZ,20170518,3.3807,3.4005,3.3608,3.3807,3.4105,-0.029799999999999827,-0.8738,83915.18,28530.432,3.3986,122309.802,3.4755,110523.0,3.676,157003.4156
155,000552.SZ,20170517,3.3906,3.4503,3.3807,3.4105,3.4105,0.0,0.0,138987.35,47800.691,3.4085,144085.106,3.4916,110029.8585,3.6898,158095.6829
156,000552.SZ,20170516,3.3707,3.4105,3.321,3.4105,3.3906,0.019899999999999807,0.5869,155473.37,52698.716,3.4224,131786.586,3.5046,110126.4777,3.7041,156420.5379
157,000552.SZ,20170515,3.4005,3.4105,3.3409,3.3906,3.4005,-0.00990000000000002,-0.2911,139494.15,47264.842,3.4443,117396.164,3.5183,107195.6292,3.7193,154824.5026
158,000552.SZ,20170512,3.4005,3.4204,3.3508,3.4005,3.4304,-0.029900000000000038,-0.8716,93678.96,31860.636,3.4702,109555.714,3.5329,103730.4392,3.7345,153572.7053
159,000552.SZ,20170511,3.4602,3.4602,3.2812,3.4304,3.4801,-0.04970000000000008,-1.4281,192791.7,65513.321,3.496,107319.618,3.5474,108105.2354,3.7494,155314.7194
160,000552.SZ,20170510,3.5199,3.5298,3.4503,3.4801,3.5199,-0.03979999999999961,-1.1307,77494.75,27245.297,3.5179,94445.612,3.5681,101139.1685,3.7643,152859.3106
161,000552.SZ,20170509,3.49,3.5298,3.4503,3.5199,3.5199,0.0,0.0,83521.26,29282.272,3.5358,96312.07,3.5841,107750.6815,3.7787,154608.5235
162,000552.SZ,20170508,3.5,3.5199,3.4304,3.5199,3.5298,-0.00990000000000002,-0.2805,100291.9,35063.797,3.5517,94288.456,3.5986,121759.2023,3.7904,156864.8576
163,000552.SZ,20170505,3.5199,3.5397,3.4801,3.5298,3.5397,-0.00990000000000002,-0.2797,82498.48,29147.729,3.5656,89730.944,3.6231,141633.4585,3.8038,158622.7471
164,000552.SZ,20170504,3.5596,3.5696,3.5,3.5397,3.5696,-0.029900000000000038,-0.8376,128421.67,45796.619,3.5755,101279.928,3.6606,173565.7085,3.8161,159342.2329
165,000552.SZ,20170503,3.5895,3.5895,3.5397,3.5696,3.5994,-0.02980000000000027,-0.8279,86827.04,31089.371,3.5855,99070.062,3.692,185346.3377,3.8284,159471.5253
166,000552.SZ,20170502,3.5696,3.5994,3.5497,3.5994,3.5895,0.00990000000000002,0.2758,73403.19,26439.939,3.5875,100593.99,3.7203,193460.0862,3.8404,160518.8712
167,000552.SZ,20170428,3.5596,3.5895,3.5397,3.5895,3.5795,0.010000000000000231,0.2794,77504.34,27804.032,3.5855,116023.614,3.7424,201116.5731,3.8503,161689.2221
168,000552.SZ,20170427,3.5795,3.5795,3.4204,3.5795,3.5895,-0.010000000000000231,-0.2786,140243.4,49679.461,3.6074,120969.312,3.7677,210903.0615,3.8603,164277.4494
169,000552.SZ,20170426,3.5895,3.5994,3.5497,3.5895,3.5795,0.010000000000000231,0.2794,117372.34,42204.101,3.6292,125609.516,3.7944,212653.7323,3.872,164253.7435
170,000552.SZ,20170425,3.5795,3.6093,3.5497,3.5795,3.5895,-0.010000000000000231,-0.2786,94446.68,34000.126,3.6531,155261.454,3.8197,213588.2138,3.8837,169447.2532
171,000552.SZ,20170424,3.6889,3.6889,3.5596,3.5895,3.6988,-0.10929999999999973,-2.955,150551.31,54578.579,3.7048,208103.564,3.8457,216678.1792,3.8983,180972.4521
172,000552.SZ,20170421,3.6889,3.7088,3.6789,3.6988,3.6889,0.00990000000000002,0.2684,102232.83,37985.711,3.7903,277516.848,3.8717,220428.0,3.9082,180422.0332
173,000552.SZ,20170420,3.6889,3.7187,3.6392,3.6889,3.7088,-0.01990000000000025,-0.5366,163444.42,60467.122,3.84,313384.252,3.8824,222173.8154,3.9161,181931.8391
174,000552.SZ,20170419,3.7983,3.7983,3.6591,3.7088,3.838,-0.12919999999999998,-3.3663,265632.03,98911.523,3.8897,319156.522,3.8931,222367.2423,3.9258,182436.2756
175,000552.SZ,20170418,4.027,4.027,3.8281,3.838,4.017,-0.17900000000000027,-4.4561,358657.23,141521.734,3.9255,300617.62,3.9061,214606.9062,3.9342,178443.7482
176,000552.SZ,20170417,3.9474,4.0568,3.9275,4.017,3.9474,0.06960000000000033,1.7632,497617.73,200518.592,3.9414,269831.912,3.9069,196329.6015,3.938,172912.1974
177,000552.SZ,20170414,3.9275,4.017,3.8977,3.9474,3.9375,0.00990000000000002,0.2514,281569.85,112007.524,3.9235,202908.79,3.8977,164361.5008,3.9378,163311.5159
178,000552.SZ,20170413,3.8877,3.9573,3.8877,3.9375,3.8877,0.049799999999999844,1.281,192305.77,75993.656,3.9176,172498.94,3.8962,150487.5254,3.9404,161336.7009
179,000552.SZ,20170412,3.9176,3.9275,3.8778,3.8877,3.9176,-0.029900000000000038,-0.7632,172937.52,67781.125,3.9136,160961.032,3.8939,143151.1615,3.9439,162760.3021
180,000552.SZ,20170411,3.9275,3.9375,3.838,3.9176,3.9275,-0.00990000000000002,-0.2521,204728.69,80055.934,3.9216,166233.324,3.8954,141610.3862,3.9497,166132.7409
181,000552.SZ,20170410,3.9176,3.9474,3.8977,3.9275,3.9176,0.00990000000000002,0.2527,163002.12,64370.973,3.9056,150273.272,3.8969,134270.3177,3.9541,167795.6803
182,000552.SZ,20170407,3.9076,3.9375,3.8877,3.9176,3.9176,0.0,0.0,129520.6,50995.785,3.8858,150864.642,3.9,132267.6923,3.9565,174345.0944
183,000552.SZ,20170406,3.9176,3.9275,3.8877,3.9176,3.9275,-0.00990000000000002,-0.2521,134616.23,52954.412,3.8778,157910.054,3.9,134630.4631,3.962,187671.0291
184,000552.SZ,20170405,3.8579,3.9275,3.848,3.9275,3.838,0.08950000000000014,2.3319,199298.98,78191.052,3.8639,155197.262,3.9046,136587.6869,3.9632,190804.5456
185,000552.SZ,20170331,3.838,3.8679,3.8082,3.838,3.8281,0.00990000000000002,0.2586,124928.43,48160.596,3.8579,131743.95,3.9061,129484.7654,3.9655,195624.0397
186,000552.SZ,20170330,3.8778,3.9076,3.8181,3.8281,3.8778,-0.04970000000000008,-1.2817,165958.97,64270.318,3.8758,126999.898,3.9153,130091.6254,3.9711,211211.3488
187,000552.SZ,20170329,3.8579,3.9076,3.8181,3.8778,3.848,0.02980000000000027,0.7744,164747.66,64121.468,3.8917,113194.712,3.9267,126743.7662,3.9728,216362.6462
188,000552.SZ,20170328,3.9076,3.9076,3.838,3.848,3.8977,-0.04970000000000008,-1.2751,121052.27,47083.697,3.8977,110826.668,3.9313,122778.1862,3.9702,215848.1468
189,000552.SZ,20170327,3.9176,3.9275,3.8877,3.8977,3.9275,-0.02980000000000027,-0.7588,82032.42,32247.056,3.9156,108477.774,3.9375,126197.5554,3.9679,215238.6291
190,000552.SZ,20170324,3.8977,3.9275,3.8877,3.9275,3.9076,0.01990000000000025,0.5093,101208.17,39794.55,3.9295,119464.888,3.9436,130613.3231,3.9638,215827.9747
191,000552.SZ,20170323,3.9176,3.9176,3.8778,3.9076,3.9076,0.0,0.0,96933.04,38006.027,3.9275,131270.578,3.9482,145439.7462,3.9594,215113.6744
192,000552.SZ,20170322,3.9176,3.9375,3.8679,3.9076,3.9375,-0.029900000000000038,-0.7594,152907.44,59960.801,3.9414,143895.998,3.9612,175391.3154,3.9547,214414.9674
193,000552.SZ,20170321,3.9474,3.9772,3.9176,3.9375,3.9673,-0.029799999999999827,-0.7511,109307.8,43347.885,3.9494,134706.71,3.9627,173770.5177,3.9509,212961.3624
194,000552.SZ,20170320,3.9772,4.0071,3.9275,3.9673,3.9176,0.04969999999999963,1.2686,136967.99,54574.641,3.9534,139408.672,3.965,177175.0123,3.9448,212691.1488
195,000552.SZ,20170317,3.9772,3.9772,3.9076,3.9176,3.9772,-0.05959999999999965,-1.4985,160236.62,63672.535,3.9553,136502.434,3.9688,180530.9562,3.938,212821.0259
196,000552.SZ,20170316,3.9573,3.9872,3.9573,3.9772,3.9474,0.029799999999999827,0.7549,160060.14,63886.627,3.9593,127094.134,3.9749,178196.3008,3.9319,211576.0953
197,000552.SZ,20170315,3.9474,3.9772,3.9375,3.9474,3.9573,-0.00990000000000002,-0.2502,106961.0,42552.272,3.9494,128182.92,3.9742,179005.8669,3.9228,209281.2656
198,000552.SZ,20170314,3.9772,4.0071,3.9375,3.9573,3.9772,-0.019899999999999807,-0.5004,132817.61,53081.721,3.9553,134678.2,3.9788,183946.91,3.9141,208304.3068
199,000552.SZ,20170313,3.9275,3.9772,3.8877,3.9772,3.9375,0.039699999999999847,1.0083,122436.8,48640.188,3.9613,166905.012,3.9849,190224.4892,3.9053,206511.3103
200,000552.SZ,20170310,3.9673,3.9772,3.9275,3.9375,3.9275,0.009999999999999787,0.2546,113195.12,45036.481,3.9812,239678.34,3.991,199322.29,3.8965,205622.5459
201,000552.SZ,20170309,3.9573,3.9772,3.9076,3.9275,3.9772,-0.04969999999999963,-1.2496,165504.07,65500.509,3.9792,243406.73,4.0025,212738.0838,3.8889,207610.1021
202,000552.SZ,20170308,3.9971,3.9971,3.9573,3.9772,3.9872,-0.010000000000000231,-0.2508,139437.4,55739.194,3.9872,241019.162,4.0132,220104.5885,3.8816,205633.6882
203,000552.SZ,20170307,4.0468,4.0568,3.9772,3.9872,4.0767,-0.08949999999999969,-2.1954,293951.67,118547.769,3.9951,249250.734,4.0155,239046.4962,3.8758,203844.8988
204,000552.SZ,20170306,3.9375,4.1363,3.9375,4.0767,3.9275,0.14919999999999956,3.7989,486303.44,198854.686,3.9971,216437.62,4.0247,261250.3969,3.8708,198320.5915
205,000552.SZ,20170303,3.9573,3.9673,3.9176,3.9275,3.9673,-0.03979999999999961,-1.0032,131837.07,52173.786,3.9752,153293.832,4.0155,242392.8854,3.8646,188216.6176
206,000552.SZ,20170302,4.027,4.0369,3.9573,3.9673,4.017,-0.04970000000000052,-1.2372,153566.23,61730.429,3.9912,161165.33,4.0216,260187.0938,3.8623,186811.5726
207,000552.SZ,20170301,3.9971,4.0468,3.9772,4.017,3.9971,0.01990000000000025,0.4979,180595.26,72972.712,4.0051,173337.312,4.0262,298750.9946,3.8579,184630.6209
208,000552.SZ,20170228,3.9673,4.017,3.9573,3.9971,3.9673,0.02980000000000027,0.7511,129886.1,52068.857,4.013,185359.902,4.0162,311097.75,3.8527,182612.5529
209,000552.SZ,20170227,4.027,4.027,3.9573,3.9673,4.0071,-0.0398000000000005,-0.9932,170584.5,68495.179,4.0309,216902.77,4.0002,312433.7946,3.8474,181637.9135
210,000552.SZ,20170224,4.027,4.027,3.9673,4.0071,4.0369,-0.029799999999999827,-0.7382,171194.56,68733.751,4.0508,235039.596,3.9849,307029.5,3.8427,178986.6197
211,000552.SZ,20170223,4.0667,4.0866,4.0071,4.0369,4.0568,-0.019899999999999807,-0.4905,214426.14,87294.823,4.0508,277937.124,3.9658,301712.2392,3.8357,175446.195
212,000552.SZ,20170222,4.0568,4.0667,4.017,4.0568,4.0866,-0.029799999999999827,-0.7292,240708.21,97923.985,4.0647,351572.372,3.9459,291134.9946,3.8281,171009.0124
213,000552.SZ,20170221,4.0667,4.1363,4.027,4.0866,4.0667,0.019899999999999807,0.4893,287600.44,117714.253,4.0448,351661.888,3.9222,278247.9785,3.8193,165888.8771
214,000552.SZ,20170220,4.0468,4.0767,4.017,4.0667,4.0071,0.05959999999999965,1.4874,261268.63,106319.759,4.0289,366774.156,3.8985,264085.2423,3.8091,159207.735
215,000552.SZ,20170217,4.1065,4.1065,3.9872,4.0071,4.1065,-0.09939999999999927,-2.4206,385682.2,157028.648,4.021,445499.818,3.8725,251689.2354,3.7991,154540.4082
216,000552.SZ,20170216,3.9573,4.1463,3.9474,4.1065,3.9573,0.14919999999999956,3.7702,582602.38,239149.279,3.9971,436583.994,3.8518,232897.0515,3.7915,146899.8326
217,000552.SZ,20170215,4.017,4.0369,3.9474,3.9573,4.0071,-0.04980000000000029,-1.2428,241155.79,96757.884,3.9335,349514.454,3.8212,197151.4054,3.783,131816.7329
218,000552.SZ,20170214,3.9772,4.0369,3.9474,4.0071,4.027,-0.019899999999999807,-0.4942,363161.78,145463.959,3.8957,321349.03,3.799,184911.4162,3.7792,127655.7282
219,000552.SZ,20170213,3.8877,4.2258,3.8778,4.027,3.8877,0.13929999999999998,3.5831,654896.94,266641.393,3.846,269130.708,3.7715,162648.5408,3.7731,119404.2465
220,000552.SZ,20170210,3.7983,3.9176,3.7883,3.8877,3.7883,0.09940000000000015,2.6239,341103.08,132318.545,3.7963,153535.712,3.7432,117799.2169,3.7667,102806.1456
221,000552.SZ,20170209,3.7684,3.8082,3.7585,3.7883,3.7684,0.019899999999999807,0.5281,147254.68,56109.43,3.7684,99950.496,3.7271,98654.2731,3.764,95056.1697
222,000552.SZ,20170208,3.7585,3.7784,3.7287,3.7684,3.7585,0.00990000000000002,0.2634,100328.67,37812.515,3.7664,91196.534,3.7187,101232.5308,3.764,93140.5885
223,000552.SZ,20170207,3.7784,3.7883,3.7287,3.7585,3.7784,-0.019899999999999807,-0.5267,102070.17,38551.1,3.7585,91154.908,3.7118,101076.9408,3.7638,92976.7747
224,000552.SZ,20170206,3.7485,3.7784,3.7386,3.7784,3.7485,0.029900000000000038,0.7977,76921.96,29046.82,3.7545,99017.636,3.7134,99272.9708,3.7646,93218.6244
225,000552.SZ,20170203,3.7883,3.7983,3.7386,3.7485,3.7784,-0.029900000000000038,-0.7913,73177.0,27699.101,3.7406,107215.04,3.7164,101519.3754,3.764,98129.2491
226,000552.SZ,20170126,3.7386,3.7883,3.7287,3.7784,3.7287,0.04970000000000008,1.3329,103484.87,39185.485,3.7247,108986.826,3.7256,106872.5546,3.7702,99773.8053
227,000552.SZ,20170125,3.7287,3.7585,3.7088,3.7287,3.7386,-0.00990000000000002,-0.2648,100120.54,37667.453,3.6988,103038.732,3.731,105378.76,3.7757,101014.8979
228,000552.SZ,20170124,3.7386,3.7485,3.7088,3.7386,3.7088,0.029799999999999827,0.8035,141383.81,53133.863,3.6849,97385.77,3.7378,103785.9392,3.7839,102350.1212
229,000552.SZ,20170123,3.6591,3.7386,3.6591,3.7088,3.669,0.03980000000000006,1.0848,117908.98,44019.198,3.673,87552.77,3.7455,101524.1808,3.7901,100664.9291
230,000552.SZ,20170120,3.6392,3.6889,3.6292,3.669,3.6491,0.01990000000000025,0.5453,82035.93,30238.079,3.667,100125.38,3.7539,99896.4408,3.7971,100763.8388
231,000552.SZ,20170119,3.6491,3.669,3.6193,3.6491,3.6591,-0.010000000000000231,-0.2733,73744.4,27003.432,3.669,103379.394,3.7646,99773.7162,3.8056,102612.4497
232,000552.SZ,20170118,3.6789,3.6789,3.6392,3.6591,3.6789,-0.01980000000000004,-0.5382,71855.73,26462.836,3.6948,104354.226,3.7738,98010.31,3.8161,104709.8309
233,000552.SZ,20170117,3.6392,3.6889,3.5994,3.6789,3.6789,0.0,0.0,92218.81,33893.666,3.7266,111208.124,3.7829,97372.3254,3.8255,110754.4815
234,000552.SZ,20170116,3.6889,3.7287,3.5298,3.6789,3.6789,0.0,0.0,180772.03,66416.283,3.7644,121318.028,3.7891,95403.4638,3.8372,116705.1806
235,000552.SZ,20170113,3.7784,3.7983,3.6789,3.6789,3.7784,-0.09949999999999992,-2.6334,98306.0,37095.555,3.7983,101976.73,3.7937,86147.2777,3.8512,119500.1629
236,000552.SZ,20170112,3.8281,3.838,3.7684,3.7784,3.8181,-0.039699999999999847,-1.0398,78618.56,30116.216,3.8261,98198.304,3.7975,86476.01,3.8646,125863.7706
237,000552.SZ,20170111,3.8679,3.9076,3.8181,3.8181,3.8679,-0.04980000000000029,-1.2875,106125.22,41246.533,3.838,104870.782,3.7952,90113.2462,3.8755,133581.2121
238,000552.SZ,20170110,3.8579,3.9076,3.8082,3.8679,3.848,0.01990000000000025,0.5172,142768.33,55369.805,3.838,102995.41,3.7952,87317.2285,3.8845,140332.1341
239,000552.SZ,20170109,3.8281,3.8579,3.8082,3.848,3.8181,0.029900000000000038,0.7831,84065.54,32418.581,3.8261,90529.846,3.7921,84002.8669,3.8948,148734.3979
240,000552.SZ,20170106,3.848,3.848,3.8181,3.8181,3.838,-0.01990000000000025,-0.5185,79413.87,30615.299,3.8102,83880.762,3.7883,83891.01,3.9032,152129.3806
241,000552.SZ,20170105,3.8281,3.8679,3.8181,3.838,3.8181,0.01990000000000025,0.5212,111980.95,43331.5,3.8022,80710.374,3.7875,84748.5208,3.9117,157856.5171
242,000552.SZ,20170104,3.8082,3.8281,3.7883,3.8181,3.8082,0.00990000000000002,0.26,96748.36,37122.588,3.7863,71638.906,3.7845,82104.1323,3.9214,163654.5203
243,000552.SZ,20170103,3.7684,3.8181,3.7684,3.8082,3.7684,0.03979999999999961,1.0562,80440.51,30787.06,3.7704,64377.556,3.7822,80979.2523,3.9319,172158.3641
244,000552.SZ,20161230,3.7684,3.7784,3.7585,3.7684,3.7784,-0.009999999999999787,-0.2647,50820.12,19259.371,3.7545,68805.358,3.7784,82080.6746,3.9436,188194.5065
245,000552.SZ,20161229,3.7485,3.7883,3.7187,3.7784,3.7585,0.019899999999999807,0.5295,63561.93,24047.734,3.7505,83821.86,3.7799,86655.5162,3.9579,217606.6729
246,000552.SZ,20161228,3.7485,3.7883,3.7287,3.7585,3.7386,0.01990000000000025,0.5323,66623.61,25239.727,3.7585,85064.872,3.7784,100526.3831,3.9696,244500.0244
247,000552.SZ,20161227,3.7287,3.7585,3.7088,3.7386,3.7287,0.00990000000000002,0.2655,60441.61,22710.505,3.7724,91676.476,3.7937,105331.6369,3.979,255779.0703
248,000552.SZ,20161226,3.7187,3.7386,3.6591,3.7287,3.7485,-0.01980000000000004,-0.5282,102579.52,38096.499,3.7843,96110.434,3.8113,111888.5915,3.9884,267432.1418
249,000552.SZ,20161223,3.8181,3.8281,3.7386,3.7485,3.8181,-0.06959999999999988,-1.8229,125902.63,47753.405,3.8002,93706.832,3.8327,115191.5615,3.998,279546.7009
250,000552.SZ,20161222,3.8281,3.8281,3.7983,3.8181,3.8281,-0.010000000000000231,-0.2612,69776.99,26768.544,3.8102,84047.086,3.848,111974.9962,4.0097,295613.1068
251,000552.SZ,20161221,3.7983,3.8281,3.7883,3.8281,3.7983,0.02980000000000027,0.7846,99681.63,38241.901,3.8042,86516.672,3.8579,115936.1438,4.017,308798.5488
252,000552.SZ,20161220,3.8181,3.8181,3.7784,3.7983,3.8082,-0.00990000000000002,-0.26,82611.4,31519.719,3.7903,85532.146,3.8679,119413.6108,4.0226,316296.4474
253,000552.SZ,20161219,3.7983,3.8181,3.7784,3.8082,3.7983,0.00990000000000002,0.2606,90561.51,34599.379,3.7883,91068.478,3.8839,124216.9923,4.0278,326895.3315
254,000552.SZ,20161216,3.7883,3.8082,3.7784,3.7983,3.7883,0.009999999999999787,0.264,77603.9,29601.863,3.7784,121732.816,3.8969,138587.1723,4.0351,332300.1347
255,000552.SZ,20161215,3.7585,3.8181,3.7485,3.7883,3.7585,0.029799999999999827,0.7929,82124.92,31289.796,3.8102,132030.418,3.9183,155274.7631,4.0427,337077.1406
256,000552.SZ,20161214,3.7983,3.8082,3.7585,3.7585,3.7883,-0.029799999999999827,-0.7866,94759.0,36054.57,3.846,144741.838,3.9466,170172.9562,4.0521,344562.035
257,000552.SZ,20161213,3.7585,3.7983,3.7485,3.7883,3.7585,0.029799999999999827,0.7929,110293.06,41905.486,3.8957,154893.664,3.9757,187089.0838,4.0623,356194.3818
258,000552.SZ,20161212,3.9573,3.9872,3.7585,3.7585,3.9573,-0.19879999999999987,-5.0236,243883.2,94710.902,3.9275,149652.508,4.0032,204836.6615,4.0723,373254.0174
259,000552.SZ,20161209,3.9573,3.9872,3.9275,3.9573,3.9673,-0.009999999999999787,-0.2521,129091.91,51335.208,3.9653,125130.25,4.0315,211896.1515,4.0872,402713.6568
260,000552.SZ,20161208,4.0071,4.027,3.9474,3.9673,4.0071,-0.0398000000000005,-0.9932,145682.02,58358.032,3.9653,128289.608,4.0514,234923.3354,4.0936,437371.9844
261,000552.SZ,20161207,3.9474,4.017,3.9275,4.0071,3.9474,0.05970000000000031,1.5124,145518.13,58350.098,3.9733,128164.276,4.0644,239062.7915,4.0916,440755.735
262,000552.SZ,20161206,3.9673,3.9772,3.9375,3.9474,3.9474,0.0,0.0,84087.28,33445.323,3.9673,154535.42,4.0721,248956.5131,4.0898,446874.4794
263,000552.SZ,20161205,3.9375,3.9872,3.9176,3.9474,3.9573,-0.00990000000000002,-0.2502,121271.91,48275.877,3.9931,196626.48,4.0889,266266.1885,4.0892,460347.6918
264,000552.SZ,20161202,4.027,4.027,3.9573,3.9573,4.0071,-0.04980000000000029,-1.2428,144888.7,58056.601,4.0349,227532.384,4.1065,286620.5838,4.089,468443.5585
265,000552.SZ,20161201,4.0071,4.0369,3.9872,4.0071,3.9772,0.029900000000000482,0.7518,145055.36,58540.985,4.0707,261488.376,4.1256,323603.7108,4.0866,480075.7559
266,000552.SZ,20161130,4.0568,4.0568,3.9573,3.9772,4.0767,-0.09949999999999992,-2.4407,277373.85,111699.749,4.0985,300679.618,4.1447,393278.9738,4.0819,482640.0841
267,000552.SZ,20161129,4.1363,4.1363,4.0667,4.0767,4.1562,-0.07950000000000035,-1.9128,294542.58,121463.551,4.1284,312336.162,4.16,447168.3608,4.0776,485605.8615
268,000552.SZ,20161128,4.1363,4.186,4.1264,4.1562,4.1363,0.019899999999999807,0.4811,275801.43,115199.022,4.1562,339116.706,4.16,459135.1754,4.0697,482548.9712
269,000552.SZ,20161125,4.1264,4.1463,3.9673,4.1363,4.1463,-0.009999999999999787,-0.2412,314668.66,129000.997,4.1522,323855.41,4.1524,473046.2992,4.0603,481578.8059
270,000552.SZ,20161124,4.1662,4.2457,4.1363,4.1463,4.1264,0.019899999999999807,0.4823,341011.57,143538.983,4.1463,315748.98,4.1463,488415.9815,4.0509,482243.9685
271,000552.SZ,20161123,4.2159,4.2159,4.1164,4.1264,4.2159,-0.08950000000000014,-2.1229,335656.57,140467.048,4.1503,309369.278,4.1463,513888.9708,4.0401,480366.5488
272,000552.SZ,20161122,4.1562,4.2358,4.1463,4.2159,4.1363,0.07960000000000012,1.9244,428445.3,180533.134,4.1602,319413.774,4.1417,527921.6977,4.0278,478998.1812
273,000552.SZ,20161121,4.0866,4.1562,4.0866,4.1363,4.1065,0.029800000000000715,0.7257,199494.95,82766.946,4.1582,358858.584,4.1264,522242.0731,4.0112,469139.5641
274,000552.SZ,20161118,4.1562,4.1761,4.0966,4.1065,4.1662,-0.05970000000000031,-1.433,274136.51,114039.696,4.1821,529126.35,4.1141,540971.1892,3.9965,466847.6832
275,000552.SZ,20161117,4.1463,4.196,4.1164,4.1662,4.1761,-0.00990000000000002,-0.2371,309113.06,129305.541,4.196,669886.224,4.1103,540985.6746,3.9825,466947.555
276,000552.SZ,20161116,4.1662,4.2059,4.1164,4.1761,4.2059,-0.029799999999999827,-0.7085,385879.05,161289.158,4.1781,698085.846,4.1019,535670.9854,3.9685,461138.4594
277,000552.SZ,20161115,4.2656,4.3153,4.1562,4.2059,4.2556,-0.04970000000000052,-1.1679,625669.35,266005.524,4.1542,712239.244,4.0966,531881.1608,3.9536,453612.8124
278,000552.SZ,20161114,4.1761,4.3849,4.1363,4.2556,4.1761,0.07950000000000035,1.9037,1050833.78,450737.107,4.1244,690000.28,4.0889,521464.9638,3.9375,437777.4303
279,000552.SZ,20161111,4.0667,4.2258,4.027,4.1761,4.0767,0.09940000000000015,2.4382,977935.88,408230.381,4.1025,614265.61,4.079,493733.1862,3.9202,410805.6185
280,000552.SZ,20161110,4.0866,4.1264,4.0568,4.0767,4.0568,0.019899999999999807,0.4905,450111.17,184909.275,4.0807,522294.838,4.0859,514315.8831,3.9044,385279.5238
281,000552.SZ,20161109,4.0667,4.0966,3.9474,4.0568,4.0568,0.0,0.0,456646.04,185430.375,4.0687,503194.64,4.0935,580266.9508,3.8898,375100.7579
282,000552.SZ,20161108,4.1363,4.1463,4.0369,4.0568,4.1463,-0.08950000000000014,-2.1586,514474.53,211467.366,4.0528,500460.124,4.0813,565196.4508,3.8766,365226.8568
283,000552.SZ,20161107,4.0866,4.2358,4.0667,4.1463,4.0667,0.07960000000000012,1.9574,672160.43,280830.045,4.0528,452430.182,4.0728,552818.0592,3.862,359954.1776
284,000552.SZ,20161104,4.0369,4.1363,3.9971,4.0667,4.017,0.04969999999999963,1.2372,518082.02,211834.914,4.0349,366002.516,4.056,542819.2954,3.8503,345518.3941
285,000552.SZ,20161103,3.9772,4.0369,3.9176,4.017,3.9772,0.0398000000000005,1.0007,354610.18,141780.707,4.0429,329708.378,4.0461,533469.2462,3.8421,334575.7544
286,000552.SZ,20161102,4.0667,4.1164,3.9673,3.9772,4.0568,-0.07960000000000012,-1.9621,442973.46,180050.206,4.0608,356838.1,4.0354,547759.4946,3.8351,330261.5641
287,000552.SZ,20161101,4.0468,4.0966,4.017,4.0568,4.0568,0.0,0.0,274324.82,111889.502,4.0906,406307.542,4.0254,531549.4223,3.8296,322264.2188
288,000552.SZ,20161031,4.0866,4.0866,4.017,4.0568,4.1065,-0.04969999999999963,-1.2103,240022.1,97681.574,4.1324,600544.766,4.0078,539540.6115,3.8211,321154.9594
289,000552.SZ,20161028,4.0667,4.1463,4.0568,4.1065,4.1065,0.0,0.0,336611.33,138633.6592,4.1562,814035.356,3.9887,535739.5508,3.8114,317982.0253
290,000552.SZ,20161027,4.1264,4.186,4.0369,4.1065,4.1264,-0.019900000000000695,-0.4823,490258.79,202282.9241,4.1145,798858.998,3.9681,528524.5108,3.7994,314223.4221
291,000552.SZ,20161026,4.2556,4.2556,4.1065,4.1264,4.2656,-0.13919999999999977,-3.2633,690320.67,288771.6164,4.0826,771518.328,3.9459,516757.2338,3.7898,304244.7824
292,000552.SZ,20161025,4.1662,4.365,4.0767,4.2656,4.1761,0.08950000000000014,2.1431,1245510.94,527551.2321,4.0429,741889.494,3.9191,484977.1285,3.7795,287680.9582
293,000552.SZ,20161024,3.8977,4.2755,3.8977,4.1761,3.8977,0.2784,7.1427,1307475.05,541303.8768,3.9772,572093.582,3.8763,411409.5231,3.7646,254923.2482
294,000552.SZ,20161021,3.9275,3.9375,3.848,3.8977,3.9474,-0.04970000000000008,-1.2591,260729.54,102099.1459,3.9176,418675.254,3.8357,318007.7746,3.7521,220940.4991
295,000552.SZ,20161020,3.9275,3.9474,3.8679,3.9474,3.9275,0.019899999999999807,0.5067,353555.44,138794.0746,3.9076,412977.85,3.8159,307303.2715,3.748,218911.8765
296,000552.SZ,20161019,3.9772,4.0071,3.8977,3.9275,3.9375,-0.009999999999999787,-0.254,542176.5,216230.1394,3.8838,417908.818,3.7914,301455.3262,3.7436,212365.8535
297,000552.SZ,20161018,3.8679,3.9375,3.838,3.9375,3.8778,0.059699999999999864,1.5395,396531.38,155000.2826,3.8599,347595.18,3.773,268334.35,3.7407,201468.4915
298,000552.SZ,20161017,3.848,3.9772,3.838,3.8778,3.848,0.02980000000000027,0.7744,540383.41,212452.6119,3.84,316852.066,3.7524,247832.4785,3.7374,195370.1085
299,000552.SZ,20161014,3.838,3.848,3.7883,3.848,3.8281,0.019899999999999807,0.5198,232242.52,89347.1044,3.8281,276232.222,3.7355,212977.3208,3.7368,187903.7253
300,000552.SZ,20161013,3.8181,3.8977,3.8181,3.8281,3.8082,0.01990000000000025,0.5226,378210.28,146589.2787,3.8142,285219.578,3.7218,205404.2177,3.738,191864.4779
301,000552.SZ,20161012,3.8082,3.8281,3.7684,3.8082,3.838,-0.02980000000000027,-0.7764,190608.31,72872.8714,3.7903,267403.936,3.7072,184776.4008,3.7406,192328.9726
302,000552.SZ,20161011,3.8281,3.838,3.7983,3.838,3.8181,0.01990000000000025,0.5212,242815.81,93350.2978,3.7585,247932.738,3.6897,178116.7715,3.7453,204864.4556
303,000552.SZ,20161010,3.848,3.8778,3.7784,3.8181,3.7784,0.039699999999999847,1.0507,337284.19,129479.8261,3.7187,223683.776,3.6721,168741.2015,3.7471,210573.5926
304,000552.SZ,20160930,3.6988,3.7784,3.6789,3.7784,3.7088,0.06959999999999988,1.8766,277179.3,104062.7205,3.6809,211733.368,3.6522,168581.1438,3.7468,206901.1291
305,000552.SZ,20160929,3.6889,3.7883,3.6889,3.7088,3.6491,0.05970000000000031,1.636,289132.07,108603.8296,3.663,178618.27,3.6499,161209.1815,3.7456,208431.1426
306,000552.SZ,20160928,3.6491,3.6789,3.6292,3.6491,3.6392,0.009899999999999576,0.272,93252.32,34247.0288,3.6551,146793.266,3.656,150201.5046,3.7491,221669.7509
307,000552.SZ,20160927,3.6292,3.6392,3.5795,3.6392,3.6292,0.010000000000000231,0.2755,121571.0,44198.147,3.6571,145596.074,3.6659,159022.6885,3.7523,228521.5982
308,000552.SZ,20160926,3.6789,3.7684,3.5795,3.6292,3.6889,-0.059699999999999864,-1.6184,277532.15,103247.2629,3.663,148040.31,3.6774,162829.8208,3.7573,244438.0268
309,000552.SZ,20160923,3.669,3.7088,3.6591,3.6889,3.669,0.019899999999999807,0.5424,111603.81,41399.6333,3.665,114543.612,3.6881,159681.9631,3.7562,240415.0024
310,000552.SZ,20160922,3.669,3.6988,3.6591,3.669,3.6591,0.00990000000000002,0.2706,130007.05,48114.295,3.6432,113029.476,3.6912,161261.85,3.7541,239838.5079
311,000552.SZ,20160921,3.6491,3.6789,3.6392,3.6591,3.669,-0.00990000000000002,-0.2698,87266.36,32088.7661,3.6312,111214.746,3.6935,167324.2938,3.7529,239659.4824
312,000552.SZ,20160920,3.6392,3.6789,3.6193,3.669,3.6392,0.029799999999999827,0.8189,133792.18,49050.7438,3.6113,160802.162,3.7026,172225.7308,3.7515,239994.3197
313,000552.SZ,20160919,3.5795,3.6392,3.5795,3.6392,3.5795,0.05970000000000031,1.6678,110048.66,40057.1074,3.6272,170312.484,3.7111,171714.8438,3.7485,241964.185
314,000552.SZ,20160914,3.5895,3.5994,3.5696,3.5795,3.6093,-0.02980000000000027,-0.8256,104033.13,37483.7246,3.657,177509.206,3.7202,173384.0854,3.7491,242306.7321
315,000552.SZ,20160913,3.5895,3.6292,3.5795,3.6093,3.5596,0.04970000000000008,1.3962,120933.4,43863.7534,3.6968,198288.122,3.7332,177078.5815,3.7523,245277.2409
316,000552.SZ,20160912,3.6889,3.7088,3.5497,3.5596,3.7485,-0.18889999999999985,-5.0393,335203.44,122157.6685,3.7326,208314.186,3.7447,182526.5023,3.7538,252829.2753
317,000552.SZ,20160909,3.7883,3.8082,3.7485,3.7485,3.7883,-0.03980000000000006,-1.0506,181343.79,68994.7844,3.7744,188595.498,3.7631,166817.8269,3.762,249505.3138
318,000552.SZ,20160908,3.7784,3.7983,3.7386,3.7883,3.7784,0.00990000000000002,0.262,146032.27,55361.1515,3.7704,178755.208,3.7692,166073.3962,3.7632,248931.2812
319,000552.SZ,20160907,3.7784,3.7983,3.7585,3.7784,3.7883,-0.00990000000000002,-0.2613,207927.71,79003.0519,3.7525,191312.518,3.7723,169392.9415,3.762,250451.7362
320,000552.SZ,20160906,3.7585,3.8082,3.7386,3.7883,3.7684,0.019899999999999807,0.5281,171063.72,64979.9221,3.7525,179923.984,3.7784,175438.9931,3.7626,251681.9538
321,000552.SZ,20160905,3.7585,3.8281,3.7386,3.7684,3.7287,0.03970000000000029,1.0647,236610.0,90053.356,3.7505,171141.37,3.786,190503.9462,3.762,251945.16
322,000552.SZ,20160902,3.6889,3.7386,3.6789,3.7287,3.6988,0.029900000000000038,0.8084,132142.34,49382.5081,3.7486,150169.13,3.7975,202611.1077,3.7635,250898.8938
323,000552.SZ,20160901,3.7784,3.7784,3.6988,3.6988,3.7784,-0.07960000000000012,-2.1067,208818.82,78387.6674,3.7525,154152.978,3.8159,239893.5992,3.7661,256712.8509
324,000552.SZ,20160831,3.7784,3.7983,3.7585,3.7784,3.7784,0.0,0.0,150985.04,57432.7049,3.7645,150740.488,3.8312,257440.3415,3.7705,262207.8418
325,000552.SZ,20160830,3.7585,3.7983,3.7386,3.7784,3.7585,0.019899999999999807,0.5295,127150.65,48264.6967,3.7684,146741.612,3.8334,262166.1408,3.7749,269224.7403
326,000552.SZ,20160829,3.7585,3.7684,3.7287,3.7585,3.7485,0.010000000000000231,0.2668,131748.8,49673.1519,3.7784,155644.72,3.8304,277708.38,3.7816,284830.1294
327,000552.SZ,20160826,3.7585,3.7983,3.7386,3.7485,3.7585,-0.010000000000000231,-0.2661,152061.58,57601.6764,3.7923,167132.232,3.8357,324438.8377,3.786,308653.3559
328,000552.SZ,20160825,3.7784,3.8082,3.7386,3.7585,3.7983,-0.03979999999999961,-1.0478,191756.37,72610.3641,3.8142,194025.192,3.8365,337835.2646,3.7851,318822.8759
329,000552.SZ,20160824,3.838,3.848,3.7883,3.7983,3.8281,-0.02980000000000027,-0.7785,130990.66,50195.4955,3.84,229055.54,3.8403,374063.9723,3.781,320943.145
330,000552.SZ,20160823,3.8082,3.838,3.7784,3.8281,3.8281,0.0,0.0,171666.19,65794.6334,3.8639,281658.028,3.8243,374814.6385,3.7775,328827.1
331,000552.SZ,20160822,3.848,3.8877,3.8181,3.8281,3.8579,-0.029799999999999827,-0.7724,189186.36,73350.7159,3.8917,370687.736,3.8082,368686.7008,3.7714,330979.9685
332,000552.SZ,20160819,3.8877,3.9076,3.7983,3.8579,3.8877,-0.02980000000000027,-0.7665,286526.38,110687.9428,3.9056,420235.758,3.7929,363666.2254,3.7652,336523.9512
333,000552.SZ,20160818,3.9076,3.9971,3.8679,3.8877,3.9176,-0.029900000000000038,-0.7632,366908.11,145211.6728,3.8957,405414.568,3.7738,349214.26,3.7573,340829.7003
334,000552.SZ,20160817,3.9872,3.9971,3.8877,3.9176,3.9673,-0.04969999999999963,-1.2527,394003.1,155724.4156,3.8659,397872.898,3.7493,336434.2208,3.7453,334668.9806
335,000552.SZ,20160816,3.8977,4.027,3.8778,3.9673,3.8977,0.06959999999999988,1.7857,616814.73,246223.9078,3.848,466921.228,3.7294,315487.4638,3.733,328125.9021
336,000552.SZ,20160815,3.7983,3.9275,3.7883,3.8977,3.8082,0.08950000000000014,2.3502,436926.47,170156.6222,3.8062,408801.308,3.708,283811.7485,3.7187,316024.5559
337,000552.SZ,20160812,3.7485,3.8082,3.7287,3.8082,3.7386,0.06959999999999988,1.8617,212420.43,80459.564,3.7883,453961.928,3.6897,279256.0638,3.7067,310014.2894
338,000552.SZ,20160811,3.7883,3.8082,3.7287,3.7386,3.8281,-0.08950000000000014,-2.338,329199.76,124540.9654,3.7446,439627.706,3.692,280007.4731,3.6971,312442.6415
339,000552.SZ,20160810,3.7684,3.9673,3.7485,3.8281,3.7585,0.06959999999999988,1.8518,739244.75,287436.6771,3.7207,392188.354,3.6958,267132.6208,3.6866,309902.4126
340,000552.SZ,20160809,3.7883,3.7983,3.7187,3.7585,3.8082,-0.04969999999999963,-1.3051,326215.13,122995.1163,3.6809,269123.44,3.6897,225477.4662,3.6754,294960.0344
341,000552.SZ,20160808,3.6193,3.8281,3.5895,3.8082,3.5895,0.21869999999999967,6.0928,662729.57,248884.2124,3.6511,223610.58,3.6927,219595.9262,3.6673,296133.4676
342,000552.SZ,20160805,3.6193,3.6392,3.5795,3.5895,3.6193,-0.029799999999999827,-0.8234,140749.32,51109.9719,3.6034,131218.186,3.6897,182463.8615,3.6547,281423.2621
343,000552.SZ,20160804,3.6193,3.6292,3.5895,3.6193,3.6292,-0.00990000000000002,-0.2728,92003.0,33399.0273,3.6173,127407.374,3.7072,187101.3715,3.6491,283586.1709
344,000552.SZ,20160803,3.5994,3.6392,3.5795,3.6292,3.6093,0.019899999999999807,0.5514,123920.18,45049.9484,3.6312,150012.86,3.7225,205394.7469,3.6447,291839.3532
345,000552.SZ,20160802,3.5895,3.6193,3.5596,3.6093,3.5696,0.03970000000000029,1.1122,98650.83,35668.9291,3.6372,200769.338,3.7394,226296.9262,3.6371,292912.8874
346,000552.SZ,20160801,3.6491,3.6591,3.5199,3.5696,3.6591,-0.08950000000000014,-2.446,200767.6,72236.7914,3.6829,225476.922,3.7638,248674.5231,3.6307,294602.3003
347,000552.SZ,20160729,3.669,3.6889,3.6491,3.6591,3.6889,-0.029799999999999827,-0.8078,121695.26,44886.8814,3.7267,217688.738,3.7975,283825.7754,3.624,292587.0147
348,000552.SZ,20160728,3.669,3.7187,3.6292,3.6889,3.6591,0.029799999999999827,0.8144,205030.43,75845.5302,3.7446,232895.234,3.8166,346906.0246,3.6137,295890.0759
349,000552.SZ,20160727,3.838,3.838,3.5895,3.6591,3.838,-0.17890000000000006,-4.6613,377702.57,141334.7913,3.7664,241840.17,3.8189,369428.7038,3.6076,295033.9012
350,000552.SZ,20160726,3.7983,3.848,3.7784,3.838,3.7883,0.04970000000000008,1.3119,222188.75,85389.2183,3.7883,202302.202,3.8158,360670.4692,3.6032,287710.6621
351,000552.SZ,20160725,3.7386,3.8181,3.7386,3.7883,3.7485,0.03980000000000006,1.0618,161826.68,61532.6924,3.7843,198071.842,3.8036,374274.8062,3.5938,285918.7291
352,000552.SZ,20160722,3.8082,3.838,3.7386,3.7485,3.7983,-0.049799999999999844,-1.3111,197727.74,74960.7533,3.7903,231669.882,3.7906,380662.2708,3.5862,289808.3124
353,000552.SZ,20160721,3.7684,3.8679,3.7585,3.7983,3.7684,0.029899999999999594,0.7934,249755.11,96032.1762,3.8102,271254.036,3.7807,394504.8885,3.5813,295256.5659
354,000552.SZ,20160720,3.8181,3.8281,3.7585,3.7684,3.8181,-0.04969999999999963,-1.3017,180012.73,68631.8592,3.836,299214.932,3.7646,408594.6377,3.5728,294703.3509
355,000552.SZ,20160719,3.8082,3.848,3.7585,3.8181,3.8181,0.0,0.0,201036.95,76875.5353,3.8838,394759.162,3.7424,406858.5538,3.5658,300338.5935
356,000552.SZ,20160718,3.8778,3.8877,3.7287,3.8181,3.848,-0.029900000000000038,-0.777,329816.88,126076.4027,3.9017,542899.472,3.718,404589.4369,3.5523,299013.3288
357,000552.SZ,20160715,3.9076,3.9971,3.848,3.848,3.9275,-0.07950000000000035,-2.0242,395648.51,155663.6035,3.8818,576501.148,3.692,395016.52,3.54,294136.7762
358,000552.SZ,20160714,3.9275,4.0071,3.8877,3.9275,4.0071,-0.07960000000000012,-1.9865,389559.59,154151.1021,3.836,550140.55,3.6644,382472.5892,3.5278,287401.4844
359,000552.SZ,20160713,3.9076,4.0071,3.8281,4.0071,3.9076,0.09950000000000037,2.5463,657733.88,258346.6661,3.7863,552037.658,3.63,375197.5746,3.5126,281286.3406
360,000552.SZ,20160712,3.7287,4.017,3.7287,3.9076,3.7187,0.18889999999999985,5.0797,941738.5,370056.4245,3.7088,469463.626,3.5818,343282.0438,3.4947,266133.1
361,000552.SZ,20160711,3.6193,3.8082,3.6193,3.7187,3.6193,0.09940000000000015,2.7464,497825.26,186923.866,3.6511,356652.28,3.5466,288625.5354,3.481,243110.0709
362,000552.SZ,20160708,3.6591,3.6789,3.5994,3.6193,3.6789,-0.0596000000000001,-1.62,263845.52,96186.1306,3.6253,343671.598,3.5283,278493.7354,3.4734,233391.2562
363,000552.SZ,20160707,3.6193,3.6889,3.6093,3.6789,3.6193,0.0596000000000001,1.6467,399045.13,146523.3086,3.5974,322391.222,3.5099,270704.2785,3.4678,232806.1826
364,000552.SZ,20160706,3.5895,3.6392,3.5596,3.6193,3.6193,0.0,0.0,244863.72,88562.9837,3.5616,276889.882,3.4885,256492.2085,3.4608,230279.3353
365,000552.SZ,20160705,3.5795,3.6591,3.5596,3.6193,3.5895,0.029799999999999827,0.8302,377681.77,137026.6506,3.5338,268990.93,3.477,266318.9377,3.4602,230379.1874
366,000552.SZ,20160704,3.4602,3.6292,3.4503,3.5895,3.4801,0.10939999999999994,3.1436,432921.85,155550.5917,3.5079,239970.058,3.4579,249606.52,3.4599,226195.6629
367,000552.SZ,20160701,3.5,3.5298,3.4701,3.4801,3.5,-0.019899999999999807,-0.5686,157443.64,55361.4821,3.4861,212382.568,3.4426,228311.8292,3.4587,220089.0915
368,000552.SZ,20160630,3.49,3.5099,3.4503,3.5,3.4801,0.019899999999999807,0.5718,171538.43,60035.0691,3.4662,229460.236,3.4319,226373.6946,3.4634,222699.0385
369,000552.SZ,20160629,3.5099,3.5099,3.4602,3.4801,3.49,-0.00990000000000002,-0.2837,205368.96,72019.9627,3.4562,241393.328,3.4174,231178.38,3.4707,221773.7774
370,000552.SZ,20160628,3.4701,3.5,3.4304,3.49,3.4801,0.00990000000000002,0.2845,232577.41,81002.0711,3.4562,273541.908,3.4174,228913.1131,3.4821,219186.3441
371,000552.SZ,20160627,3.3608,3.5298,3.3608,3.4801,3.3807,0.09940000000000015,2.9402,294984.4,103279.6251,3.4344,259542.942,3.4189,220923.5,3.4914,218705.8762
372,000552.SZ,20160624,3.4503,3.4801,3.321,3.3807,3.4503,-0.06959999999999988,-2.0172,242831.98,82974.9037,3.4185,243403.706,3.422,210637.2408,3.5086,219791.2785
373,000552.SZ,20160623,3.4801,3.5298,3.4204,3.4503,3.4801,-0.02980000000000027,-0.8563,231203.89,80468.2972,3.4363,269359.55,3.4334,214578.82,3.5353,221410.3097
374,000552.SZ,20160622,3.3807,3.5497,3.3508,3.4801,3.3807,0.09940000000000015,2.9402,366111.86,128080.6457,3.4204,255202.84,3.4434,226253.01,3.5549,218027.5503
375,000552.SZ,20160621,3.4105,3.4403,3.3508,3.3807,3.4005,-0.01980000000000004,-0.5823,162582.58,55658.2428,3.4025,213198.642,3.4457,215855.6208,3.5745,211515.5841
376,000552.SZ,20160620,3.4304,3.4602,3.3409,3.4005,3.4701,-0.06959999999999988,-2.0057,214288.22,73215.2435,3.3946,207131.704,3.4571,231934.7285,3.5944,209433.6365
377,000552.SZ,20160617,3.3906,3.5795,3.3608,3.4701,3.3707,0.09940000000000015,2.9489,372611.2,129674.7321,3.3767,211073.928,3.4541,227449.3231,3.6134,207287.6879
378,000552.SZ,20160616,3.4005,3.4005,3.3508,3.3707,3.3906,-0.01990000000000025,-0.5869,160420.34,54409.3295,3.3787,171735.786,3.4487,211403.3915,3.631,200170.3297
379,000552.SZ,20160615,3.311,3.4304,3.2912,3.3906,3.3409,0.04970000000000008,1.4876,156090.87,53100.1299,3.4065,165394.206,3.4533,211882.4877,3.654,199826.7176
380,000552.SZ,20160614,3.311,3.3608,3.2912,3.3409,3.311,0.029900000000000038,0.9031,132247.89,44267.6791,3.4324,166428.638,3.4548,213848.1669,3.6765,200431.9444
381,000552.SZ,20160613,3.4204,3.4503,3.3011,3.311,3.4801,-0.16910000000000025,-4.8591,233999.34,79966.4522,3.4701,198793.562,3.4594,214638.6138,3.6988,201152.0147
382,000552.SZ,20160608,3.5199,3.5298,3.4602,3.4801,3.5099,-0.029799999999999827,-0.849,175920.49,61672.022,3.5238,228587.366,3.4694,208866.0115,3.7212,202461.7756
383,000552.SZ,20160607,3.5199,3.5397,3.5,3.5099,3.5199,-0.009999999999999787,-0.2841,128712.44,45548.1231,3.5298,239592.428,3.4678,208209.4785,3.7381,206044.3344
384,000552.SZ,20160606,3.5298,3.5397,3.5,3.5199,3.5298,-0.00990000000000002,-0.2805,161263.03,57066.5969,3.5338,288172.136,3.4617,217074.1385,3.7594,207918.8265
385,000552.SZ,20160603,3.5795,3.5795,3.5,3.5298,3.5795,-0.04970000000000008,-1.3885,294072.51,104517.0476,3.502,287115.12,3.4556,228756.3915,3.7809,212128.2256
386,000552.SZ,20160602,3.49,3.6392,3.49,3.5795,3.5099,0.06959999999999988,1.983,382968.36,136608.3675,3.4761,261103.436,3.461,225232.2515,3.8041,212103.9629
387,000552.SZ,20160601,3.5199,3.5596,3.49,3.5099,3.5298,-0.019899999999999807,-0.5638,230945.8,81951.0425,3.4463,217839.482,3.4633,213884.0654,3.8263,215595.5776
388,000552.SZ,20160531,3.3608,3.5397,3.3608,3.5298,3.3608,0.16900000000000004,5.0286,371610.98,129808.4856,3.4264,207979.262,3.4663,213449.6515,3.8515,238066.28
389,000552.SZ,20160530,3.4005,3.4005,3.3409,3.3608,3.4005,-0.03970000000000029,-1.1675,155977.95,52846.8918,3.4005,162161.806,3.4747,203801.2562,3.8722,233190.6394
390,000552.SZ,20160527,3.4105,3.4403,3.3707,3.4005,3.4304,-0.029900000000000038,-0.8716,164014.09,56143.2484,3.4164,162757.318,3.5045,202578.3023,3.8977,237561.1118
391,000552.SZ,20160526,3.4005,3.4403,3.3508,3.4304,3.4105,0.01990000000000025,0.5835,166648.59,56966.3312,3.4284,163431.612,3.5404,198992.3131,3.9197,241060.3538
392,000552.SZ,20160525,3.4204,3.4602,3.3707,3.4105,3.4005,0.009999999999999787,0.2941,181644.7,62562.672,3.4284,178892.498,3.5694,202807.1523,3.9442,249909.445
393,000552.SZ,20160524,3.4503,3.4503,3.3608,3.4005,3.4403,-0.03980000000000006,-1.1569,142523.7,48642.5883,3.4343,205190.022,3.6197,214364.3354,3.9678,251457.6759
394,000552.SZ,20160523,3.4403,3.49,3.4204,3.4403,3.4602,-0.019899999999999807,-0.5751,158955.51,55178.1131,3.4741,226337.02,3.6879,226314.7462,3.9921,257284.9109
395,000552.SZ,20160520,3.3906,3.4602,3.3508,3.4602,3.4304,0.029799999999999827,0.8687,167385.56,57265.7386,3.5079,241634.306,3.7401,223025.0969,4.0138,260988.3476
396,000552.SZ,20160519,3.4602,3.49,3.4304,3.4304,3.4403,-0.00990000000000002,-0.2878,243953.02,84922.1244,3.5258,253216.878,3.7927,221280.4392,4.0354,264158.9759
397,000552.SZ,20160518,3.5795,3.5795,3.4005,3.4403,3.5994,-0.15910000000000002,-4.4202,313132.32,109155.6478,3.5676,253662.642,3.8411,209576.0808,4.0579,266036.5541
398,000552.SZ,20160517,3.6193,3.6988,3.5795,3.5994,3.6093,-0.00990000000000002,-0.2743,248258.69,90557.9185,3.6291,219052.088,3.8876,196360.2077,4.074,265256.9703
399,000552.SZ,20160516,3.5397,3.6491,3.49,3.6093,3.5497,0.0596000000000001,1.679,235441.94,84528.4313,3.6826,192879.596,3.9237,187311.1562,4.092,270200.5288
400,000552.SZ,20160513,3.6392,3.6988,3.5199,3.5497,3.6392,-0.08950000000000014,-2.4593,225298.42,81708.4184,3.7222,189039.508,3.9656,180641.5862,4.1128,272841.5382
401,000552.SZ,20160512,3.7287,3.7287,3.5596,3.6392,3.7485,-0.10929999999999973,-2.9158,246181.84,89744.5011,3.8252,210357.44,4.0121,176900.8292,4.132,277635.7462
402,000552.SZ,20160511,3.8964,3.9014,3.7481,3.7481,3.8668,-0.11870000000000003,-3.0697,140079.55,108128.845,3.9548,220696.88,4.0475,170019.94,4.1472,279667.0206
403,000552.SZ,20160510,3.8223,3.9162,3.8223,3.8668,3.8074,0.05940000000000012,1.5601,117396.23,91631.8922,4.029,215918.984,4.0726,180670.0677,4.1576,286221.0121
404,000552.SZ,20160509,4.0201,4.0448,3.7629,3.8074,4.0646,-0.25720000000000054,-6.3278,216241.5,171422.774,4.0843,221380.74,4.087,194541.7031,4.1619,292435.7976
405,000552.SZ,20160506,4.2673,4.297,4.0596,4.0646,4.2871,-0.22249999999999925,-5.19,331888.08,280360.2772,4.1348,196491.712,4.1197,192711.2162,4.1656,295039.5168
406,000552.SZ,20160505,4.1189,4.2871,4.0992,4.2871,4.1189,0.16819999999999968,4.0836,297879.04,253580.8354,4.1308,158379.29,4.1342,190595.41,4.1573,291212.9341
407,000552.SZ,20160504,4.1437,4.1437,4.0843,4.1189,4.1437,-0.024799999999999933,-0.5985,116190.07,96809.0497,4.0873,124927.686,4.1365,190239.1438,4.1389,285884.8582
408,000552.SZ,20160503,4.0547,4.1486,4.0349,4.1437,4.0596,0.08410000000000029,2.0716,144705.01,120359.5358,4.0942,131437.178,4.1532,219892.4662,4.1274,286447.4424
409,000552.SZ,20160429,4.0398,4.0843,3.9953,4.0596,4.0448,0.014799999999999258,0.3659,91796.36,75325.2095,4.0962,137829.892,4.1703,285295.9023,4.1171,287789.2668
410,000552.SZ,20160428,4.0794,4.0893,3.9904,4.0448,4.0695,-0.024699999999999278,-0.607,141325.97,115342.2298,4.1041,150816.676,4.1836,294068.4285,4.1059,289587.4841
411,000552.SZ,20160427,4.1437,4.1536,4.0547,4.0695,4.1536,-0.08410000000000029,-2.0247,130621.02,108315.6648,4.1101,178257.724,4.1977,306625.97,4.0952,289539.7991
412,000552.SZ,20160426,4.1536,4.1635,4.0547,4.1536,4.1536,0.0,0.0,148737.53,123693.7704,4.1071,211679.018,4.2038,318346.5315,4.0871,292925.5182
413,000552.SZ,20160425,4.0893,4.1832,4.0201,4.1536,4.0992,0.054400000000000226,1.3271,176668.58,147069.6986,4.1229,220420.546,4.2121,342868.0823,4.0838,299721.0321
414,000552.SZ,20160422,4.0448,4.1239,3.9805,4.0992,4.0744,0.024799999999999933,0.6087,156730.28,128596.0914,4.1427,245963.35,4.2167,347300.08,4.0817,305986.5847
415,000552.SZ,20160421,4.0547,4.2277,4.0448,4.0744,4.0547,0.019699999999999385,0.4859,278531.21,233023.8257,4.1862,273266.81,4.2266,361447.7269,4.0791,312794.5229
416,000552.SZ,20160420,4.2623,4.2871,3.9558,4.0547,4.2327,-0.17799999999999994,-4.2054,297727.49,247153.8027,4.2386,317897.22,4.2346,361935.5077,4.0765,315980.4697
417,000552.SZ,20160419,4.2673,4.3068,4.1733,4.2327,4.2525,-0.01980000000000004,-0.4656,192445.17,164950.9084,4.3009,457341.658,4.2452,360201.6177,4.0718,316948.3579
418,000552.SZ,20160418,4.2772,4.3415,4.1288,4.2525,4.3167,-0.06419999999999959,-1.4872,304382.6,258866.8577,4.3009,460020.464,4.2426,369074.3492,4.0538,317609.0847
419,000552.SZ,20160415,4.3217,4.381,4.292,4.3167,4.3365,-0.01980000000000004,-0.4566,293247.58,257244.4181,4.296,460058.746,4.222,367708.4931,4.033,315253.0868
420,000552.SZ,20160414,4.3612,4.3761,4.2426,4.3365,4.3662,-0.02970000000000006,-0.6802,501683.26,435666.4496,4.2623,458006.894,4.214,377177.1162,4.0144,313248.5965
421,000552.SZ,20160413,4.3464,4.6579,4.3365,4.3662,4.2327,0.13349999999999973,3.154,994949.68,910655.3348,4.2475,451173.78,4.2125,363604.27,3.9923,308551.5312
422,000552.SZ,20160412,4.203,4.2426,4.1041,4.2327,4.2277,0.005000000000000782,0.1183,205839.2,173578.4896,4.2168,299040.754,4.2,316939.0246,3.9809,286887.5815
423,000552.SZ,20160411,4.1684,4.3316,4.1684,4.2277,4.1486,0.0790999999999995,1.9067,304574.01,262332.2687,4.2158,326002.852,4.1939,325354.8685,3.9741,290578.8668
424,000552.SZ,20160408,4.1882,4.203,4.0547,4.1486,4.2623,-0.11369999999999969,-2.6676,282988.32,235818.2635,4.206,322062.522,4.1844,329842.6569,3.9665,297470.4821
425,000552.SZ,20160407,4.2277,4.4008,4.2129,4.2623,4.2129,0.049399999999999444,1.1726,467517.69,405988.1852,4.2149,320502.242,4.1737,333358.8585,3.9581,298248.0862
426,000552.SZ,20160406,4.203,4.2327,4.1684,4.2129,4.2277,-0.014799999999999258,-0.3501,234284.55,198935.4384,4.202,288556.84,4.1486,320839.6477,3.9485,295211.6159
427,000552.SZ,20160405,4.1635,4.2623,4.1239,4.2277,4.1783,0.049399999999999444,1.1823,340649.69,289689.3358,4.1565,299025.224,4.1155,318339.6262,3.9408,300434.8756
428,000552.SZ,20160401,4.1536,4.2673,4.1041,4.1783,4.1931,-0.014800000000000146,-0.353,284872.36,241181.008,4.1536,314163.222,4.0718,301114.6085,3.9303,299658.6265
429,000552.SZ,20160331,4.1684,4.2722,4.1091,4.1931,4.1981,-0.004999999999999893,-0.1191,275186.92,232118.1607,4.1812,322236.002,4.0372,289610.4215,3.9168,301872.3497
430,000552.SZ,20160330,4.0151,4.208,3.9904,4.1981,3.9854,0.21270000000000033,5.337,307790.68,253740.7985,4.1832,344858.916,4.0064,283082.7385,3.9053,297586.6553
431,000552.SZ,20160329,4.2178,4.2178,3.9657,3.9854,4.2129,-0.22750000000000048,-5.4001,286626.47,234985.6603,4.1743,346349.814,3.9664,271170.8208,3.8974,293102.3315
432,000552.SZ,20160328,4.3415,4.3711,4.1041,4.2129,4.3167,-0.10379999999999967,-2.4046,416339.68,355814.9338,4.1981,361607.572,3.9432,259869.1446,3.8941,291478.1297
433,000552.SZ,20160325,4.1882,4.3563,4.1684,4.3167,4.203,0.11369999999999969,2.7052,325236.26,280520.0796,4.1575,344079.424,3.9109,246745.7438,3.8812,280781.4621
434,000552.SZ,20160324,4.0695,4.381,4.0596,4.203,4.1536,0.04940000000000033,1.1893,388301.49,330413.9881,4.0814,339985.762,3.8896,250941.8008,3.8551,274066.1762
435,000552.SZ,20160323,4.0992,4.2525,4.0398,4.1536,4.1041,0.0495000000000001,1.2061,315245.17,263601.9754,3.9973,302682.318,3.8805,251049.1762,3.8345,264982.7424
436,000552.SZ,20160322,3.9854,4.203,3.9459,4.1041,4.0102,0.09389999999999965,2.3415,362915.26,297892.8482,3.8984,262978.176,3.8694,256661.1,3.8098,257601.03
437,000552.SZ,20160321,3.9756,4.0497,3.8964,4.0102,3.936,0.07420000000000027,1.8852,328698.94,263978.4555,3.8233,217458.71,3.8603,258502.4954,3.793,249782.8762
438,000552.SZ,20160318,3.7975,3.9459,3.7975,3.936,3.7827,0.15329999999999977,4.0527,304767.95,238896.1565,3.7797,189784.33,3.8515,258651.4762,3.7759,243147.3544
439,000552.SZ,20160317,3.7036,3.8074,3.6591,3.7827,3.6591,0.12360000000000015,3.3779,201784.27,152807.2159,3.7283,159417.89,3.8272,251739.3169,3.7721,237825.4556
440,000552.SZ,20160316,3.7481,3.7778,3.6591,3.6591,3.7283,-0.06919999999999993,-1.8561,116724.46,87389.5964,3.7085,147001.972,3.8089,253469.6554,3.7695,235613.8782
441,000552.SZ,20160315,3.7728,3.8272,3.7036,3.7283,3.7926,-0.06430000000000025,-1.6954,135317.93,102946.7121,3.7352,172804.174,3.8108,261805.8438,3.766,235507.9165
442,000552.SZ,20160314,3.7135,3.8717,3.6888,3.7926,3.6789,0.11370000000000013,3.0906,190327.04,146408.1532,3.7975,221697.588,3.7998,277703.16,3.7634,234520.9056
443,000552.SZ,20160311,3.6838,3.7283,3.6047,3.6789,3.6838,-0.0049000000000001265,-0.133,152935.75,113226.8182,3.8559,261571.654,3.8143,282937.6485,3.7584,231572.5174
444,000552.SZ,20160310,3.7926,3.847,3.6591,3.6838,3.7926,-0.10880000000000001,-2.8687,139704.68,106585.3091,3.9221,308624.54,3.839,296661.2754,3.7538,229575.0718
445,000552.SZ,20160309,3.8569,3.8915,3.7184,3.7926,4.0398,-0.24719999999999942,-6.1191,245735.47,190030.4369,3.9825,358054.284,3.8611,327367.7562,3.7487,229213.0568
446,000552.SZ,20160308,4.1832,4.2277,3.9508,4.0398,4.0843,-0.044500000000000206,-1.0895,379785.0,311919.9201,4.0032,375034.328,3.8664,332267.0938,3.7484,226195.2953
447,000552.SZ,20160307,4.0893,4.1733,3.9854,4.0843,4.0102,0.07409999999999961,1.8478,389697.37,319764.0816,3.9192,342059.304,3.8584,331074.2246,3.7376,219868.4541
448,000552.SZ,20160304,3.9459,4.1783,3.8668,4.0102,3.9854,0.024800000000000377,0.6223,388200.18,317621.5893,3.8114,308975.564,3.8481,332780.2254,3.7324,215608.3074
449,000552.SZ,20160303,3.8964,4.1288,3.8618,3.9854,3.8964,0.08899999999999997,2.2842,386853.4,314025.6864,3.7461,276354.51,3.8375,327092.3054,3.7421,215129.0676
450,000552.SZ,20160302,3.5998,3.9459,3.5899,3.8964,3.6195,0.2768999999999999,7.6502,330635.69,252816.7447,3.666,267380.438,3.8169,325037.3477,3.7668,214229.1635
451,000552.SZ,20160301,3.5849,3.6838,3.5107,3.6195,3.5454,0.07410000000000005,2.09,214909.88,156891.0297,3.6828,252928.378,3.8097,309563.3185,3.7812,207412.6544
452,000552.SZ,20160229,3.6245,3.7036,3.3575,3.5454,3.6838,-0.1384000000000003,-3.757,224278.67,160286.5863,3.759,276214.982,3.8337,304979.7638,3.818,208147.1682
453,000552.SZ,20160226,3.6294,3.7778,3.5157,3.6838,3.5849,0.09889999999999999,2.7588,225094.91,165909.3921,3.844,339137.034,3.8588,305527.8362,3.8439,207384.5985
454,000552.SZ,20160225,3.9805,4.0151,3.5849,3.5849,3.9805,-0.39559999999999995,-9.9384,341983.04,263874.3018,3.8796,356003.424,3.8656,292263.0723,3.8719,207915.8553
455,000552.SZ,20160224,3.9607,4.025,3.8964,3.9805,4.0003,-0.01980000000000004,-0.495,258375.39,207210.015,3.9498,360462.356,3.8538,273411.8031,3.913,208090.9888
456,000552.SZ,20160223,3.9508,4.0102,3.8865,4.0003,3.9706,0.02970000000000006,0.748,331342.9,264225.5995,3.9439,391162.354,3.8169,259649.4454,3.934,202287.0879
457,000552.SZ,20160222,3.9063,4.1041,3.8767,3.9706,3.8618,0.10880000000000001,2.8173,538888.93,435077.9283,3.9182,387745.218,3.7641,239105.1415,3.9524,193801.6594
458,000552.SZ,20160219,3.8618,3.9162,3.8272,3.8618,3.936,-0.07419999999999982,-1.8852,309426.86,241733.8642,3.8677,351995.222,3.7306,205121.2262,3.9684,180171.8774
459,000552.SZ,20160218,3.9805,4.1239,3.9261,3.936,3.9508,-0.014800000000000146,-0.3746,364277.7,295227.4578,3.8559,316004.512,3.6971,189249.2523,3.9921,173310.4618
460,000552.SZ,20160217,3.8272,3.9508,3.7481,3.9508,3.8717,0.07909999999999995,2.043,411875.38,318242.9047,3.8549,274213.706,3.6872,170752.7669,4.0161,166240.2488
461,000552.SZ,20160216,3.6789,3.9459,3.669,3.8717,3.7184,0.1533000000000002,4.1227,314257.22,240515.4784,3.8391,238119.352,3.6675,148807.7869,4.0347,156406.2656
462,000552.SZ,20160215,3.6344,3.753,3.5553,3.7184,3.8025,-0.08410000000000029,-2.2117,360138.95,263323.6069,3.8193,185798.504,3.642,133335.8285,4.0596,149646.9174
463,000552.SZ,20160205,3.9212,3.9409,3.7975,3.8025,3.931,-0.12849999999999984,-3.2689,129473.31,101140.0044,3.7619,133154.022,3.6359,113460.4908,4.0893,142985.0244
464,000552.SZ,20160204,3.8767,4.025,3.8124,3.931,3.8717,0.05929999999999991,1.5316,155323.67,123462.3694,3.7016,123152.308,3.6222,110430.3777,4.1137,141523.6068
465,000552.SZ,20160203,3.7975,4.0497,3.7629,3.8717,3.7728,0.09889999999999999,2.6214,231403.61,182403.4414,3.578,104940.964,3.5906,105022.6031,4.1338,140243.0865
466,000552.SZ,20160202,3.7728,3.7728,3.7728,3.7728,3.4316,0.34120000000000017,9.9429,52652.98,40174.2237,3.5108,78079.848,3.5629,97022.0308,4.1518,134800.7097
467,000552.SZ,20160201,3.6245,3.6245,3.3575,3.4316,3.5009,-0.06930000000000014,-1.9795,96916.54,68867.6145,3.4415,88167.492,3.5636,103981.9231,4.172,135367.4
468,000552.SZ,20160129,3.313,3.5009,3.2338,3.5009,3.313,0.18789999999999996,5.6716,79464.74,54021.6592,3.5167,93548.862,3.5823,109193.9123,4.203,135150.5485
469,000552.SZ,20160128,3.4662,3.5058,3.2882,3.313,3.5355,-0.2224999999999997,-6.2933,64266.95,44414.5419,3.5553,102974.042,3.6134,121916.0385,4.2272,134017.4662
470,000552.SZ,20160127,3.4366,3.5899,3.2586,3.5355,3.4267,0.10880000000000001,3.1751,97098.03,67697.5119,3.6007,112745.004,3.6926,145580.5831,4.2554,133488.3868
471,000552.SZ,20160126,3.7481,3.758,3.4267,3.4267,3.8074,-0.38070000000000004,-9.9989,103091.2,74709.4322,3.6215,113677.31,3.7918,165515.8623,4.278,131504.7059
472,000552.SZ,20160125,3.758,3.9459,3.7085,3.8074,3.6937,0.11369999999999969,3.0782,123823.39,95597.4886,3.6611,111075.438,3.8656,165191.4915,4.3054,129750.9135
473,000552.SZ,20160122,3.5998,3.7877,3.5998,3.6937,3.5404,0.1533000000000002,4.33,126590.64,94481.8221,3.6037,103315.28,3.9474,174119.1808,4.3269,127607.925
474,000552.SZ,20160121,3.5899,3.7778,3.5256,3.5404,3.6393,-0.09889999999999999,-2.7176,113121.76,84147.6155,3.5671,103476.386,4.0037,179639.2315,4.3499,125740.1985
475,000552.SZ,20160120,3.5998,3.7085,3.5009,3.6393,3.6245,0.014800000000000146,0.4083,101759.56,74027.1349,3.6156,109478.35,4.0877,189641.9915,4.3806,125020.6959
476,000552.SZ,20160119,3.5107,3.6541,3.4662,3.6245,3.5206,0.10389999999999988,2.9512,90081.84,65610.5839,3.6225,122060.918,4.1912,208578.7623,4.4066,123799.0965
477,000552.SZ,20160118,3.3674,3.6245,3.3674,3.5206,3.5107,0.00990000000000002,0.282,85022.6,60384.4869,3.6788,153015.026,4.2734,206344.9869,4.4286,122749.3491
478,000552.SZ,20160115,3.7283,3.7382,3.4267,3.5107,3.7827,-0.27200000000000024,-7.1906,127396.17,92182.8408,3.843,210391.712,4.3586,203100.0431,4.4533,122511.7129
479,000552.SZ,20160114,3.5602,3.9558,3.4119,3.7827,3.6739,0.10880000000000001,2.9614,143131.58,105506.3556,4.1061,256163.81,4.4358,199106.21,4.4796,122549.5571
480,000552.SZ,20160113,3.9014,4.0448,3.6393,3.6739,3.9063,-0.23239999999999972,-5.9494,164672.4,129240.6725,4.2267,247312.37,4.5039,193952.9138,4.5122,123330.8
481,000552.SZ,20160112,4.0646,4.1981,3.9063,3.9063,4.3415,-0.43520000000000003,-10.0242,244852.38,196681.5278,4.4661,262354.56,4.5868,190815.8415,4.5422,120694.4891
482,000552.SZ,20160111,4.8211,4.8705,4.3415,4.3415,4.826,-0.4844999999999997,-10.0394,371906.03,342276.3679,4.5699,253054.344,4.6389,177944.1162,4.5621,115226.1726
483,000552.SZ,20160108,4.5986,4.826,4.3909,4.826,4.386,0.4399999999999995,10.0319,356256.66,342168.0284,4.6282,227304.666,4.6678,155831.2969,4.5712,106986.8332
484,000552.SZ,20160107,4.8705,4.9348,4.386,4.386,4.8705,-0.4844999999999997,-9.9476,98874.38,94678.013,4.6599,225640.85,4.6602,138706.5223,4.5662,98253.0921
485,000552.SZ,20160106,4.4354,4.8705,4.3909,4.8705,4.4255,0.4449999999999994,10.0554,239883.35,230168.1103,4.7212,218074.526,4.6792,137238.1169,4.5728,96617.8915
486,000552.SZ,20160105,4.3909,4.6728,4.1684,4.4255,4.6332,-0.2077,-4.4829,198351.3,178306.1958,4.6728,178665.522,4.6594,127384.4731,4.5637,91445.3518
487,000552.SZ,20160104,4.8458,5.1029,4.5986,4.6332,4.9843,-0.35109999999999975,-7.0441,243157.64,242750.7873,4.6906,154090.53,4.664,115693.05,4.5704,88878.6497
488,000552.SZ,20151231,4.7865,5.1623,4.737,4.9843,4.6925,0.2918000000000003,6.2184,347937.58,355195.6305,4.6975,120686.748,4.6507,102520.9585,4.5682,83641.7126
489,000552.SZ,20151230,4.6381,4.6925,4.5739,4.6925,4.6283,0.06419999999999959,1.3871,61042.76,57144.2893,4.651,75877.324,4.6123,82644.4977,4.5541,76318.0882
490,000552.SZ,20151229,4.4947,4.6629,4.47,4.6283,4.5145,0.11380000000000035,2.5208,42838.33,39624.4448,4.6293,79172.762,4.5838,81098.1269,4.5545,78517.7912
491,000552.SZ,20151228,4.6728,4.6925,4.5096,4.5145,4.6678,-0.15329999999999977,-3.2842,75476.34,70163.3077,4.6471,87492.972,4.5564,81362.7362,4.5576,81061.3341
492,000552.SZ,20151225,4.7074,4.742,4.5986,4.6678,4.7519,-0.08410000000000029,-1.7698,76138.73,71629.767,4.6896,99124.622,4.5404,77837.8546,4.5631,83613.9229
493,000552.SZ,20151224,4.5838,4.8557,4.559,4.7519,4.5838,0.16809999999999992,3.6673,123890.46,118560.1965,4.6827,99853.898,4.5164,75324.28,4.5618,86347.8041
494,000552.SZ,20151223,4.7173,4.742,4.564,4.5838,4.7173,-0.13349999999999973,-2.83,77519.95,72834.7733,4.655,97433.002,4.5001,69714.3815,4.5576,87000.0162
495,000552.SZ,20151222,4.7469,4.7717,4.6728,4.7173,4.7271,-0.009800000000000253,-0.2073,84439.38,80542.3802,4.6352,91201.572,4.4917,68604.2269,4.5567,91377.3676
496,000552.SZ,20151221,4.5887,4.8162,4.5739,4.7271,4.6332,0.09389999999999965,2.0267,133634.59,127359.4641,4.5837,88697.786,4.4814,68928.7877,4.5512,94549.6038
497,000552.SZ,20151218,4.5788,4.6579,4.559,4.6332,4.6134,0.01980000000000004,0.4292,79785.11,74167.3278,4.5353,79879.586,4.4658,63281.91,4.5387,94481.8112
498,000552.SZ,20151217,4.5145,4.6975,4.4849,4.6134,4.4849,0.12850000000000072,2.8652,111785.98,103848.4091,4.473,72110.552,4.4457,61328.4731,4.5273,95774.77
499,000552.SZ,20151216,4.5244,4.5739,4.4552,4.4849,4.4601,0.024799999999999933,0.556,46362.8,42276.63,4.4048,59009.006,4.4263,58648.2415,4.5157,94555.4206
500,000552.SZ,20151215,4.4601,4.5294,4.3365,4.4601,4.4849,-0.024799999999999933,-0.553,71920.45,64943.4767,4.3691,55667.022,4.4202,64980.5546,4.5064,94866.2697
501,000552.SZ,20151214,4.3167,4.5392,4.2426,4.4849,4.3217,0.1631999999999998,3.7763,89543.59,80010.868,4.3484,49975.384,4.4533,72501.5846,4.4966,95029.8641
502,000552.SZ,20151211,4.2722,4.3909,4.2178,4.3217,4.2722,0.0495000000000001,1.1587,40939.94,35441.4223,4.3592,42259.022,4.4692,71385.7569,4.4878,94801.1891
503,000552.SZ,20151210,4.3415,4.3662,4.2574,4.2722,4.3068,-0.034600000000000186,-0.8034,46278.25,40250.3934,4.3899,46688.622,4.4894,72769.5785,4.4841,96804.9932
504,000552.SZ,20151209,4.4008,4.4008,4.292,4.3068,4.3563,-0.0495000000000001,-1.1363,29652.88,26008.3918,4.4522,55164.706,4.5187,76268.8277,4.4824,98378.2509
505,000552.SZ,20151208,4.4997,4.5096,4.3415,4.3563,4.5392,-0.18290000000000006,-4.0293,43462.26,38750.4934,4.4957,61279.166,4.5453,78550.1031,4.4751,99846.7379
506,000552.SZ,20151207,4.4502,4.5392,4.4206,4.5392,4.475,0.06420000000000048,1.4346,50961.78,46322.6177,4.4987,63464.8,4.5651,78535.8954,4.4629,102496.5803
507,000552.SZ,20151204,4.5491,4.5788,4.4156,4.475,4.5838,-0.10880000000000045,-2.3736,63087.94,57455.3394,4.4631,68661.038,4.5666,79540.1431,4.4555,104069.3429
508,000552.SZ,20151203,4.4997,4.737,4.4651,4.5838,4.5244,0.05940000000000012,1.3129,88658.67,82523.197,4.4492,81780.024,4.5803,83232.1038,4.4495,106392.4109
509,000552.SZ,20151202,4.3612,4.5392,4.2722,4.5244,4.3711,0.15329999999999977,3.5071,60225.18,53732.2223,4.5105,97987.058,4.5784,81420.0354,4.4403,107714.9521
510,000552.SZ,20151201,4.3513,4.4255,4.2525,4.3711,4.3612,0.00990000000000002,0.227,54390.43,47650.9525,4.5442,100949.588,4.5769,84397.6638,4.431,108635.9897
511,000552.SZ,20151130,4.4008,4.4453,4.1684,4.3612,4.4057,-0.044500000000000206,-1.0101,76942.97,67474.2004,4.5867,101857.426,4.6028,90662.4508,4.4233,110316.4903
512,000552.SZ,20151127,4.8557,4.8607,4.4008,4.4057,4.8903,-0.4845999999999995,-9.9094,128682.87,120857.5024,4.6451,104822.53,4.6313,94691.36,4.4171,111393.5826
513,000552.SZ,20151126,4.6925,4.9299,4.6579,4.8903,4.6925,0.19779999999999998,4.2152,169693.84,165870.6869,4.6945,90947.848,4.6541,97274.5515,4.4105,112001.7424
514,000552.SZ,20151125,4.5887,4.7173,4.5689,4.6925,4.5838,0.1086999999999998,2.3714,75037.83,70572.4294,4.6391,65664.592,4.6336,97228.1554,4.3855,110256.7338
515,000552.SZ,20151124,4.6579,4.6728,4.5096,4.5838,4.653,-0.06919999999999948,-1.4872,58929.62,54481.5679,4.6124,63460.426,4.6271,102691.8354,4.3633,110109.1126
516,000552.SZ,20151123,4.648,4.7321,4.6283,4.653,4.653,0.0,0.0,91768.49,86898.8138,4.6263,73891.188,4.6248,115570.3185,4.3385,109373.1818
517,000552.SZ,20151120,4.6233,4.6826,4.5739,4.653,4.6134,0.03959999999999919,0.8584,59309.46,55575.3311,4.6075,68557.846,4.6153,123303.1585,4.3109,108001.7735
518,000552.SZ,20151119,4.5689,4.6283,4.5392,4.6134,4.559,0.054400000000000226,1.1932,43277.56,40092.8944,4.5778,76482.824,4.5883,128843.1723,4.2892,108076.8229
519,000552.SZ,20151118,4.6184,4.6975,4.559,4.559,4.653,-0.09399999999999942,-2.0202,64017.0,60104.2592,4.5966,94993.844,4.5602,135033.03,4.2693,109764.6203
520,000552.SZ,20151117,4.5887,4.7964,4.5739,4.653,4.559,0.09399999999999942,2.0619,111083.43,105288.8266,4.6312,108054.202,4.5339,135518.4992,4.2523,110330.6941
521,000552.SZ,20151116,4.4255,4.5689,4.4008,4.559,4.5046,0.054400000000000226,1.2077,65101.78,59214.2515,4.6411,118290.388,4.4966,131352.9792,4.2301,110920.5274
522,000552.SZ,20151113,4.6283,4.6381,4.4898,4.5046,4.7074,-0.20279999999999987,-4.3081,98934.35,91385.5323,4.654,139088.17,4.4636,132305.3546,4.2155,113398.2232
523,000552.SZ,20151112,4.9002,4.915,4.6728,4.7074,4.7321,-0.024700000000000166,-0.522,135832.66,131401.2737,4.6747,148514.434,4.4388,130984.9154,4.1917,112320.2588
524,000552.SZ,20151111,4.6678,4.7815,4.648,4.7321,4.7024,0.02970000000000006,0.6316,129318.79,123300.6167,4.6441,166617.882,4.3997,128926.1938,4.1585,109292.5353
525,000552.SZ,20151110,4.5986,4.7568,4.4997,4.7024,4.6233,0.0790999999999995,1.7109,162264.36,151664.6055,4.6035,179213.206,4.3597,126653.1338,4.1227,107895.7918
526,000552.SZ,20151109,4.5294,4.8458,4.4898,4.6233,4.6085,0.014800000000000146,0.3211,169090.69,159339.3435,4.5234,173026.262,4.3103,120292.9092,4.0922,105724.3603
527,000552.SZ,20151106,4.4997,4.6332,4.4552,4.6085,4.5541,0.054400000000000226,1.1945,146065.67,134797.6841,4.4483,163957.266,4.2578,117559.5408,4.0554,103268.4618
528,000552.SZ,20151105,4.4997,4.7766,4.4305,4.5541,4.5294,0.024700000000000166,0.5453,226349.9,209288.4253,4.3701,148809.752,4.2331,114357.2362,4.0257,100960.985
529,000552.SZ,20151104,4.3266,4.5838,4.3217,4.5294,4.3019,0.22750000000000004,5.2884,192295.41,173011.9774,4.293,114926.106,4.2114,107874.34,4.0094,95355.5347
530,000552.SZ,20151103,4.2525,4.4255,4.2327,4.3019,4.2475,0.054400000000000226,1.2808,131329.64,115002.5596,4.2129,91963.556,4.1916,103361.2369,3.9955,91189.8306
531,000552.SZ,20151102,4.1684,4.3266,4.1189,4.2475,4.2178,0.02969999999999917,0.7042,123745.71,106417.8243,4.1891,82051.356,4.1844,100300.5308,3.9915,89726.4891
532,000552.SZ,20151030,4.1783,4.2178,4.0843,4.2178,4.1684,0.04940000000000033,1.1851,70328.1,59171.0161,4.1793,79116.07,4.1737,99360.6646,3.9862,87615.5479
533,000552.SZ,20151029,4.1882,4.2129,4.1288,4.1684,4.1288,0.03960000000000008,0.9591,56931.67,48163.5493,4.1783,85004.252,4.1684,102686.5115,3.9777,87670.9582
534,000552.SZ,20151028,4.1783,4.2327,4.0794,4.1288,4.1832,-0.054400000000000226,-1.3004,77482.66,65189.3943,4.1565,89534.206,4.1695,109796.4062,3.9734,90014.3491
535,000552.SZ,20151027,4.208,4.2129,4.0052,4.1832,4.1981,-0.014899999999999913,-0.3549,81768.64,68190.4348,4.1189,100749.054,4.1627,112325.7054,3.9628,90019.1709
536,000552.SZ,20151026,4.2525,4.2871,4.1585,4.1981,4.2129,-0.014800000000000146,-0.3513,109069.28,93272.3169,4.1397,105282.468,4.1437,111421.8646,3.9513,90071.6953
537,000552.SZ,20151023,4.0646,4.2871,4.0497,4.2129,4.0596,0.15330000000000066,3.7762,99769.01,83626.7143,4.1545,111883.062,4.1087,105640.2254,3.9452,90501.9506
538,000552.SZ,20151022,3.9409,4.0942,3.9014,4.0596,3.9409,0.11869999999999958,3.012,79581.44,64447.7185,4.1664,118654.274,4.0703,101438.0408,3.9312,89661.3079
539,000552.SZ,20151021,4.2722,4.3019,3.8569,3.9409,4.2871,-0.3461999999999996,-8.0754,133556.9,111481.2447,4.1961,121046.078,4.0592,100074.9408,3.9159,90310.9332
540,000552.SZ,20151020,4.2722,4.3118,4.1931,4.2871,4.2722,0.014899999999999913,0.3488,104435.71,89845.8777,4.2297,116640.188,4.0588,97544.6154,3.9103,88327.0224
541,000552.SZ,20151019,4.2574,4.3909,4.208,4.2722,4.2722,0.0,0.0,142072.25,123126.3071,4.202,118465.868,4.0353,95915.9846,3.9066,88148.7218
542,000552.SZ,20151016,4.2376,4.3316,4.1585,4.2722,4.208,0.06419999999999959,1.5257,133625.07,114223.769,4.1842,119923.478,4.0064,95074.87,3.9171,86097.1482
543,000552.SZ,20151015,4.0794,4.2228,4.0794,4.208,4.1091,0.09890000000000043,2.4069,91540.46,77188.6852,4.1377,115271.174,3.9904,96283.9754,3.9364,84396.8718
544,000552.SZ,20151014,4.1288,4.297,4.0992,4.1091,4.1486,-0.03950000000000031,-0.9521,111527.45,94255.993,4.0833,110966.824,3.9508,94033.4446,3.9619,85019.4824
545,000552.SZ,20151013,4.1041,4.1783,4.0794,4.1486,4.1832,-0.034600000000000186,-0.8271,113564.11,94844.1313,4.0101,95442.928,3.9101,87984.4146,3.9897,86873.7594
546,000552.SZ,20151012,4.0398,4.2228,3.9854,4.1832,4.0398,0.14340000000000064,3.5497,149360.3,124685.3657,3.9231,81758.228,3.8614,85543.2915,4.0327,87966.5
547,000552.SZ,20151009,3.9113,4.0942,3.8915,4.0398,3.936,0.10379999999999967,2.6372,110363.55,89485.1473,3.8697,64258.396,3.8215,80856.7831,4.0721,88327.4974
548,000552.SZ,20151008,3.8668,3.9756,3.8668,3.936,3.7431,0.19289999999999985,5.1535,70018.71,55576.5137,3.849,62318.22,3.7702,78951.1362,4.1159,88993.6226
549,000552.SZ,20150930,3.8025,3.8124,3.7135,3.7431,3.7135,0.029600000000000293,0.7971,33907.97,25803.2184,3.8579,64967.18,3.7443,78765.9631,4.1613,91782.7344
550,000552.SZ,20150929,3.8124,3.8816,3.6492,3.7135,3.9162,-0.2027000000000001,-5.1759,45140.61,34514.6602,3.8885,84413.138,3.7641,78908.78,4.2128,97229.9915
551,000552.SZ,20150928,3.9162,3.9508,3.7679,3.9162,3.936,-0.01980000000000004,-0.503,61861.14,48350.4213,3.9587,105253.704,3.7903,79333.4615,4.2686,103348.1159
552,000552.SZ,20150925,3.936,4.0398,3.758,3.936,3.9805,-0.044500000000000206,-1.118,100662.67,79345.712,3.9142,105338.188,3.8097,80849.9915,4.3101,105964.1638
553,000552.SZ,20150924,3.8717,4.0398,3.8717,3.9805,3.8964,0.08410000000000029,2.1584,83263.51,66469.6063,3.843,91783.666,3.8196,77104.6869,4.3495,108751.53
554,000552.SZ,20150923,4.0992,4.0992,3.842,3.8964,4.0646,-0.16820000000000057,-4.1382,131137.76,105042.9014,3.7501,91496.866,3.8158,76254.5746,4.3882,112860.7035
555,000552.SZ,20150922,3.6937,4.0646,3.6838,4.0646,3.6937,0.37090000000000023,10.0414,149343.44,119792.1871,3.7036,82956.452,3.8253,76675.2823,4.4348,116163.0124
556,000552.SZ,20150921,3.5305,3.7184,3.5009,3.6937,3.58,0.11370000000000013,3.176,62283.56,46017.0926,3.5651,70205.792,3.8025,71160.1408,4.4667,116047.6182
557,000552.SZ,20150918,3.5651,3.6096,3.5058,3.58,3.5157,0.06430000000000025,1.8289,32890.06,23653.0692,3.5464,71271.372,3.8101,72796.3646,4.4956,116397.0306
558,000552.SZ,20150917,3.6245,3.7333,3.5157,3.5157,3.664,-0.14830000000000032,-4.0475,81829.51,60345.2905,3.6304,71846.278,3.8417,79781.5877,4.5275,119421.7976
559,000552.SZ,20150916,3.3871,3.7085,3.3772,3.664,3.3723,0.29170000000000007,8.6499,88435.69,63206.5282,3.7382,65612.67,3.8588,78962.9454,4.5682,119654.4788
560,000552.SZ,20150915,3.5503,3.6838,3.3031,3.3723,3.5998,-0.22750000000000004,-6.3198,85590.14,60398.0844,3.8391,64240.738,3.8493,79980.8692,4.5976,122659.2994
561,000552.SZ,20150914,4.0151,4.0497,3.5998,3.5998,4.0003,-0.4005000000000001,-10.0117,67611.46,51189.3721,3.9776,57517.452,3.8782,78481.93,4.6409,125659.5853
562,000552.SZ,20150911,4.114,4.1189,3.9212,4.0003,4.0547,-0.054400000000000226,-1.3417,35764.59,29130.2309,4.0438,58437.57,3.9216,80848.24,4.6934,131981.7106
563,000552.SZ,20150910,4.1041,4.2228,4.0299,4.0547,4.1684,-0.11369999999999969,-2.7277,50661.47,41989.8806,4.0478,78606.044,3.9699,83660.0985,4.7373,136993.9232
564,000552.SZ,20150909,4.0646,4.203,4.0448,4.1684,4.0646,0.10379999999999967,2.5538,81576.03,68189.0597,3.9904,84003.07,4.0372,85595.0369,4.7769,141920.1079
565,000552.SZ,20150908,3.9162,4.0794,3.8173,4.0646,3.931,0.13360000000000039,3.3986,51973.71,41518.2005,3.9152,84398.758,4.1068,87989.8977,4.807,144412.8721
566,000552.SZ,20150907,3.9508,4.1536,3.9063,3.931,4.0201,-0.08910000000000018,-2.2164,72212.05,59133.8298,3.9004,98743.608,4.1829,97420.6023,4.8384,149150.5203
567,000552.SZ,20150902,3.575,4.0201,3.5355,4.0201,3.7679,0.2522000000000002,6.6934,136606.96,105559.6171,3.8618,98538.63,4.3122,103459.4669,4.8752,152514.5659
568,000552.SZ,20150901,3.7679,3.8865,3.664,3.7679,3.7926,-0.024700000000000166,-0.6513,77646.6,59365.0929,3.7659,91550.978,4.4278,105384.64,4.9007,155704.2538
569,000552.SZ,20150831,4.0151,4.0151,3.758,3.7926,3.9904,-0.19779999999999998,-4.9569,83554.47,65170.5016,3.7619,89242.444,4.5632,109643.5023,4.9335,153827.6035
570,000552.SZ,20150828,3.8371,4.0052,3.7827,3.9904,3.7382,0.2522000000000002,6.7466,123697.96,97129.7413,3.8361,92206.248,4.6929,115896.89,4.9526,154015.9368
571,000552.SZ,20150827,3.6096,3.8272,3.5454,3.7382,3.5404,0.19779999999999998,5.5869,71187.16,52851.5988,3.9637,81930.406,4.8086,123236.64,4.9804,157147.8888
572,000552.SZ,20150826,3.8272,3.8865,3.491,3.5404,3.7481,-0.2077,-5.5415,101668.7,76787.5626,4.202,82856.108,4.9527,137234.3077,5.0295,159627.9426
573,000552.SZ,20150825,3.7629,4.0299,3.7481,3.7481,4.1635,-0.4154,-9.9772,66103.93,51466.6307,4.5086,85064.212,5.09,141014.1592,5.1021,162637.2529
574,000552.SZ,20150824,4.4502,4.5294,4.1635,4.1635,4.6283,-0.4648000000000003,-10.0426,98373.49,84373.0249,4.7697,106758.0,5.2076,150962.5585,5.1882,168849.2053
575,000552.SZ,20150821,4.6826,4.9249,4.6283,4.6283,4.9299,-0.30159999999999965,-6.1178,72318.75,69830.5532,5.0595,117226.76,5.2947,160547.3215,5.2708,175088.9609
576,000552.SZ,20150820,5.0288,5.1227,4.9002,4.9299,5.0733,-0.14339999999999975,-2.8266,75815.67,76550.8982,5.2384,135089.852,5.3605,173708.6685,5.3211,181434.4029
577,000552.SZ,20150819,4.8112,5.1425,4.6283,5.0733,5.0535,0.01980000000000004,0.3918,112709.22,111738.8839,5.3581,146529.08,5.3772,179062.8508,5.3525,186517.6571
578,000552.SZ,20150818,5.6271,5.6469,5.0535,5.0535,5.6123,-0.5588000000000006,-9.9567,174572.87,188092.406,5.4392,156956.938,5.3468,176097.8015,5.3967,188535.3265
579,000552.SZ,20150817,5.3996,5.6123,5.3799,5.6123,5.5232,0.08910000000000018,1.6132,150717.29,168066.895,5.5272,165865.306,5.3167,173110.0531,5.4617,188825.3562
580,000552.SZ,20150814,5.5331,5.6518,5.4738,5.5232,5.5282,-0.004999999999999893,-0.0904,161634.21,181726.2406,5.5272,186353.216,5.2619,168419.5438,5.5032,189514.7259
581,000552.SZ,20150813,5.3897,5.5381,5.2958,5.5282,5.4787,0.0495000000000001,0.9035,133011.81,146747.5642,5.4877,184187.728,5.1958,170647.65,5.547,190095.9856
582,000552.SZ,20150812,5.4491,5.7161,5.3897,5.4787,5.4936,-0.014899999999999913,-0.2712,164848.51,184562.1604,5.4372,196671.99,5.1433,174846.7308,5.6134,195360.3291
583,000552.SZ,20150811,5.5282,5.721,5.454,5.4936,5.6123,-0.11870000000000047,-2.115,219114.71,248014.8838,5.4006,208297.37,5.136,183901.7469,5.6872,198663.9235
584,000552.SZ,20150810,5.3255,5.6123,5.281,5.6123,5.3255,0.2868000000000004,5.3854,253156.84,279530.914,5.3987,213157.68,5.136,182906.7554,5.7513,200279.1126
585,000552.SZ,20150807,5.1722,5.4392,5.1722,5.3255,5.276,0.0495000000000001,0.9382,150806.77,161807.3601,5.3057,191610.32,5.1197,180214.0562,5.8148,200815.2541
586,000552.SZ,20150806,5.1277,5.5381,4.9694,5.276,5.2958,-0.01980000000000004,-0.3739,195433.12,206760.3184,5.1761,176281.682,5.1094,181408.1515,5.8838,202177.5718
587,000552.SZ,20150805,5.3749,5.5875,5.2315,5.2958,5.4837,-0.18789999999999996,-3.4265,222975.41,242756.8633,5.0535,164341.486,5.0984,182763.5846,5.9529,201150.8024
588,000552.SZ,20150804,5.2414,5.5381,5.1672,5.4837,5.1474,0.3362999999999996,6.5334,243416.26,262923.7206,4.9744,137694.538,5.0896,179964.6762,6.0228,199909.6603
589,000552.SZ,20150803,4.5936,5.1474,4.5739,5.1474,4.6777,0.46970000000000045,10.0413,145420.04,142235.1937,4.8102,127131.204,5.0436,180090.8369,6.0932,202260.1053
590,000552.SZ,20150731,4.5887,4.742,4.5739,4.6777,4.6629,0.014800000000000146,0.3174,74163.58,69518.627,4.7499,135567.168,5.0235,169969.3331,6.1694,204654.8726
591,000552.SZ,20150730,4.8458,4.9447,4.6233,4.6629,4.9002,-0.2373000000000003,-4.8427,135732.14,133057.9135,4.8913,177247.196,5.0052,171184.2731,6.2649,213203.0106
592,000552.SZ,20150729,4.9398,4.9398,4.6134,4.9002,4.6629,0.2373000000000003,5.0891,89740.67,86684.5929,5.0575,191336.732,5.0261,178449.8262,6.3611,219686.2068
593,000552.SZ,20150728,4.5145,4.8458,4.3612,4.6629,4.8458,-0.18290000000000006,-3.7744,190599.59,176650.8385,5.1573,217018.948,5.0653,183508.9277,6.4376,225510.4424
594,000552.SZ,20150727,5.2167,5.2908,4.8458,4.8458,5.3848,-0.5390000000000006,-10.0097,187599.86,192175.6436,5.2632,212165.032,5.1688,184538.5938,6.5291,233566.9441
595,000552.SZ,20150724,5.4837,5.726,5.3156,5.3848,5.4936,-0.10879999999999956,-1.9805,282563.72,318240.6373,5.3205,217255.81,5.3095,191439.3977,6.6098,241315.8368
596,000552.SZ,20150723,5.3057,5.5628,5.2661,5.4936,5.3996,0.09399999999999942,1.7409,206179.82,226967.1454,5.28,198060.986,5.4316,193590.2792,6.6543,243221.2288
597,000552.SZ,20150722,5.1474,5.4886,5.0683,5.3996,5.192,0.20760000000000023,3.9985,218151.75,231839.614,5.1583,205836.292,5.4966,199889.0454,6.7003,258392.5559
598,000552.SZ,20150721,5.0337,5.2365,4.9447,5.192,5.1326,0.05940000000000012,1.1573,166330.01,172530.4391,5.0555,164974.04,5.5426,202234.7808,6.744,260969.2438
599,000552.SZ,20150720,5.0931,5.3353,4.9694,5.1326,5.1821,-0.0495000000000001,-0.9552,213053.75,221650.1911,4.9052,149699.598,5.6491,203387.0862,6.7753,265604.4494
600,000552.SZ,20150717,4.8409,5.3403,4.7964,5.1821,4.8854,0.2967000000000004,6.0732,186589.6,190450.9873,4.8656,153125.714,5.8131,201185.5577,6.8048,267063.9235
601,000552.SZ,20150716,4.6975,5.1376,4.3959,4.8854,4.8854,0.0,0.0,245056.35,237089.5217,4.9111,146909.592,5.9546,200229.1162,6.8299,268530.9118
602,000552.SZ,20150715,4.8854,4.8854,4.8854,4.8854,4.4404,0.4449999999999994,10.0216,13840.49,13674.4041,5.1356,138695.372,6.1181,195332.2462,6.861,266963.3609
603,000552.SZ,20150707,4.648,4.648,4.4404,4.4404,4.9348,-0.49439999999999973,-10.0186,89957.8,81319.2727,5.4936,191389.336,6.3414,218267.5538,6.8854,271021.645
604,000552.SZ,20150706,5.9238,5.9238,4.8705,4.9348,5.4095,-0.47470000000000034,-8.7753,230184.33,241147.1575,5.9999,235502.812,6.6141,232668.5477,6.9233,272115.8471
605,000552.SZ,20150703,5.6864,5.9831,5.4095,5.4095,6.0078,-0.5982999999999992,-9.9587,155508.99,174570.8892,6.2808,247078.702,6.8248,236041.3792,6.9426,267891.7856
606,000552.SZ,20150702,6.6951,6.794,6.0078,6.0078,6.6754,-0.6676000000000002,-10.0009,203985.25,261004.6989,6.3984,265706.166,7.0067,244954.9685,6.9465,267173.3279
607,000552.SZ,20150701,6.7545,7.2638,6.5715,6.6754,6.972,-0.29660000000000064,-4.2542,277310.31,386976.1506,6.5122,261171.112,7.1345,244427.3008,6.9395,265663.1888
608,000552.SZ,20150630,6.26,6.972,6.082,6.972,6.3391,0.6329000000000002,9.9841,310525.18,419059.6319,6.6299,242595.826,7.2075,235443.6585,6.91,261318.5168
609,000552.SZ,20150629,6.1809,6.5171,5.6864,6.3391,5.9979,0.3412000000000006,5.6887,288063.78,361823.2738,6.6398,215321.962,7.2615,225462.9969,6.871,255699.2929
610,000552.SZ,20150626,6.4281,6.8682,5.9188,5.9979,6.5765,-0.5786000000000007,-8.798,248646.31,323313.7811,6.7743,193988.614,7.3797,228175.89,6.8515,250590.3468
611,000552.SZ,20150625,7.1698,7.3132,6.5369,6.5765,7.2638,-0.6872999999999996,-9.462,181309.98,255547.4086,7.1323,206659.25,7.5136,226498.6454,6.8374,245851.3659
612,000552.SZ,20150624,7.0363,7.3577,6.9473,7.2638,7.0215,0.24230000000000018,3.4508,184433.88,266639.0752,7.4141,225831.398,7.6173,240613.2831,6.8021,243579.5026
613,000552.SZ,20150623,6.9226,7.0264,6.3985,7.0215,7.0116,0.00990000000000002,0.1412,174155.86,239731.2805,7.4962,243750.85,7.669,253823.0469,6.7511,241370.945
614,000552.SZ,20150619,7.516,7.516,7.0116,7.0116,7.7879,-0.7763,-9.968,181397.04,264218.0777,7.6465,263196.808,7.7059,262562.1869,6.7144,240134.4165
615,000552.SZ,20150618,8.0104,8.2824,7.7138,7.7879,7.9857,-0.19779999999999998,-2.4769,311999.49,509339.6373,7.778,266342.514,7.7644,284340.9262,6.683,238518.93
616,000552.SZ,20150617,7.516,8.0104,7.3429,7.9857,7.6742,0.31149999999999967,4.0591,277170.72,429013.0867,7.7454,236047.208,7.7492,295038.0585,6.6285,233684.4259
617,000552.SZ,20150616,7.6346,8.0302,7.5209,7.6742,7.7731,-0.09890000000000043,-1.2723,274031.14,433349.888,7.6831,216768.38,7.6656,300436.2377,6.5724,230350.2271
618,000552.SZ,20150615,7.6544,8.0451,7.516,7.7731,7.6693,0.10380000000000056,1.3534,271385.65,429685.6851,7.7235,226628.43,7.6182,334895.7608,6.5222,229077.3703
619,000552.SZ,20150612,7.6149,7.8621,7.5704,7.6693,7.6248,0.044500000000000206,0.5836,197125.57,308734.7315,7.7164,217719.726,7.5498,337539.8754,6.4763,227786.4203
620,000552.SZ,20150611,7.6149,7.6248,7.3676,7.6248,7.6742,-0.04940000000000033,-0.6437,160522.96,244516.5574,7.7677,251254.666,7.4412,347293.8315,6.43,228180.8344
621,000552.SZ,20150610,7.6245,7.8466,7.5258,7.6739,7.8762,-0.20230000000000015,-2.5685,180776.58,282145.0794,7.8298,290382.236,7.3265,355151.7477,6.3866,232836.8447
622,000552.SZ,20150609,7.7528,8.0736,7.4814,7.8762,7.738,0.13819999999999943,1.786,323331.39,511466.4435,7.7952,311779.856,7.2005,359435.6415,6.3384,236094.5424
623,000552.SZ,20150608,7.7972,8.0292,7.5505,7.738,7.9255,-0.1875,-2.3658,226842.13,356495.4431,7.7745,340017.708,7.0517,349314.7362,6.278,232004.0894
624,000552.SZ,20150605,8.0242,8.3648,7.738,7.9255,7.9354,-0.009899999999999132,-0.1248,364800.27,591703.1299,7.7449,384861.724,6.896,343543.9685,6.2146,234033.0824
625,000552.SZ,20150604,7.4913,7.97,6.9978,7.9354,7.5011,0.43429999999999946,5.7898,356160.81,541754.6245,7.5396,381371.08,6.7271,325263.9992,6.1516,229799.6009
626,000552.SZ,20150603,7.6492,7.738,7.3432,7.5011,7.7726,-0.27149999999999963,-3.493,287764.68,437489.9839,7.364,454539.906,6.5468,304525.9554,6.0835,223423.6991
627,000552.SZ,20150602,7.6985,8.0193,7.3975,7.7726,7.59,0.18259999999999987,2.4058,464520.65,729269.7491,7.2406,458138.798,6.3961,292473.3977,6.0263,219610.5021
628,000552.SZ,20150601,6.983,7.59,6.8497,7.59,6.8991,0.6909000000000001,10.0143,451062.21,667141.1511,6.9376,430020.068,6.242,268482.6185,5.9693,211390.4003
629,000552.SZ,20150529,6.8843,7.205,6.6523,6.8991,7.057,-0.1579000000000006,-2.2375,347347.05,489738.6598,6.6464,392342.8,6.0947,243754.0992,5.9218,204738.2562
630,000552.SZ,20150528,7.0619,7.5258,6.9583,7.057,6.8843,0.17270000000000074,2.5086,722004.94,1048909.8544,6.4737,370166.83,5.9983,226225.2162,5.8908,203281.2953
631,000552.SZ,20150527,6.2131,6.8843,6.1884,6.8843,6.2575,0.6267999999999994,10.0168,305759.14,408423.0639,6.2506,264117.766,5.892,179483.2677,5.8539,193483.9935
632,000552.SZ,20150526,6.144,6.297,6.07,6.2575,6.1342,0.12330000000000041,2.01,323927.0,403122.8848,6.0167,233330.368,5.7868,162695.7154,5.8162,190430.7421
633,000552.SZ,20150525,6.0058,6.1638,6.0058,6.1342,6.0355,0.09870000000000001,1.6353,262675.87,324611.5174,5.9111,193977.102,5.7193,145783.3792,5.7989,189033.8747
634,000552.SZ,20150522,5.9417,6.0651,5.8529,6.0355,5.9417,0.09379999999999988,1.5787,236467.2,286313.9257,5.8025,158755.176,5.6726,133988.5369,5.7807,186902.6068
635,000552.SZ,20150521,5.7147,5.9664,5.69,5.9417,5.7147,0.2270000000000003,3.9722,191759.62,226759.0344,5.7038,137678.022,5.6524,125961.3592,5.7655,185604.6862
636,000552.SZ,20150520,5.7048,5.8529,5.6752,5.7147,5.7295,-0.014800000000000146,-0.2583,151822.15,178070.7752,5.6693,129854.202,5.6528,120939.1192,5.75,183864.235
637,000552.SZ,20150519,5.6012,5.764,5.5814,5.7295,5.5913,0.13819999999999943,2.4717,127160.67,147172.0025,5.6614,125408.064,5.6695,120616.3654,5.7395,185282.5844
638,000552.SZ,20150518,5.5272,5.6407,5.4334,5.5913,5.542,0.049300000000000566,0.8896,86566.24,97627.5437,5.6446,123870.244,5.6965,123435.3877,5.7333,189608.0297
639,000552.SZ,20150515,5.7147,5.7591,5.5025,5.542,5.769,-0.2270000000000003,-3.9348,131081.43,148578.3358,5.6614,129428.918,5.7253,134526.7546,5.7269,191505.4806
640,000552.SZ,20150514,5.6752,5.8084,5.6456,5.769,5.6752,0.09379999999999988,1.6528,152640.52,177105.4462,5.6565,120716.824,5.7769,141943.0562,5.7214,193340.2629
641,000552.SZ,20150513,5.616,5.7344,5.5765,5.6752,5.6456,0.029600000000000293,0.5243,129591.46,148409.0269,5.5785,111002.046,5.802,146396.5277,5.7103,194772.565
642,000552.SZ,20150512,5.6752,5.7147,5.5864,5.6456,5.6752,-0.029600000000000293,-0.5216,119471.57,136399.783,5.5489,106952.338,5.8384,160953.1315,5.6984,195746.2065
643,000552.SZ,20150511,5.542,5.7097,5.5173,5.6752,5.5173,0.1579000000000006,2.8619,114359.61,129923.9949,5.5745,109480.802,5.8684,174189.0338,5.689,198159.7079
644,000552.SZ,20150508,5.4581,5.5272,5.3791,5.5173,5.3791,0.13819999999999943,2.5692,87520.96,96778.4064,5.6288,111902.98,5.8798,179565.6785,5.6745,198369.8865
645,000552.SZ,20150507,5.5666,5.5765,5.3791,5.3791,5.5272,-0.14809999999999945,-2.6795,104066.63,115000.2397,5.7117,123924.058,5.8848,195589.2885,5.6658,201205.0944
646,000552.SZ,20150506,5.7788,5.9022,5.5173,5.5272,5.7739,-0.24670000000000059,-4.2727,109342.92,126628.7466,5.8519,135872.324,5.9159,204573.54,5.6603,203572.1256
647,000552.SZ,20150505,5.9417,6.1292,5.7246,5.7739,5.9466,-0.17269999999999985,-2.9042,132113.89,158099.3645,5.9397,160154.542,5.9231,206884.0962,5.6475,205063.8285
648,000552.SZ,20150504,5.8973,6.0108,5.8282,5.9466,5.9318,0.014800000000000146,0.2495,126470.5,151835.0686,6.0276,179230.434,5.9064,208884.2569,5.6272,205871.4282
649,000552.SZ,20150430,6.0848,6.1638,5.9269,5.9318,6.0799,-0.14810000000000034,-2.4359,147626.35,180878.3807,6.0572,196043.464,5.8977,213389.3869,5.5999,208152.8859
650,000552.SZ,20150429,5.9269,6.1095,5.8479,6.0799,5.9664,0.11350000000000016,1.9023,163807.96,200290.2647,6.1006,230283.656,5.9011,219332.6915,5.5701,206624.945
651,000552.SZ,20150428,6.1736,6.3069,5.8726,5.9664,6.2131,-0.2466999999999997,-3.9706,230754.01,282805.1617,6.0917,255829.724,5.8829,229640.57,5.5344,203747.4579
652,000552.SZ,20150427,6.1243,6.2575,6.0996,6.2131,6.0947,0.11840000000000028,1.9427,227493.35,284727.7932,6.0631,246530.12,5.8703,241805.3908,5.5031,199391.8691
653,000552.SZ,20150424,6.0305,6.297,5.9861,6.0947,6.149,-0.05430000000000046,-0.8831,210535.65,261651.9053,5.9368,260197.028,5.8233,239840.4092,5.4645,194672.8679
654,000552.SZ,20150423,6.0996,6.3858,5.9713,6.149,6.0355,0.11350000000000016,1.8805,318827.31,395784.7541,5.8746,262262.278,5.7906,244909.4754,5.4283,191606.5741
655,000552.SZ,20150422,5.8726,6.1638,5.8282,6.0355,5.8233,0.21220000000000017,3.644,291538.3,354512.94,5.769,226372.846,5.742,235016.0485,5.3884,183887.2518
656,000552.SZ,20150421,5.5716,5.8825,5.5666,5.8233,5.5814,0.24189999999999934,4.334,184255.99,213845.412,5.6732,199688.382,5.7022,227385.2485,5.3531,176825.0238
657,000552.SZ,20150420,5.7147,5.996,5.5568,5.5814,5.7838,-0.2023999999999999,-3.4994,295827.89,346605.8556,5.6752,199844.622,5.6707,223410.5015,5.3228,173740.2124
658,000552.SZ,20150417,5.6061,5.917,5.6061,5.7838,5.6209,0.1629000000000005,2.8981,220861.9,258462.0543,5.7542,185656.906,5.6536,216042.6662,5.3028,167613.4226
659,000552.SZ,20150416,5.4975,5.6703,5.4531,5.6209,5.5568,0.06409999999999982,1.1535,139380.15,157541.1839,5.766,201046.602,5.6331,220147.5823,5.2742,162710.1368
660,000552.SZ,20150415,5.8282,5.8282,5.5568,5.5568,5.8331,-0.2763,-4.7368,158115.98,182522.7878,5.8025,250949.908,5.6141,221047.5377,5.2504,160445.75
661,000552.SZ,20150414,5.9071,5.9861,5.8084,5.8331,5.9762,-0.14310000000000045,-2.3945,185037.19,220439.2428,5.8114,259716.43,5.5985,223766.6185,5.2258,156879.2556
662,000552.SZ,20150413,5.8282,6.0453,5.7739,5.9762,5.843,0.13320000000000043,2.2797,224889.31,270871.4372,5.7788,277995.694,5.5647,225020.5877,5.1943,152748.4759
663,000552.SZ,20150410,5.7295,5.991,5.6752,5.843,5.8035,0.03950000000000031,0.6806,297810.38,352406.9105,5.6871,271060.384,5.5105,220236.4308,5.1583,147192.0515
664,000552.SZ,20150409,5.6012,5.8578,5.3298,5.8035,5.6012,0.20229999999999926,3.6117,388896.68,448508.6669,5.6219,249965.888,5.4706,212830.2954,5.1254,140064.1556
665,000552.SZ,20150408,5.6999,5.6999,5.4679,5.6012,5.6703,-0.06909999999999972,-1.2186,201948.59,228128.9178,5.544,198703.408,5.4228,192261.7569,5.091,129610.6738
666,000552.SZ,20150407,5.5272,5.7147,5.5123,5.6703,5.5173,0.15300000000000047,2.7731,276433.51,314678.977,5.4956,198322.896,5.3935,190874.7908,5.0637,124376.4726
667,000552.SZ,20150403,5.463,5.5765,5.4334,5.5173,5.5173,0.0,0.0,190212.76,212040.1304,5.465,197881.356,5.3567,183806.4969,5.0338,116862.1918
668,000552.SZ,20150402,5.4383,5.5272,5.3791,5.5173,5.4137,0.10359999999999925,1.9137,192337.9,212921.4023,5.4364,190054.718,5.3241,181487.1169,5.0073,112254.5653
669,000552.SZ,20150401,5.3495,5.4433,5.3347,5.4137,5.3594,0.05430000000000046,1.0132,132584.28,144736.3989,5.4038,190279.944,5.2907,178966.6846,4.9798,108221.1291
670,000552.SZ,20150331,5.4679,5.5272,5.3495,5.3594,5.5173,-0.1578999999999997,-2.8619,200046.03,220081.8629,5.3998,204030.846,5.2603,184463.2831,4.9599,105713.7665
671,000552.SZ,20150330,5.4877,5.6604,5.4778,5.5173,5.3742,0.14309999999999956,2.6627,274225.81,308019.6142,5.3821,196560.694,5.2265,176434.8469,4.9441,101203.0744
672,000552.SZ,20150327,5.3544,5.4581,5.3347,5.3742,5.3544,0.01980000000000004,0.3698,151079.57,165495.6828,5.3436,182021.656,5.1764,160415.4308,4.9229,94093.8541
673,000552.SZ,20150326,5.3544,5.4531,5.2261,5.3544,5.3939,-0.03950000000000031,-0.7323,193464.03,209249.229,5.3051,176106.878,5.14,155152.6938,4.9033,90957.3244
674,000552.SZ,20150325,5.2705,5.4729,5.2212,5.3939,5.2705,0.12340000000000018,2.3413,201338.79,219135.6382,5.2784,174197.678,5.105,145428.3308,4.8875,86605.3026
675,000552.SZ,20150324,5.3643,5.3643,5.0929,5.2705,5.3248,-0.05429999999999957,-1.0198,162695.27,172730.3931,5.238,170839.058,5.0644,138116.2438,4.873,82719.78
676,000552.SZ,20150323,5.1817,5.3791,5.1817,5.3248,5.1817,0.14309999999999956,2.7616,201530.62,216573.9221,5.2024,170312.168,5.0276,129937.4038,4.862,79812.4297
677,000552.SZ,20150320,5.2212,5.236,5.1521,5.1817,5.2212,-0.039499999999999424,-0.7565,121505.68,127711.0459,5.1541,161920.5,4.99,118390.6292,4.8512,76513.5094
678,000552.SZ,20150319,5.1373,5.3051,5.1373,5.2212,5.1916,0.029599999999999405,0.5702,183918.03,194363.2688,5.1215,178427.376,4.96,115149.6077,4.8448,74762.6971
679,000552.SZ,20150318,5.0929,5.2064,5.0731,5.1916,5.0929,0.09870000000000001,1.938,184545.69,193133.8439,5.0613,160779.042,4.9353,107734.1469,4.8354,71811.4403
680,000552.SZ,20150317,5.083,5.1225,5.0485,5.0929,5.083,0.00990000000000002,0.1948,160060.82,164803.6859,4.9962,137064.584,4.9061,97703.7231,4.8283,69590.4574
681,000552.SZ,20150316,5.0287,5.0929,4.9596,5.083,5.0189,0.06409999999999982,1.2772,159572.28,163172.2029,4.9577,121585.218,4.8845,90190.66,4.8226,68011.5868
682,000552.SZ,20150313,4.935,5.1126,4.9152,5.0189,4.9202,0.09870000000000001,2.006,204040.06,208155.1923,4.9212,103080.224,4.8568,80750.8823,4.8133,65190.4312
683,000552.SZ,20150312,4.8708,4.9202,4.856,4.9202,4.8659,0.05430000000000046,1.1159,95676.36,94925.4393,4.8906,83528.544,4.837,68485.5454,4.8032,63354.845
684,000552.SZ,20150311,4.9004,4.9448,4.856,4.8659,4.9004,-0.03450000000000042,-0.704,65973.4,65441.2721,4.8649,75667.342,4.8241,63892.8162,4.8083,63165.2912
685,000552.SZ,20150310,4.9004,4.93,4.856,4.9004,4.9004,0.0,0.0,82663.99,82170.7768,4.859,72757.172,4.8131,63084.2408,4.8154,63500.4365
686,000552.SZ,20150309,4.8363,4.9103,4.7622,4.9004,4.8659,0.03450000000000042,0.709,67047.31,65795.0989,4.8372,72098.854,4.7926,59300.7262,4.8167,63348.4282
687,000552.SZ,20150306,4.7918,4.9251,4.7869,4.8659,4.7918,0.07409999999999961,1.5464,106281.66,105011.0118,4.8372,76192.8,4.7751,55988.2985,4.8209,62918.1009
688,000552.SZ,20150305,4.8609,4.8659,4.7622,4.7918,4.8363,-0.04449999999999932,-0.9201,56370.35,54893.1331,4.8264,65766.504,4.7588,49424.1677,4.8249,62717.1294
689,000552.SZ,20150304,4.7869,4.856,4.777,4.8363,4.7918,0.04449999999999932,0.9287,51422.55,50232.3678,4.8303,66970.634,4.7452,47669.0223,4.8374,64123.1571
690,000552.SZ,20150303,4.8659,4.8659,4.7869,4.7918,4.9004,-0.10860000000000003,-2.2161,79372.4,77524.6164,4.8076,64057.158,4.7258,47959.6777,4.8517,66690.6212
691,000552.SZ,20150302,4.8215,4.9744,4.8067,4.9004,4.8116,0.08879999999999999,1.8455,87517.04,86635.7847,4.8017,57100.814,4.7216,45495.1815,4.8697,68970.8406
692,000552.SZ,20150227,4.8116,4.8461,4.782,4.8116,4.8116,0.0,0.0,54150.18,52796.3197,4.7721,46791.582,4.7156,42354.0631,4.8834,76964.7979
693,000552.SZ,20150226,4.7228,4.8165,4.708,4.8116,4.7228,0.08879999999999999,1.8802,62391.0,60404.035,4.7544,47053.93,4.7144,40689.6123,4.9032,86548.1088
694,000552.SZ,20150225,4.7672,4.782,4.6931,4.7228,4.7622,-0.03939999999999966,-0.8273,36855.17,35414.2241,4.7188,41271.39,4.7065,39308.5785,,
695,000552.SZ,20150217,4.777,4.7869,4.7376,4.7622,4.7524,0.009800000000000253,0.2062,44590.68,43001.4224,4.7089,38697.506,4.7137,39973.2031,,
696,000552.SZ,20150216,4.7228,4.7573,4.7228,4.7524,4.7228,0.029599999999999405,0.6267,35970.88,34563.7873,4.6872,33968.962,4.7243,41868.6138,,
697,000552.SZ,20150213,4.6783,4.7376,4.6635,4.7228,4.6339,0.08890000000000065,1.9185,55461.92,52946.3454,4.6596,33485.478,4.7353,44012.8046,,
698,000552.SZ,20150212,4.6635,4.6931,4.629,4.6339,4.6734,-0.03950000000000031,-0.8452,33478.3,31596.209,4.632,33433.308,4.7535,46620.9131,,
699,000552.SZ,20150211,4.6537,4.7277,4.6241,4.6734,4.6537,0.019700000000000273,0.4233,23985.75,22751.9841,4.6527,36204.438,4.779,48813.2023,,
700,000552.SZ,20150210,4.5994,4.6685,4.5994,4.6537,4.6142,0.039499999999999424,0.8561,20947.96,19706.3104,4.6823,40743.788,4.7964,53397.0138,,
701,000552.SZ,20150209,4.5846,4.6931,4.5303,4.6142,4.5846,0.029600000000000293,0.6456,33553.46,31425.3747,4.7109,43056.66,4.8192,60172.73,,
702,000552.SZ,20150206,4.7425,4.7573,4.5303,4.5846,4.7376,-0.15299999999999958,-3.2295,55201.07,51887.2571,4.7297,45233.48,4.8412,65774.7115,,
703,000552.SZ,20150205,4.8757,4.9004,4.7326,4.7376,4.8215,-0.08390000000000075,-1.7401,47333.95,46150.799,4.7761,43292.324,4.8553,66424.8592,,
704,000552.SZ,20150204,4.8165,4.8856,4.8165,4.8215,4.7968,0.024700000000000166,0.5149,46682.5,45902.8963,4.8086,47671.738,4.8503,73678.4115,,
705,000552.SZ,20150203,4.7376,4.8215,4.7376,4.7968,4.708,0.08879999999999999,1.8862,32512.32,31499.7126,4.8234,51104.31,4.8712,76951.4138,,
706,000552.SZ,20150202,4.8116,4.8116,4.6882,4.708,4.8165,-0.10849999999999937,-2.2527,44437.56,42621.9886,4.856,62475.312,4.8951,80401.8769,,
707,000552.SZ,20150130,4.93,4.9498,4.8165,4.8165,4.9004,-0.08390000000000075,-1.7121,45495.29,45019.3177,4.9073,65983.412,4.9133,82944.8115,,
708,000552.SZ,20150129,4.8659,4.9596,4.8264,4.9004,4.8955,0.0049000000000001265,0.1001,69231.02,68953.4745,4.9241,73599.414,4.9308,83477.1877,,
709,000552.SZ,20150128,4.93,4.9498,4.8708,4.8955,4.9596,-0.06409999999999982,-1.2924,63845.36,63449.9045,4.934,81559.664,4.9388,85801.6192,,
710,000552.SZ,20150127,4.9448,5.0139,4.8511,4.9596,4.9646,-0.004999999999999893,-0.1007,89367.33,89675.981,4.935,90066.436,4.9634,88903.9215,,
711,000552.SZ,20150126,4.8609,4.9794,4.8609,4.9646,4.9004,0.06419999999999959,1.3101,61978.06,61891.4331,4.8965,84923.568,4.9911,92699.9985,,
712,000552.SZ,20150123,4.9843,4.9991,4.8807,4.9004,4.9498,-0.049399999999999444,-0.998,83575.3,83428.1572,4.8382,100853.982,5.0249,100001.6754,,
713,000552.SZ,20150122,4.8955,5.0337,4.8511,4.9498,4.9004,0.049399999999999444,1.0081,109032.27,109495.9017,4.8767,101985.228,5.061,121212.1592,,
714,000552.SZ,20150121,4.7672,4.9103,4.7376,4.9004,4.7672,0.13320000000000043,2.7941,106379.22,104472.0513,4.9083,95652.442,5.102,142054.5038,,
715,000552.SZ,20150120,4.6931,4.7968,4.6734,4.7672,4.6734,0.09379999999999988,2.0071,63652.99,61137.617,4.9172,89875.74,,,,
716,000552.SZ,20150119,4.9399,4.9942,4.6241,4.6734,5.0929,-0.4195000000000002,-8.237,141630.13,138538.3301,4.9725,87628.378,,,,
717,000552.SZ,20150116,5.083,5.1718,5.0386,5.0929,5.1077,-0.014800000000000146,-0.2898,89231.53,92151.6063,5.0386,79192.078,,,,
718,000552.SZ,20150115,4.9646,5.1077,4.935,5.1077,4.9448,0.1629000000000005,3.2944,77368.34,78811.6586,5.0633,82180.83,,,,
719,000552.SZ,20150114,5.0435,5.083,4.8955,4.9448,5.0435,-0.09870000000000001,-1.957,77495.71,78232.0792,5.1057,94450.428,,,,
720,000552.SZ,20150113,5.004,5.0682,4.9942,5.0435,5.004,0.03950000000000031,0.7894,52416.18,53358.8523,5.1975,110331.258,,,,
721,000552.SZ,20150112,5.1324,5.1324,4.9942,5.004,5.2163,-0.21230000000000082,-4.0699,99448.63,101746.5933,5.2626,171710.34,,,,
722,000552.SZ,20150109,5.2409,5.3594,5.2113,5.2163,5.3199,-0.10359999999999925,-1.9474,104175.29,111378.0876,5.3584,227817.164,,,,
723,000552.SZ,20150108,5.389,5.5272,5.2656,5.3199,5.4038,-0.08390000000000075,-1.5526,138716.33,151702.541,,,,,,
724,000552.SZ,20150107,5.3051,5.4778,5.236,5.4038,5.3692,0.034600000000000186,0.6444,156899.86,171032.6143,,,,,,
725,000552.SZ,20150106,5.5716,5.6703,5.3001,5.3692,5.4827,-0.11350000000000016,-2.0701,359311.59,399970.2847,,,,,,
726,000552.SZ,20150105,4.9942,5.4827,4.9942,5.4827,4.9843,0.4984000000000002,9.9994,379982.75,412092.0968,,,,,,
