,ts_code,trade_date,open,high,low,close,pre_close,change,pct_chg,vol,amount,ma5,ma_v_5,ma13,ma_v_13,ma34,ma_v_34
0,600072.SH,20171229,12.98,13.28,12.96,13.03,12.94,0.09,0.7,49405.07,64716.106,12.848,48528.644,13.1192,47131.0585,13.7365,53781.1559
1,600072.SH,20171228,13.02,13.06,12.88,12.94,12.88,0.06,0.47,37244.62,48290.124,12.862,46360.834,13.1308,48373.8654,13.8212,53500.93
2,600072.SH,20171227,12.84,13.06,12.75,12.88,12.79,0.09,0.7,48398.51,62528.232,12.912,47719.734,13.1815,49323.0246,13.9056,53657.1535
3,600072.SH,20171226,12.65,12.81,12.56,12.79,12.6,0.19,1.51,48990.96,62257.41,12.97,47667.572,13.2315,49620.2446,13.9956,53649.8726
4,600072.SH,20171225,13.11,13.16,12.6,12.6,13.1,-0.5,-3.82,58604.06,75234.243,13.116,48919.882,13.2946,52068.3777,14.0918,53894.0588
5,600072.SH,20171222,13.22,13.26,13.05,13.1,13.19,-0.09,-0.68,38566.02,50707.21,13.298,51911.94,13.36,52825.4046,14.1962,53665.1256
6,600072.SH,20171221,13.12,13.26,12.95,13.19,13.17,0.02,0.15,44039.12,57756.927,13.35,54906.136,13.4,53615.3554,14.2885,54888.8638
7,600072.SH,20171220,13.52,13.56,13.15,13.17,13.52,-0.35,-2.59,48137.7,64024.294,13.352,52238.808,13.4523,54423.88,14.3635,54739.7044
8,600072.SH,20171219,13.42,13.66,13.42,13.52,13.51,0.01,0.07,55252.51,74786.913,13.37,47863.54,13.5315,53548.2623,14.4394,54619.5668
9,600072.SH,20171218,13.19,13.69,13.12,13.51,13.36,0.15,1.12,73564.35,98875.714,13.302,49925.35,13.5838,55573.8685,14.5068,54581.7282
10,600072.SH,20171215,13.17,13.49,13.16,13.36,13.2,0.16,1.21,53537.0,71598.497,13.32,45129.218,13.6169,52472.6777,14.5812,55836.8541
11,600072.SH,20171214,13.23,13.28,13.08,13.2,13.26,-0.06,-0.45,30702.48,40465.919,13.354,44874.292,13.6608,50282.4354,14.6629,56878.6771
12,600072.SH,20171213,13.08,13.35,13.01,13.26,13.18,0.08,0.61,26261.36,34722.686,13.436,54897.134,13.7054,50527.0554,14.7715,57526.2824
13,600072.SH,20171212,13.57,13.61,13.15,13.18,13.6,-0.42,-3.09,65561.56,87475.944,13.474,63333.944,13.7608,50929.8146,14.8841,58211.3709
14,600072.SH,20171211,13.49,13.62,13.41,13.6,13.53,0.07,0.52,49583.69,66966.303,13.562,59988.708,13.8146,50501.3746,14.9944,57855.5697
15,600072.SH,20171208,13.46,13.58,13.35,13.53,13.61,-0.08,-0.59,52262.37,70431.382,13.616,60981.958,13.8815,54117.8262,15.0888,58752.5947
16,600072.SH,20171207,13.4,13.85,13.28,13.61,13.45,0.16,1.19,80816.69,109897.398,13.75,57880.418,13.9046,54298.6754,15.1953,58533.1106
17,600072.SH,20171206,13.53,13.6,13.12,13.45,13.62,-0.17,-1.25,68445.41,91081.181,13.868,58034.158,13.9392,51874.1108,15.3021,57641.8635
18,600072.SH,20171205,14.02,14.25,13.58,13.62,13.87,-0.25,-1.8,48835.38,67820.188,13.966,50994.85,14.0023,54510.8692,15.41,59440.9953
19,600072.SH,20171204,14.15,14.15,13.75,13.87,14.2,-0.33,-2.32,54549.94,75766.824,14.028,46240.544,14.1215,56733.4854,15.5403,60934.9529
20,600072.SH,20171201,14.17,14.25,14.04,14.2,14.2,0.0,0.0,36754.67,51970.634,14.01,42107.064,14.2677,56118.7946,15.6638,61546.255
21,600072.SH,20171130,14.01,14.64,13.94,14.2,13.94,0.26,1.87,81585.39,117070.857,13.966,41055.576,14.4177,58388.1408,15.7835,63389.0844
22,600072.SH,20171129,13.96,14.08,13.78,13.94,13.93,0.01,0.07,33248.87,46293.111,13.902,36736.866,14.5492,55179.8331,15.9041,62682.2929
23,600072.SH,20171128,13.8,14.0,13.78,13.93,13.78,0.15,1.09,25063.85,34819.572,14.008,49406.604,14.6931,55895.7831,16.0374,64631.3938
24,600072.SH,20171127,13.97,14.13,13.7,13.78,13.98,-0.2,-1.43,33882.54,47075.852,13.988,55316.516,14.8477,57671.7146,16.1682,66511.5256
25,600072.SH,20171124,13.87,14.07,13.8,13.98,13.88,0.1,0.72,31497.23,44020.325,14.044,58399.478,15.0231,59472.5415,16.3147,67988.7924
26,600072.SH,20171123,14.33,14.44,13.8,13.88,14.47,-0.59,-4.08,59991.84,84745.187,14.102,72644.686,15.19,60958.9338,16.4532,70516.2732
27,600072.SH,20171122,13.9,14.79,13.8,14.47,13.83,0.64,4.63,96597.56,138726.185,14.36,76192.196,15.3715,62511.34,16.6009,73421.1112
28,600072.SH,20171121,14.04,14.16,13.73,13.83,14.06,-0.23,-1.64,54613.41,76110.733,14.62,66184.476,15.4692,58078.2738,16.7391,78521.5829
29,600072.SH,20171120,14.26,14.26,13.56,14.06,14.27,-0.21,-1.47,49297.35,68422.681,15.084,68513.028,15.6169,57265.9362,16.8844,86930.4935
30,600072.SH,20171117,15.1,15.27,13.97,14.27,15.17,-0.9,-5.93,102723.27,149985.995,15.454,66629.036,15.7515,57625.0631,17.0132,89020.0397
31,600072.SH,20171116,15.77,15.87,15.16,15.17,15.77,-0.6,-3.8,77729.39,119936.975,15.762,54595.626,15.8877,58664.7062,17.1226,87751.2362
32,600072.SH,20171115,16.15,16.15,15.73,15.77,16.15,-0.38,-2.35,46558.96,73967.282,15.916,48679.94,15.9623,59528.5208,17.2053,87491.5797
33,600072.SH,20171114,15.91,16.17,15.9,16.15,15.91,0.24,1.51,66256.17,106127.825,15.974,50826.806,16.0485,60002.5285,17.2768,88855.5403
34,600072.SH,20171113,15.81,15.95,15.79,15.91,15.81,0.1,0.63,39877.39,63344.04,15.974,47739.638,16.1208,58717.7746,17.3394,89635.5724
35,600072.SH,20171110,15.93,16.0,15.77,15.81,15.94,-0.13,-0.82,42556.22,67454.889,16.04,55798.784,16.1992,59762.9231,17.4038,91111.5562
36,600072.SH,20171109,16.05,16.05,15.87,15.94,16.06,-0.12,-0.75,48150.96,76696.672,16.026,55081.08,16.2762,62649.5631,17.4806,92545.1224
37,600072.SH,20171108,16.13,16.14,15.93,16.06,16.15,-0.09,-0.56,57293.29,91744.278,15.988,54261.492,16.3692,62391.79,17.5579,95139.4253
38,600072.SH,20171107,16.24,16.26,16.0,16.15,16.24,-0.09,-0.55,50820.33,81923.333,15.938,53596.034,16.46,61870.3285,17.6229,95888.2421
39,600072.SH,20171106,15.75,16.26,15.75,16.24,15.74,0.5,3.18,80173.12,129649.162,15.916,66679.694,16.5346,67931.5254,17.6906,97507.6968
40,600072.SH,20171103,15.75,15.86,15.61,15.74,15.75,-0.01,-0.06,38967.7,61406.162,15.896,68436.866,16.6738,69428.2038,17.7488,97913.035
41,600072.SH,20171102,15.69,15.97,15.65,15.75,15.81,-0.06,-0.38,44053.02,69691.313,16.126,71187.538,16.8531,72225.6277,17.8279,99376.2471
42,600072.SH,20171101,15.88,16.07,15.76,15.81,16.04,-0.23,-1.43,53966.0,85813.304,16.394,72287.808,17.0469,76483.9238,17.9038,102537.2906
43,600072.SH,20171031,16.13,16.13,15.41,16.04,16.14,-0.1,-0.62,116238.63,183637.152,16.618,72187.472,17.2385,76759.9608,17.9868,104944.2209
44,600072.SH,20171030,16.89,16.9,16.1,16.14,16.89,-0.75,-4.44,88958.98,145491.705,16.772,64956.254,17.4254,75473.7815,18.0703,105439.9729
45,600072.SH,20171027,17.1,17.24,16.88,16.89,17.09,-0.2,-1.17,52721.06,89975.544,16.974,56124.44,17.5977,75476.0392,18.1471,106035.4568
46,600072.SH,20171026,16.98,17.1,16.85,17.09,16.93,0.16,0.95,49554.37,84228.381,17.044,55683.086,17.7415,77890.5431,18.2071,109004.3779
47,600072.SH,20171025,16.78,17.06,16.67,16.93,16.81,0.12,0.71,53464.32,90485.416,17.05,71695.39,17.8646,83111.8669,18.2668,112158.7412
48,600072.SH,20171024,17.19,17.2,16.63,16.81,17.15,-0.34,-1.98,80082.54,135072.029,17.274,80928.514,18.0162,91211.2523,18.3388,116393.0332
49,600072.SH,20171023,17.22,17.32,17.08,17.15,17.24,-0.09,-0.52,44799.91,76815.304,17.526,79978.848,18.1977,105821.3338,18.4144,119149.2659
50,600072.SH,20171020,17.01,17.26,17.01,17.24,17.12,0.12,0.7,50514.29,86748.618,17.75,90901.04,18.3223,128568.7538,18.4762,124332.9197
51,600072.SH,20171019,18.0,18.03,17.01,17.12,18.05,-0.93,-5.15,129615.89,225037.428,17.962,92309.078,18.4146,133940.11,18.5409,132256.1497
52,600072.SH,20171018,18.15,18.35,17.82,18.05,18.07,-0.02,-0.11,99629.94,179896.389,18.232,86289.56,18.4815,128553.0377,18.5888,133725.9932
53,600072.SH,20171017,18.24,18.35,18.03,18.07,18.27,-0.2,-1.09,75334.21,136933.419,18.298,84161.238,18.4762,126189.2785,18.6094,137945.9544
54,600072.SH,20171016,18.3,18.58,18.2,18.27,18.3,-0.03,-0.16,99410.87,182880.091,18.436,85916.318,18.4862,127543.0792,18.6338,141896.3268
55,600072.SH,20171013,18.4,18.4,18.23,18.3,18.47,-0.17,-0.92,57554.48,105345.518,18.52,89520.46,18.4869,127032.8015,18.6506,148147.5338
56,600072.SH,20171012,18.26,18.68,18.17,18.47,18.38,0.09,0.49,99518.3,183392.573,18.64,109760.83,18.4715,129533.2908,18.6809,159090.5429
57,600072.SH,20171011,18.71,18.71,18.36,18.38,18.76,-0.38,-2.03,88988.33,164743.02,18.78,143859.89,18.4677,128900.9192,18.715,177066.1426
58,600072.SH,20171010,18.69,18.78,18.5,18.76,18.69,0.07,0.37,84109.61,156482.508,18.858,194165.498,18.4823,132544.6831,18.7197,183584.6868
59,600072.SH,20171009,19.09,19.1,18.64,18.69,18.9,-0.21,-1.11,117431.58,220510.163,18.794,201411.96,18.4446,132440.3331,18.6635,183747.0403
60,600072.SH,20170929,18.94,19.1,18.7,18.9,19.17,-0.27,-1.41,158756.33,300482.747,18.654,189842.434,18.4262,131551.8877,18.605,182620.42
61,600072.SH,20170928,18.4,19.35,18.16,19.17,18.77,0.4,2.13,270013.6,509957.315,18.47,171871.382,18.3738,126567.1408,18.5374,179983.0282
62,600072.SH,20170927,20.25,20.26,18.74,18.77,18.44,0.33,1.79,340516.37,659100.356,18.276,136455.386,18.3169,112621.2415,18.4559,175672.0103
63,600072.SH,20170926,17.87,18.45,17.82,18.44,17.99,0.45,2.5,120341.92,219633.47,18.178,86907.564,18.2831,98083.7131,18.3924,168120.6453
64,600072.SH,20170925,17.98,18.24,17.86,17.99,17.98,0.01,0.06,59583.95,107574.551,18.11,80851.348,18.2977,99272.9215,18.3388,167251.5715
65,600072.SH,20170922,18.07,18.25,17.8,17.98,18.2,-0.22,-1.21,68901.07,123796.927,18.196,87194.052,18.3662,104927.5562,18.3056,168785.6738
66,600072.SH,20170921,18.22,18.48,18.03,18.2,18.28,-0.08,-0.44,92933.62,169863.046,18.314,100685.29,18.4254,108027.8915,18.2744,169854.7556
67,600072.SH,20170920,18.07,18.59,17.96,18.28,18.1,0.18,0.99,92777.26,169335.351,18.328,98649.178,18.4815,112699.4885,18.2459,174476.1024
68,600072.SH,20170919,18.4,18.45,18.03,18.1,18.42,-0.32,-1.74,90060.84,163907.435,18.362,101270.084,18.5462,117624.5238,18.1885,173806.0174
69,600072.SH,20170918,18.51,18.69,18.28,18.42,18.57,-0.15,-0.81,91297.47,168329.184,18.386,102048.84,18.6446,125883.7092,18.1362,175965.3047
70,600072.SH,20170915,18.27,18.69,18.27,18.57,18.27,0.3,1.64,136357.26,252344.777,18.388,101532.728,18.7185,132229.6308,18.0932,176495.0541
71,600072.SH,20170914,18.48,18.52,18.18,18.27,18.45,-0.18,-0.98,82753.06,151433.922,18.34,104566.976,18.7708,138744.0062,18.0503,176047.3515
72,600072.SH,20170913,18.29,18.55,18.2,18.45,18.22,0.23,1.26,105881.79,194825.248,18.412,115176.69,18.8608,156986.3946,18.0259,177312.9494
73,600072.SH,20170912,18.39,18.48,18.19,18.22,18.43,-0.21,-1.14,93954.62,171846.253,18.498,120619.172,18.8838,162656.3008,18.0047,179306.6594
74,600072.SH,20170911,18.3,18.58,18.18,18.43,18.33,0.1,0.55,88716.91,162787.116,18.604,123669.334,18.9246,174129.6854,17.9815,180336.8729
75,600072.SH,20170908,18.68,18.81,18.1,18.33,18.63,-0.3,-1.61,151528.5,279865.459,18.704,136658.828,18.9608,183431.99,17.95,181483.0159
76,600072.SH,20170907,18.84,19.05,18.6,18.63,18.88,-0.25,-1.32,135801.63,255480.92,18.862,137713.672,19.0,195772.2523,17.9259,182575.4641
77,600072.SH,20170906,18.76,19.09,18.64,18.88,18.75,0.13,0.69,133094.2,251273.998,19.012,150039.396,19.0538,218373.4185,17.8753,181706.2279
78,600072.SH,20170905,18.87,18.94,18.61,18.75,18.93,-0.18,-0.95,109205.43,204390.404,19.112,158179.446,19.1115,262803.7638,17.8203,181173.2335
79,600072.SH,20170904,19.16,19.29,18.89,18.93,19.12,-0.19,-0.99,153664.38,292848.342,19.212,180547.188,19.0954,278297.1023,17.7647,181933.2482
80,600072.SH,20170901,19.42,19.52,19.05,19.12,19.38,-0.26,-1.34,156802.72,300823.794,19.314,213795.134,18.9354,273371.3523,17.6924,180185.5968
81,600072.SH,20170831,19.29,19.65,19.11,19.38,19.38,0.0,0.0,197430.25,382705.091,19.24,218352.704,18.7492,267396.2577,17.6082,181204.2253
82,600072.SH,20170830,19.18,19.4,18.89,19.38,19.25,0.13,0.68,173794.45,332709.948,19.114,227488.378,18.5354,257523.5469,17.5624,181601.4315
83,600072.SH,20170829,19.32,19.48,19.0,19.25,19.44,-0.19,-0.98,221044.14,425225.23,19.018,234658.862,18.3062,253650.05,17.5118,182591.6538
84,600072.SH,20170828,18.74,19.87,18.65,19.44,18.75,0.69,3.68,319904.11,617314.935,18.936,252840.416,18.1031,243090.4977,17.4394,179066.1218
85,600072.SH,20170825,18.6,18.92,18.4,18.75,18.75,0.0,0.0,179590.57,335075.345,18.914,274782.952,17.8862,225466.5977,17.3697,173160.9324
86,600072.SH,20170824,18.9,19.25,18.51,18.75,18.9,-0.15,-0.79,243108.62,459193.953,19.09,381002.576,17.7408,220247.5869,17.3315,173067.1059
87,600072.SH,20170823,18.74,19.16,18.65,18.9,18.84,0.06,0.32,209646.87,396484.67,19.048,394504.618,17.6,209643.0662,17.2959,171724.1771
88,600072.SH,20170822,19.26,19.53,18.71,18.84,19.33,-0.49,-2.53,311951.91,593962.049,18.638,370501.17,17.4715,212751.7231,17.25,170309.0647
89,600072.SH,20170821,19.52,19.54,19.02,19.33,19.63,-0.3,-1.53,429616.79,827427.814,18.21,323936.086,17.2785,194139.6046,17.1965,163563.8806
90,600072.SH,20170818,19.2,19.98,18.89,19.63,18.54,1.09,5.88,710688.69,1378674.626,17.664,251829.73,17.0469,173667.2831,17.13,153757.5388
91,600072.SH,20170817,17.09,18.54,17.09,18.54,16.85,1.69,10.03,310618.83,562581.392,17.018,134379.79,16.8415,127407.3031,17.0509,134732.1059
92,600072.SH,20170816,16.54,16.91,16.51,16.85,16.7,0.15,0.9,89629.63,150117.982,16.632,89010.016,16.7315,112831.6523,17.0003,127482.4497
93,600072.SH,20170815,16.62,16.91,16.46,16.7,16.6,0.1,0.6,79126.49,131936.277,16.586,89242.772,16.7769,115612.7108,17.0032,127093.6935
94,600072.SH,20170814,16.41,16.64,16.28,16.6,16.4,0.2,1.22,69085.01,113917.243,16.618,95766.16,16.8562,122885.1292,17.0065,126821.5621
95,600072.SH,20170811,16.5,17.0,16.35,16.4,16.61,-0.21,-1.26,123438.99,206584.062,16.682,102999.128,16.92,127492.5808,17.0159,128491.7556
96,600072.SH,20170810,16.65,16.94,16.48,16.61,16.62,-0.01,-0.06,83769.96,139866.092,16.848,128323.212,16.9938,127819.2562,17.0341,128642.3403
97,600072.SH,20170809,16.83,16.96,16.54,16.62,16.86,-0.24,-1.42,90793.41,151327.024,16.792,125568.094,17.0631,135888.6238,17.0309,129345.8979
98,600072.SH,20170808,17.0,17.18,16.62,16.86,16.92,-0.06,-0.35,111743.43,188724.12,16.732,140104.734,17.0854,137077.4077,17.0247,129649.8938
99,600072.SH,20170807,17.26,17.3,16.8,16.92,17.23,-0.31,-1.8,105249.85,178237.886,16.752,139617.838,17.0969,137325.7892,17.0291,130303.5062
100,600072.SH,20170804,16.36,17.69,16.36,17.23,16.33,0.9,5.51,250059.41,427436.777,16.79,142794.942,17.0923,139617.7954,17.0303,131547.3303
101,600072.SH,20170803,16.34,16.56,16.27,16.33,16.32,0.01,0.06,69994.37,114786.518,16.832,117939.738,17.0338,127632.0123,17.0279,131491.1085
102,600072.SH,20170802,16.9,17.06,16.2,16.32,16.96,-0.64,-3.77,163476.61,269842.902,17.112,138674.45,17.0285,136973.6831,17.0276,134096.0506
103,600072.SH,20170801,17.14,17.23,16.85,16.96,17.11,-0.15,-0.88,109308.95,185839.283,17.334,131775.504,17.1438,140624.3485,17.0179,133609.6341
104,600072.SH,20170731,17.53,17.58,17.05,17.11,17.44,-0.33,-1.89,121135.37,207941.475,17.414,135450.868,17.1977,148174.5838,16.9871,133835.2976
105,600072.SH,20170728,17.63,17.89,17.4,17.44,17.73,-0.29,-1.64,125783.39,221425.47,17.494,148958.142,17.1731,146639.2515,16.9491,131935.18
106,600072.SH,20170727,17.39,17.85,17.1,17.73,17.43,0.3,1.72,173667.93,304007.22,17.388,145050.984,17.1446,146127.2731,16.8944,130726.6847
107,600072.SH,20170726,17.36,17.48,17.08,17.43,17.36,0.07,0.4,128981.88,223062.94,17.244,133311.876,17.1231,146337.4685,16.8503,128119.49
108,600072.SH,20170725,17.5,17.6,17.15,17.36,17.51,-0.15,-0.86,127685.77,221499.959,17.13,134524.686,17.1315,151604.1731,16.8206,126695.7212
109,600072.SH,20170724,16.8,17.57,16.6,17.51,16.91,0.6,3.55,188671.74,321824.787,16.952,127836.378,17.13,154207.81,16.7926,126068.4132
110,600072.SH,20170721,17.01,17.17,16.75,16.91,17.01,-0.1,-0.59,106247.6,180150.95,16.702,128389.248,17.0923,146049.6492,16.7532,122673.3679
111,600072.SH,20170720,16.85,17.14,16.75,17.01,16.86,0.15,0.89,114972.39,194553.286,16.884,149326.78,17.1046,145276.8469,16.7265,121964.6282
112,600072.SH,20170719,16.45,17.15,16.29,16.86,16.47,0.39,2.37,135045.93,226149.598,17.014,167824.704,17.0992,141342.3531,16.6894,121580.6547
113,600072.SH,20170718,16.06,16.64,16.06,16.47,16.26,0.21,1.29,94244.23,154390.054,17.0,161050.728,17.0962,135887.3215,16.6435,120429.4821
114,600072.SH,20170717,17.7,17.74,16.04,16.26,17.82,-1.56,-8.75,191436.09,321184.516,17.12,166027.416,17.1331,134515.6054,16.6347,120420.6485
115,600072.SH,20170714,17.58,18.02,17.4,17.82,17.66,0.16,0.91,210935.26,375225.328,17.358,163020.292,17.1754,125164.6769,16.6365,116836.4997
116,600072.SH,20170713,16.77,17.68,16.61,17.66,16.79,0.87,5.18,207462.01,358485.877,17.302,160323.048,17.1062,118621.3177,16.5935,113803.23
117,600072.SH,20170712,17.07,17.17,16.51,16.79,17.07,-0.28,-1.64,101176.05,169913.169,17.238,151137.256,17.0569,112551.8454,16.5485,111219.635
118,600072.SH,20170711,17.35,17.53,17.05,17.07,17.45,-0.38,-2.18,119127.67,205675.863,17.284,147425.176,17.0346,113052.9892,16.5176,112807.2785
119,600072.SH,20170710,17.72,18.04,17.44,17.45,17.54,-0.09,-0.51,176400.47,313282.573,17.284,142839.876,16.9838,111668.4969,16.5144,112268.2315
120,600072.SH,20170707,17.21,17.79,17.13,17.54,17.34,0.2,1.15,197449.04,345323.268,17.182,120324.576,16.95,108404.3262,16.5229,109498.6556
121,600072.SH,20170706,16.95,17.36,16.78,17.34,17.02,0.32,1.88,161533.05,276505.559,17.038,93660.872,16.9054,104565.1592,16.5297,106563.8174
122,600072.SH,20170705,17.0,17.12,16.8,17.02,17.07,-0.05,-0.29,82615.65,140319.656,16.96,76636.646,16.8908,111227.8377,16.5559,106817.7771
123,600072.SH,20170704,17.01,17.09,16.8,17.07,16.94,0.13,0.77,96201.17,163032.83,16.918,74088.32,16.8369,117069.8954,16.5974,109793.4706
124,600072.SH,20170703,16.82,16.98,16.71,16.94,16.82,0.12,0.71,63823.97,107646.165,16.888,80022.404,16.7538,120972.7631,16.6276,109863.8835
125,600072.SH,20170630,16.89,16.93,16.61,16.82,16.95,-0.13,-0.77,64130.52,107661.489,16.904,92969.384,16.6746,125061.8046,16.6694,112983.0694
126,600072.SH,20170629,16.81,16.97,16.7,16.95,16.81,0.14,0.83,76411.92,128694.007,16.84,101681.464,16.5977,124477.2546,16.7171,119421.0918
127,600072.SH,20170628,16.8,16.99,16.7,16.81,16.92,-0.11,-0.65,69874.02,117466.289,16.732,106624.934,16.4923,125114.38,16.7241,122087.9112
128,600072.SH,20170627,17.0,17.18,16.77,16.92,17.02,-0.1,-0.59,125871.59,213146.928,16.772,119443.38,16.4477,126279.71,16.7359,125860.7544
129,600072.SH,20170626,16.36,17.05,16.36,17.02,16.5,0.52,3.15,128558.87,216122.615,16.78,123777.036,16.4092,122795.26,16.7182,126179.85
130,600072.SH,20170623,16.39,16.73,16.02,16.5,16.41,0.09,0.55,107690.92,176563.686,16.806,147694.836,16.3623,121087.4469,16.7232,126281.5438
131,600072.SH,20170622,16.85,16.99,16.38,16.41,17.01,-0.6,-3.53,101129.27,169293.358,16.77,157869.132,16.3369,118437.3915,16.7585,128853.6376
132,600072.SH,20170621,17.06,17.38,16.69,17.01,16.96,0.05,0.29,133966.25,228072.341,16.686,167030.968,16.3054,116977.4823,16.8215,130364.3965
133,600072.SH,20170620,17.14,17.14,16.83,16.96,17.15,-0.19,-1.11,147539.87,250016.226,16.466,163634.02,16.2085,114512.1777,16.8806,129936.97
134,600072.SH,20170619,16.3,17.24,16.21,17.15,16.32,0.83,5.09,248147.87,415641.452,16.238,145432.32,16.0808,110540.3462,16.9491,129449.8074
135,600072.SH,20170616,16.03,16.48,15.82,16.32,15.99,0.33,2.06,158562.4,256385.495,15.924,112741.656,16.0054,98678.5015,17.0106,130234.6635
136,600072.SH,20170615,15.83,16.25,15.8,15.99,15.91,0.08,0.5,146938.45,235486.984,15.906,98033.838,16.0054,91833.3192,17.1268,135284.8371
137,600072.SH,20170614,15.77,16.39,15.77,15.91,15.82,0.09,0.57,116981.51,187910.084,15.992,84760.896,16.0338,88822.9838,17.2935,139590.0774
138,600072.SH,20170613,15.59,15.95,15.51,15.82,15.58,0.24,1.54,56531.37,89231.72,16.092,82636.054,16.0508,89025.9277,17.4047,142660.3388
139,600072.SH,20170612,16.2,16.2,15.52,15.58,16.23,-0.65,-4.0,84694.55,134196.912,16.162,85977.82,16.0446,96612.4323,17.5706,147363.5879
140,600072.SH,20170609,16.4,16.47,16.07,16.23,16.42,-0.19,-1.16,85023.31,138254.633,16.246,85469.0,16.1508,97851.3185,17.7729,151946.0118
141,600072.SH,20170608,16.38,16.51,16.25,16.42,16.41,0.01,0.06,80573.74,132023.079,16.15,88847.796,16.2669,97636.8246,17.9368,154581.7541
142,600072.SH,20170607,16.01,16.59,15.93,16.41,16.17,0.24,1.48,106357.3,173937.56,15.926,91914.26,16.3708,98951.5015,18.1197,157742.8391
143,600072.SH,20170606,16.0,16.25,15.85,16.17,16.0,0.17,1.06,73240.2,117730.911,15.878,89431.578,16.5108,103859.9923,18.3026,162808.31
144,600072.SH,20170605,15.7,16.23,15.65,16.0,15.75,0.25,1.59,82150.45,131620.853,15.908,88698.544,16.6846,112363.7638,18.5447,171271.1815
145,600072.SH,20170602,15.14,15.83,14.96,15.75,15.3,0.45,2.94,101917.29,158713.694,15.98,93829.272,16.8462,113628.7454,18.7647,173491.4832
146,600072.SH,20170601,16.03,16.16,15.2,15.3,16.17,-0.87,-5.38,95906.06,149563.225,16.056,97369.77,17.0469,118856.3608,18.9941,178649.1479
147,600072.SH,20170531,16.52,16.84,16.15,16.17,16.32,-0.15,-0.92,93943.89,154902.819,16.144,109219.744,17.2885,133249.9931,19.2409,187872.6376
148,600072.SH,20170526,16.35,16.55,16.21,16.32,16.36,-0.04,-0.24,69575.03,113856.417,16.302,110590.98,17.3669,138876.1385,19.4291,194757.1803
149,600072.SH,20170525,16.43,16.43,15.81,16.36,16.13,0.23,1.43,107804.09,174546.517,16.586,113122.952,17.4354,148766.5738,19.5874,202291.3591
150,600072.SH,20170524,15.58,16.15,15.12,16.13,15.74,0.39,2.48,119619.78,188551.378,16.868,111095.042,17.4323,150990.9392,19.7371,205217.8621
151,600072.SH,20170523,16.92,17.09,15.4,15.74,16.96,-1.22,-7.19,155155.93,251832.932,17.288,121204.622,17.5138,151944.53,19.8956,211471.0335
152,600072.SH,20170522,17.53,17.91,16.9,16.96,17.74,-0.78,-4.4,100800.07,175065.186,17.826,126931.282,17.6646,155020.39,20.0412,215815.6409
153,600072.SH,20170519,17.81,18.13,17.62,17.74,17.77,-0.03,-0.17,82234.89,147125.417,18.054,126490.31,17.7869,158996.9285,20.1088,216675.8644
154,600072.SH,20170518,17.85,18.29,17.73,17.77,18.23,-0.46,-2.52,97664.54,175260.844,18.178,144018.59,17.8854,161858.3792,20.1785,218248.9765
155,600072.SH,20170517,18.33,19.02,18.15,18.23,18.43,-0.2,-1.09,170167.68,315408.625,18.312,181090.338,18.0023,164420.8254,20.2485,218905.3062
156,600072.SH,20170516,17.86,18.5,17.38,18.43,18.1,0.33,1.82,183789.23,331826.507,18.104,180473.558,18.08,172472.0023,20.3074,218635.1488
157,600072.SH,20170515,18.25,18.45,18.02,18.1,18.36,-0.26,-1.42,98595.21,179491.483,17.86,183345.85,18.2215,183739.6231,20.3541,217617.0485
158,600072.SH,20170512,18.25,18.57,17.8,18.36,18.44,-0.08,-0.43,169876.29,309803.798,17.504,190970.976,18.4954,198718.1931,20.4021,219639.6371
159,600072.SH,20170511,17.0,18.58,16.91,18.44,17.19,1.25,7.27,283023.28,505934.003,17.27,183399.01,18.5977,202679.2785,20.4432,219259.8309
160,600072.SH,20170510,17.28,17.36,17.01,17.19,17.21,-0.02,-0.12,167083.78,287499.054,17.122,165822.776,18.83,197557.6292,20.4771,216114.2876
161,600072.SH,20170509,16.35,17.45,16.35,17.21,16.32,0.89,5.45,198150.69,336472.31,17.394,162905.034,19.2354,203204.7969,20.5632,215736.5271
162,600072.SH,20170508,17.06,17.18,16.28,16.32,17.19,-0.87,-5.06,136720.84,229739.967,17.756,147161.646,19.5885,201396.1708,20.6632,213547.5871
163,600072.SH,20170505,17.63,17.99,17.15,17.19,17.7,-0.51,-2.88,132016.46,232415.739,18.35,146012.746,20.0746,205344.6162,20.805,213416.8582
164,600072.SH,20170504,18.48,18.48,17.64,17.7,18.55,-0.85,-4.58,195142.11,350086.03,18.76,174576.05,20.4931,216618.9892,20.9074,212684.2815
165,600072.SH,20170503,18.95,19.0,18.52,18.55,19.02,-0.47,-2.47,152495.07,285711.156,19.274,201601.288,21.0085,229375.5831,21.0074,211544.5182
166,600072.SH,20170502,19.0,19.2,18.7,19.02,19.29,-0.27,-1.4,119433.75,226507.604,19.896,229765.598,21.3877,229771.4015,21.0768,209963.6826
167,600072.SH,20170428,19.16,19.88,19.0,19.29,19.24,0.05,0.26,130976.34,254988.669,20.03,250152.928,21.7362,241913.2585,21.1303,210752.9997
168,600072.SH,20170427,19.8,19.8,18.48,19.24,20.27,-1.03,-5.08,274832.98,527153.25,20.464,267246.028,22.0746,263338.5177,21.1724,214754.8762
169,600072.SH,20170426,21.78,21.78,20.16,20.27,21.66,-1.39,-6.42,330268.3,685823.843,21.108,260378.824,22.3308,267429.6992,21.25,211803.9926
170,600072.SH,20170425,19.73,21.66,19.05,21.66,19.69,1.97,10.01,293316.62,592402.49,21.414,229252.874,22.4408,267081.1462,21.3041,210912.0097
171,600072.SH,20170424,21.35,21.88,19.62,19.69,21.46,-1.77,-8.25,221370.4,455558.961,21.61,208199.676,22.4246,260464.8823,21.3453,210137.6794
172,600072.SH,20170421,22.53,22.85,21.39,21.46,22.46,-1.0,-4.45,216441.84,478523.421,22.198,219642.258,22.5654,268992.36,21.4135,208164.2753
173,600072.SH,20170420,21.83,22.6,21.71,22.46,21.8,0.66,3.03,240496.96,532483.927,22.786,248549.456,22.5062,275640.8785,21.43,206980.3724
174,600072.SH,20170419,22.39,22.59,21.5,21.8,22.64,-0.84,-3.71,174638.55,382488.843,22.99,231978.206,22.26,267144.7792,21.4288,207803.0147
175,600072.SH,20170418,22.62,23.12,21.99,22.64,22.63,0.01,0.04,188050.63,424268.417,23.34,252506.074,22.13,264151.0985,21.4356,207515.0006
176,600072.SH,20170417,23.91,23.96,22.45,22.63,24.4,-1.77,-7.25,278583.31,639136.044,23.55,296796.89,21.9385,258914.8769,21.3997,207006.83
177,600072.SH,20170414,23.7,24.77,23.7,24.4,23.48,0.92,3.92,360977.83,878674.658,23.538,306683.896,21.7538,249868.6477,21.3885,203505.5724
178,600072.SH,20170413,23.49,23.75,23.13,23.48,23.55,-0.07,-0.3,157640.71,368850.767,22.998,299635.752,21.4169,233576.0315,21.32,198707.4632
179,600072.SH,20170412,23.6,24.49,23.31,23.55,23.69,-0.14,-0.59,277277.89,658639.902,22.592,309568.648,21.1285,234323.9169,21.2879,199955.9544
180,600072.SH,20170411,22.4,24.18,22.2,23.69,22.57,1.12,4.96,409504.71,947900.774,22.186,320558.592,20.8369,225068.9162,21.2609,199365.6391
181,600072.SH,20170410,21.9,22.96,21.6,22.57,21.7,0.87,4.01,328018.34,733311.639,21.586,299232.166,20.5215,207112.77,21.2212,197547.8465
182,600072.SH,20170407,21.99,22.68,21.46,21.7,21.45,0.25,1.17,325737.11,720086.393,20.924,259638.032,20.3331,193745.1992,21.2129,202915.2026
183,600072.SH,20170406,21.56,21.88,21.33,21.45,21.52,-0.07,-0.33,207305.19,446941.267,20.606,221634.75,20.2492,178205.9392,21.1891,200102.4009
184,600072.SH,20170405,20.33,21.96,20.27,21.52,20.69,0.83,4.01,332227.61,703898.371,20.346,204169.662,20.2254,172434.4677,21.1647,200659.4306
185,600072.SH,20170331,19.52,21.1,19.52,20.69,19.26,1.43,7.42,302872.58,622557.432,20.088,169920.606,20.16,155117.64,21.1603,196177.0535
186,600072.SH,20170330,19.92,20.06,19.2,19.26,20.11,-0.85,-4.23,130047.67,254454.318,19.954,139180.854,20.1915,143849.7615,21.1759,192102.1138
187,600072.SH,20170329,20.0,20.4,19.55,20.11,20.15,-0.04,-0.2,135720.7,271915.066,20.048,146643.964,20.3185,141441.9915,21.2315,195739.8638
188,600072.SH,20170328,20.22,20.65,20.07,20.15,20.23,-0.08,-0.4,119979.75,244162.215,19.978,150892.4,20.3746,142253.5169,21.2818,199090.5776
189,600072.SH,20170327,19.91,20.42,19.85,20.23,20.02,0.21,1.05,160982.33,325289.574,19.866,162111.412,20.4185,153565.8546,21.3294,206281.4441
190,600072.SH,20170324,19.6,20.15,19.35,20.02,19.73,0.29,1.47,149173.82,295242.202,19.844,160762.93,20.5454,154605.9015,21.3588,208581.8874
191,600072.SH,20170323,19.65,19.85,19.02,19.73,19.76,-0.03,-0.15,167363.22,326809.101,19.962,155673.512,20.7062,166203.3677,21.3976,214778.1144
192,600072.SH,20170322,19.5,19.85,19.23,19.76,19.59,0.17,0.87,156962.88,308012.344,20.244,148656.08,20.9623,173866.9192,21.4276,219905.545
193,600072.SH,20170321,20.1,20.18,19.53,19.59,20.12,-0.53,-2.63,176074.81,347702.513,20.426,138685.274,21.1354,173660.1331,21.4168,220038.2844
194,600072.SH,20170320,20.55,20.78,19.9,20.12,20.61,-0.49,-2.38,154239.92,311847.653,20.728,134748.344,21.3223,173668.9277,21.4185,219872.0168
195,600072.SH,20170317,21.15,21.2,20.53,20.61,21.14,-0.53,-2.51,123726.73,257781.583,20.886,123649.692,21.4992,182455.6108,21.4032,222550.3759
196,600072.SH,20170316,20.79,21.18,20.79,21.14,20.67,0.47,2.27,132276.06,278053.596,20.932,128158.452,21.6085,185618.6369,21.385,229012.8235
197,600072.SH,20170315,21.0,21.06,20.58,20.67,21.1,-0.43,-2.04,107108.85,222110.378,20.848,155111.268,21.63,188579.9269,21.3032,228842.9518
198,600072.SH,20170314,20.98,21.48,20.95,21.1,20.91,0.19,0.91,156390.16,332304.431,21.09,168590.086,21.7515,192613.1346,21.2224,229213.6121
199,600072.SH,20170313,20.74,21.06,20.49,20.91,20.84,0.07,0.34,98746.66,205816.03,21.292,197300.23,21.8262,195801.7469,21.1421,228512.9156
200,600072.SH,20170310,20.7,21.07,20.48,20.84,20.72,0.12,0.58,146270.53,304055.068,21.722,230948.776,21.94,203597.3431,21.0682,230181.935
201,600072.SH,20170309,21.7,21.71,20.67,20.72,21.88,-1.16,-5.3,267040.14,560038.738,21.956,232549.602,22.0777,212130.9308,20.9888,234556.4788
202,600072.SH,20170308,22.02,22.45,21.86,21.88,22.11,-0.23,-1.04,174502.94,385865.402,22.216,214379.402,22.2023,218335.5169,20.9521,234133.1624
203,600072.SH,20170307,22.99,23.0,22.0,22.11,23.06,-0.95,-4.12,299940.88,670455.777,22.324,233172.174,22.2338,244182.0946,20.8721,234889.1206
204,600072.SH,20170306,22.0,23.12,21.81,23.06,22.01,1.05,4.77,266989.39,601605.779,22.308,206153.212,22.14,238809.8615,20.8047,236056.1453
205,600072.SH,20170303,21.68,22.34,21.68,22.01,22.02,-0.01,-0.05,154274.66,340867.924,21.98,186909.9,21.9523,235675.6162,20.6974,236837.2788
206,600072.SH,20170302,22.36,22.69,21.89,22.02,22.42,-0.4,-1.78,176189.14,389287.384,22.028,187963.078,21.9031,237641.1646,20.6359,241326.7238
207,600072.SH,20170301,21.9,22.8,21.85,22.42,22.03,0.39,1.77,268466.8,602126.679,22.038,192293.674,21.8415,236728.51,20.5532,245382.7553
208,600072.SH,20170228,21.44,22.09,21.44,22.03,21.42,0.61,2.85,164846.07,359302.981,22.032,178618.196,21.7438,235595.0,20.4488,246180.155
209,600072.SH,20170227,22.45,22.48,21.36,21.42,22.25,-0.83,-3.73,170772.83,373020.412,22.152,197090.416,21.7277,242117.9923,20.3526,249585.8894
210,600072.SH,20170224,22.0,22.37,21.87,22.25,22.07,0.18,0.82,159540.55,354001.687,22.336,232475.802,21.7546,257017.7138,20.2562,251884.0574
211,600072.SH,20170223,22.35,22.4,21.73,22.07,22.39,-0.32,-1.43,197842.12,435792.962,22.344,302669.382,21.6762,263145.1638,20.1118,253506.6706
212,600072.SH,20170222,22.5,22.81,22.22,22.39,22.63,-0.24,-1.06,200089.41,449788.179,22.108,309121.328,21.62,275606.9654,19.9768,254589.1588
213,600072.SH,20170221,22.02,22.66,21.71,22.63,22.34,0.29,1.3,257207.17,569237.062,21.754,314352.286,21.4938,286499.7692,19.8556,254404.3929
214,600072.SH,20170220,22.05,22.65,21.84,22.34,22.29,0.05,0.22,347699.76,774031.533,21.502,298876.21,21.2446,279135.8346,19.7371,253593.6941
215,600072.SH,20170217,20.89,22.82,20.68,22.29,20.89,1.4,6.7,510508.45,1111509.222,21.278,262201.184,21.0377,265499.0615,19.6212,251090.0926
216,600072.SH,20170216,20.66,21.34,20.56,20.89,20.62,0.27,1.31,230101.85,483804.47,21.05,210845.728,20.8308,245098.7292,19.5226,244888.5724
217,600072.SH,20170215,21.36,21.4,20.5,20.62,21.37,-0.75,-3.51,226244.2,470050.252,21.236,214754.352,20.7615,253817.8138,19.4647,247528.82
218,600072.SH,20170214,21.23,21.64,21.01,21.37,21.22,0.15,0.71,179826.79,383673.738,21.466,242399.354,20.5877,246145.2154,19.4244,254041.8468
219,600072.SH,20170213,21.0,21.44,20.9,21.22,21.15,0.07,0.33,164324.63,348922.332,21.438,254273.476,20.3223,241520.9469,19.34,256301.4891
220,600072.SH,20170210,21.74,21.74,21.1,21.15,21.82,-0.67,-3.07,253731.17,540548.35,21.462,293377.658,20.1031,239078.0123,19.2815,262225.9724
221,600072.SH,20170209,21.5,21.96,21.4,21.82,21.77,0.05,0.23,249644.97,539900.193,21.382,310970.596,19.8915,231521.2546,19.2218,268099.6474
222,600072.SH,20170208,21.0,22.19,20.9,21.77,21.23,0.54,2.54,364469.21,789869.558,20.896,293336.806,19.6085,235010.4892,19.1591,281142.3809
223,600072.SH,20170207,21.16,21.31,20.63,21.23,21.34,-0.11,-0.52,239197.4,501547.863,20.472,254527.306,19.4315,226408.81,19.0641,289277.5062
224,600072.SH,20170206,20.55,21.69,20.47,21.34,20.75,0.59,2.84,359845.54,763088.68,20.146,255748.652,19.2723,223409.4346,18.9738,295418.6288
225,600072.SH,20170203,19.6,21.32,19.5,20.75,19.39,1.36,7.01,341695.86,702022.71,19.876,252469.534,19.1554,221853.6023,18.8318,293619.2338
226,600072.SH,20170126,19.52,19.84,19.11,19.39,19.65,-0.26,-1.32,161476.02,312808.634,19.398,209430.446,19.0523,218149.9154,18.7191,288999.8371
227,600072.SH,20170125,19.48,19.96,19.41,19.65,19.6,0.05,0.26,170421.71,334252.61,19.104,201077.502,19.0931,229337.59,18.6403,293212.9932
228,600072.SH,20170124,19.55,20.2,19.51,19.6,19.99,-0.39,-1.95,245304.13,484115.021,18.848,193506.456,19.0592,240389.3208,18.5656,297390.1085
229,600072.SH,20170123,18.69,20.2,18.57,19.99,18.36,1.63,8.88,343449.95,670400.878,18.608,175544.294,19.0031,244256.5715,18.4671,296020.7074
230,600072.SH,20170120,17.88,18.5,17.72,18.36,17.92,0.44,2.46,126500.42,230052.083,18.238,165855.308,18.9085,239425.1169,18.3582,293959.7529
231,600072.SH,20170119,18.3,18.36,17.8,17.92,18.37,-0.45,-2.45,119711.3,215894.124,18.46,191084.7,18.8915,248841.28,18.28,297195.3124
232,600072.SH,20170118,18.38,18.79,18.19,18.37,18.4,-0.03,-0.16,132566.48,245133.588,18.708,207183.544,18.8469,256148.8262,18.2197,298689.3353
233,600072.SH,20170117,18.05,18.63,18.0,18.4,18.14,0.26,1.43,155493.32,285058.35,18.998,248594.192,18.7785,264001.1523,18.1326,296936.4926
234,600072.SH,20170116,19.2,19.36,17.52,18.14,19.47,-1.33,-6.83,295005.02,542312.774,19.2,276205.114,18.7685,266948.3869,18.0485,296084.6541
235,600072.SH,20170113,19.21,20.01,19.05,19.47,19.16,0.31,1.62,252647.38,495286.132,19.556,278587.268,18.8038,261920.5708,17.9665,289199.8679
236,600072.SH,20170112,19.6,19.93,19.12,19.16,19.82,-0.66,-3.33,200205.52,390926.036,19.504,290876.634,18.7215,262684.4115,17.8438,283537.3774
237,600072.SH,20170111,19.06,20.1,18.79,19.82,19.41,0.41,2.11,339619.72,661418.868,19.446,309951.208,18.7046,270334.5069,17.7285,279351.6509
238,600072.SH,20170110,19.98,20.25,19.31,19.41,19.92,-0.51,-2.56,293547.93,579395.972,19.234,298155.472,18.6354,268815.3185,17.5979,272491.3553
239,600072.SH,20170109,19.15,19.99,18.92,19.92,19.21,0.71,3.7,306915.79,600335.8,18.98,289227.994,18.6231,280672.1785,17.4871,267479.6179
240,600072.SH,20170106,18.9,19.85,18.9,19.21,18.87,0.34,1.8,314094.21,608390.538,18.464,270786.716,18.5138,276805.9354,17.3482,259982.7653
241,600072.SH,20170105,18.65,19.35,18.45,18.87,18.76,0.11,0.59,295578.39,559644.187,18.118,254897.218,18.5154,280780.0008,17.2276,252338.0829
242,600072.SH,20170104,18.14,18.95,18.02,18.76,18.14,0.62,3.42,280641.04,520377.222,17.998,234543.014,18.5346,292922.9031,17.1265,246415.0174
243,600072.SH,20170103,17.45,18.27,17.41,18.14,17.34,0.8,4.61,248910.54,447397.781,17.966,224343.488,18.6062,324650.3546,17.0241,239673.7447
244,600072.SH,20161230,17.45,18.07,17.17,17.34,17.48,-0.14,-0.8,214709.4,380112.588,18.018,227076.842,18.6369,354815.9646,16.9388,233644.9079
245,600072.SH,20161229,18.12,18.27,17.42,17.48,18.27,-0.79,-4.32,234646.72,418446.189,18.338,244066.314,18.7,372761.0546,16.8741,229253.2688
246,600072.SH,20161228,18.42,18.65,18.08,18.27,18.6,-0.33,-1.77,193807.37,355742.572,18.626,261111.024,18.6254,377685.6231,16.8041,224055.7965
247,600072.SH,20161227,18.3,18.68,18.01,18.6,18.4,0.2,1.09,229643.41,420140.369,18.822,311886.972,18.5215,376980.1615,16.7047,219472.4941
248,600072.SH,20161226,18.52,18.78,17.91,18.4,18.94,-0.54,-2.85,262577.31,480212.14,18.802,317289.216,18.3762,382755.54,16.5885,214241.0929
249,600072.SH,20161223,18.69,19.46,18.6,18.94,18.92,0.02,0.11,299656.76,573958.069,18.968,337925.166,18.2769,386591.4108,16.4876,207769.585
250,600072.SH,20161222,19.01,19.72,18.6,18.92,19.25,-0.33,-1.71,319870.27,611013.524,19.004,368681.038,18.07,378828.9285,16.3724,200081.4009
251,600072.SH,20161221,18.63,19.86,18.46,19.25,18.5,0.75,4.05,447687.11,858656.474,19.158,443326.566,17.8677,375252.5615,16.2562,191656.8976
252,600072.SH,20161220,18.98,19.0,18.34,18.5,19.23,-0.73,-3.8,256654.63,476461.958,19.016,482001.838,17.5946,359008.1254,16.1335,180240.4309
253,600072.SH,20161219,19.25,19.63,18.66,19.23,19.12,0.11,0.58,365757.06,699307.534,18.948,520270.026,17.3923,352381.4677,16.0279,173619.8406
254,600072.SH,20161216,19.3,19.85,18.82,19.12,19.69,-0.57,-2.89,453436.12,872251.109,18.404,506851.836,17.0985,329859.3731,15.9029,163801.3618
255,600072.SH,20161215,18.3,20.39,18.18,19.69,18.54,1.15,6.2,693097.91,1350510.55,17.964,453091.886,16.8231,304712.8108,15.7791,151891.3879
256,600072.SH,20161214,18.67,19.5,17.92,18.54,18.16,0.38,2.09,641063.47,1196202.21,17.368,375416.97,16.4892,256083.9169,15.6468,132875.3059
257,600072.SH,20161213,16.6,18.16,16.4,18.16,16.51,1.65,9.99,447995.57,792871.367,17.082,309693.002,16.24,211396.1654,15.5497,115044.7188
258,600072.SH,20161212,16.95,17.38,16.47,16.51,16.92,-0.41,-2.42,298666.11,507508.498,16.7,259842.786,16.0154,181388.1077,15.4624,103284.7776
259,600072.SH,20161209,16.62,16.99,16.27,16.92,16.71,0.21,1.26,184636.37,304623.328,16.656,254785.064,15.9285,166596.0738,15.4288,96632.3765
260,600072.SH,20161208,17.11,17.56,16.6,16.71,17.11,-0.4,-2.34,304723.33,519377.785,16.412,265159.678,15.83,161866.2654,15.3874,93137.2565
261,600072.SH,20161207,16.15,17.13,16.15,17.11,16.25,0.86,5.29,312443.63,524696.433,16.244,238316.628,15.7138,142427.7631,15.3509,86320.5465
262,600072.SH,20161206,16.18,16.62,16.13,16.25,16.29,-0.04,-0.25,198744.49,325442.47,15.904,190421.868,15.56,122560.9462,15.3035,79685.6112
263,600072.SH,20161205,15.18,16.76,15.03,16.29,15.7,0.59,3.76,273377.5,442244.177,15.762,175979.132,15.4969,114518.6131,15.2874,78009.4835
264,600072.SH,20161202,15.87,16.59,15.65,15.7,15.87,-0.17,-1.07,236509.44,381732.992,15.574,133488.09,15.4192,97446.3262,15.2715,74218.0112
265,600072.SH,20161201,15.33,15.93,15.33,15.87,15.41,0.46,2.99,170508.08,268351.143,15.494,98210.742,15.3838,82632.53,15.2535,69738.2862
266,600072.SH,20161130,15.47,15.53,15.22,15.41,15.54,-0.13,-0.84,72969.83,112191.025,15.368,75687.29,15.3277,74546.8062,15.2403,67338.4256
267,600072.SH,20161129,15.35,15.85,15.16,15.54,15.35,0.19,1.24,126530.81,196471.177,15.362,82367.258,15.3038,73390.1008,15.2344,67450.2665
268,600072.SH,20161128,15.36,15.65,15.3,15.35,15.3,0.05,0.33,60922.29,94146.218,15.382,81690.868,15.2538,66578.1223,15.2285,66229.0718
269,600072.SH,20161125,15.24,15.32,14.95,15.3,15.24,0.06,0.39,60122.7,91323.618,15.352,79910.97,15.2,65874.5438,15.2285,68298.4435
270,600072.SH,20161124,15.53,15.53,15.13,15.24,15.38,-0.14,-0.91,57890.82,88670.164,15.314,78721.432,15.1746,64522.4931,15.2171,68131.6112
271,600072.SH,20161123,15.56,15.84,15.31,15.38,15.64,-0.26,-1.66,106369.67,165923.768,15.352,85982.1,15.1577,63012.3146,15.2021,68017.0735
272,600072.SH,20161122,15.19,15.65,15.13,15.64,15.2,0.44,2.89,123148.86,190266.207,15.332,74995.72,15.1262,57402.1215,15.1785,65976.4818
273,600072.SH,20161121,15.03,15.45,15.02,15.2,15.11,0.09,0.6,52022.8,79360.379,15.252,59151.966,15.0831,52508.1508,15.1441,64442.4606
274,600072.SH,20161118,15.31,15.47,15.07,15.11,15.43,-0.32,-2.07,54175.01,82412.395,15.24,61826.14,15.0608,50933.6708,15.1171,63563.5424
275,600072.SH,20161117,15.31,15.53,15.14,15.43,15.28,0.15,0.98,94194.16,144740.605,15.238,62577.67,15.0508,49222.4223,15.0879,63141.325
276,600072.SH,20161116,15.4,15.48,15.25,15.28,15.24,0.04,0.26,51437.77,78843.651,15.13,51333.856,15.0108,45707.2569,15.0509,61009.8285
277,600072.SH,20161115,15.2,15.25,15.08,15.24,15.14,0.1,0.66,43930.09,66642.545,15.004,51401.456,15.0038,45331.3608,15.0226,60294.4506
278,600072.SH,20161114,15.14,15.3,14.98,15.14,15.1,0.04,0.26,65393.67,99103.385,14.95,51124.646,15.0038,44630.8546,14.9944,59728.0735
279,600072.SH,20161111,14.86,15.16,14.85,15.1,14.89,0.21,1.41,57932.66,87206.72,14.926,45697.612,15.0077,43305.0008,14.9679,58479.9062
280,600072.SH,20161110,14.8,14.95,14.74,14.89,14.65,0.24,1.64,37975.09,56396.531,14.9,40798.512,15.0285,44424.3708,14.9424,57546.4868
281,600072.SH,20161109,14.94,15.01,14.4,14.65,14.97,-0.32,-2.14,51775.77,76353.233,14.938,45108.942,15.0762,46564.9246,14.9188,57367.65
282,600072.SH,20161108,15.03,15.14,14.9,14.97,15.02,-0.05,-0.33,42546.04,63899.448,14.99,41064.7,15.1392,48194.1108,14.9062,56701.0997
283,600072.SH,20161107,14.95,15.13,14.82,15.02,14.97,0.05,0.33,38258.5,57297.274,14.992,38941.248,15.18,51602.5562,14.8826,57085.7979
284,600072.SH,20161104,15.03,15.06,14.83,14.97,15.08,-0.11,-0.73,33437.16,49921.482,14.97,40988.95,15.2323,59563.9138,14.8782,57578.6862
285,600072.SH,20161103,14.78,15.2,14.78,15.08,14.91,0.17,1.14,59527.24,89145.635,15.014,43611.742,15.2923,68104.7046,14.8774,58758.2688
286,600072.SH,20161102,14.97,15.07,14.85,14.91,14.98,-0.07,-0.47,31554.56,47162.952,15.046,38670.996,15.2931,70002.5162,14.8724,59872.4082
287,600072.SH,20161101,14.89,15.0,14.89,14.98,14.91,0.07,0.47,31928.78,47727.786,15.102,41991.598,15.3323,74414.69,14.8612,60044.5141
288,600072.SH,20161031,15.19,15.19,14.8,14.91,15.19,-0.28,-1.84,48497.01,72270.433,15.18,50102.736,15.35,77864.2008,14.8435,59796.1218
289,600072.SH,20161028,15.41,15.57,15.12,15.19,15.24,-0.05,-0.33,46551.12,71366.913,15.3,53563.792,15.3831,80672.9069,14.8268,59256.7412
290,600072.SH,20161027,15.19,15.41,15.08,15.24,15.19,0.05,0.33,34823.51,53096.023,15.356,58844.606,15.3954,87190.5846,14.8041,58873.8462
291,600072.SH,20161026,15.38,15.45,15.13,15.19,15.37,-0.18,-1.17,48157.57,73366.961,15.408,69251.07,15.37,88700.3454,14.7859,59057.8176
292,600072.SH,20161025,15.5,15.74,15.28,15.37,15.51,-0.14,-0.9,72484.47,112222.136,15.51,87970.786,15.3346,89149.4969,14.7741,59149.7874
293,600072.SH,20161024,15.5,15.65,15.33,15.51,15.47,0.04,0.26,65802.29,102129.098,15.586,102367.38,15.2738,86419.1185,14.7603,59537.9232
294,600072.SH,20161021,15.45,15.7,15.33,15.47,15.5,-0.03,-0.19,72955.19,112916.99,15.502,106046.68,15.1938,86818.3377,14.7303,58665.4353
295,600072.SH,20161020,15.7,15.86,15.38,15.5,15.7,-0.2,-1.27,86855.83,135428.771,15.492,109238.206,15.1023,82909.4446,14.7021,58036.595
296,600072.SH,20161019,15.75,16.26,15.6,15.7,15.75,-0.05,-0.32,141756.15,224838.498,15.434,107221.524,14.9962,79291.2746,14.6818,56749.1579
297,600072.SH,20161018,15.19,15.84,15.11,15.75,15.09,0.66,4.37,144467.44,225868.874,15.362,95872.332,14.8785,70057.9769,14.6588,54470.1724
298,600072.SH,20161017,15.42,15.7,15.01,15.09,15.42,-0.33,-2.14,84198.79,129751.438,15.282,93235.03,14.7685,61030.86,14.6303,52244.1518
299,600072.SH,20161014,15.17,15.45,15.01,15.42,15.21,0.21,1.38,88912.82,135547.11,15.246,87285.352,14.7062,56451.9738,14.6329,53170.2553
300,600072.SH,20161013,15.28,15.52,15.15,15.21,15.34,-0.13,-0.85,76772.42,117328.395,15.108,80302.096,14.6154,51378.3708,14.635,58030.3003
301,600072.SH,20161012,15.48,15.64,15.24,15.34,15.35,-0.01,-0.07,85010.19,130801.341,14.982,72345.522,14.54,47487.9077,14.6162,57264.6229
302,600072.SH,20161011,15.15,15.66,15.12,15.35,14.91,0.44,2.95,131280.93,201794.547,14.808,69541.912,14.4438,43402.0962,14.5926,56182.4194
303,600072.SH,20161010,14.78,15.0,14.65,14.91,14.73,0.18,1.22,54450.4,80861.139,14.594,47713.642,14.3569,35543.0292,14.5691,54132.7032
304,600072.SH,20160930,14.54,14.75,14.54,14.73,14.58,0.15,1.03,53996.54,79244.489,14.436,44787.486,14.3,35633.4431,14.5479,53786.1794
305,600072.SH,20160929,14.43,14.6,14.33,14.58,14.47,0.11,0.76,36989.55,53559.211,14.324,38332.834,14.3108,35711.9169,14.5385,53499.2262
306,600072.SH,20160928,14.38,14.76,14.38,14.47,14.28,0.19,1.33,70992.14,103560.959,14.272,36357.908,14.3385,38523.7185,14.5265,53645.2332
307,600072.SH,20160927,14.12,14.3,14.12,14.28,14.12,0.16,1.13,22139.58,31447.393,14.234,27094.134,14.3723,40555.7062,14.5159,52760.8571
308,600072.SH,20160926,14.18,14.43,14.1,14.12,14.17,-0.05,-0.35,39819.62,56704.822,14.226,27257.414,14.3915,41730.0585,14.5088,54021.5541
309,600072.SH,20160923,14.39,14.42,14.16,14.17,14.32,-0.15,-1.05,21723.28,31025.505,14.248,24532.77,14.4115,40473.4292,14.5226,54353.5679
310,600072.SH,20160922,14.4,14.43,14.3,14.32,14.28,0.04,0.28,27114.92,38976.979,14.232,26567.042,14.4246,41122.2592,14.5418,55852.0256
311,600072.SH,20160921,14.26,14.38,14.23,14.28,14.24,0.04,0.28,24673.27,35279.703,14.212,26966.67,14.4323,41615.9338,14.5518,59030.6982
312,600072.SH,20160920,14.23,14.31,14.17,14.24,14.23,0.01,0.07,22955.98,32685.737,14.19,33157.172,14.4585,42877.8777,14.5935,61871.9379
313,600072.SH,20160919,14.19,14.32,14.18,14.23,14.09,0.14,0.99,26196.4,37310.897,14.316,39569.316,14.5008,45056.9977,14.6224,62658.2129
314,600072.SH,20160914,14.11,14.18,14.02,14.09,14.22,-0.13,-0.91,31894.64,44908.478,14.458,49038.63,14.5523,49632.7431,14.6465,63454.6088
315,600072.SH,20160913,14.29,14.35,14.08,14.22,14.17,0.05,0.35,29113.06,41414.14,14.622,62141.298,14.5831,49959.1323,14.6776,63941.7824
316,600072.SH,20160912,14.48,14.6,14.0,14.17,14.87,-0.7,-4.71,55625.78,79782.22,14.684,63799.918,14.6054,51686.9446,14.7062,64436.5729
317,600072.SH,20160909,14.91,15.02,14.83,14.87,14.94,-0.07,-0.47,55016.7,82103.755,14.726,57371.45,14.6546,50722.1131,14.7406,64422.9103
318,600072.SH,20160908,14.95,15.05,14.73,14.94,14.91,0.03,0.2,73542.97,109558.196,14.62,52399.724,14.6585,51433.9546,14.7503,64494.8926
319,600072.SH,20160907,14.5,15.02,14.5,14.91,14.53,0.38,2.62,97407.98,144690.811,14.516,44397.668,14.6462,51067.7831,14.7576,64917.5044
320,600072.SH,20160906,14.44,14.55,14.12,14.53,14.38,0.15,1.04,37406.16,53727.92,14.458,33131.78,14.6669,52473.8085,14.7765,64833.1485
321,600072.SH,20160905,14.4,14.48,14.35,14.38,14.34,0.04,0.28,23483.44,33830.751,14.51,35907.456,14.7408,69146.7462,14.8097,67874.6932
322,600072.SH,20160902,14.42,14.52,14.24,14.34,14.42,-0.08,-0.55,30158.07,43319.569,14.614,48346.986,14.7554,71243.3577,14.8471,71423.9603
323,600072.SH,20160901,14.59,14.65,14.4,14.42,14.62,-0.2,-1.37,33532.69,48697.42,14.644,49542.912,14.7708,72632.3731,14.8856,76583.7226
324,600072.SH,20160831,14.78,14.84,14.49,14.62,14.79,-0.17,-1.15,41078.54,60018.99,14.662,53151.298,14.7808,74790.6723,14.9162,80452.4179
325,600072.SH,20160830,14.81,14.97,14.73,14.79,14.9,-0.11,-0.74,51284.54,76105.96,14.7,53552.184,14.7477,74912.9838,14.9353,83055.7221
326,600072.SH,20160829,14.45,15.09,14.45,14.9,14.49,0.41,2.83,85681.09,127212.767,14.726,56149.404,14.7185,74371.1062,14.9524,87290.9226
327,600072.SH,20160826,14.58,14.74,14.46,14.49,14.51,-0.02,-0.14,36137.7,52763.989,14.702,52769.734,14.6623,71007.4677,14.965,94226.1091
328,600072.SH,20160825,14.81,14.81,14.43,14.51,14.81,-0.3,-2.03,51574.62,74832.902,14.84,68679.456,14.6331,71375.5946,14.9844,100214.2047
329,600072.SH,20160824,15.0,15.0,14.76,14.81,14.92,-0.11,-0.74,43082.97,64057.265,15.036,109195.402,14.5969,72408.5685,14.9782,103612.3679
330,600072.SH,20160823,14.7,15.1,14.7,14.92,14.78,0.14,0.95,64270.64,95659.886,14.988,110726.686,14.58,73025.8854,14.9518,105334.1835
331,600072.SH,20160822,15.06,15.16,14.69,14.78,15.18,-0.4,-2.64,68782.74,102848.454,14.912,107515.612,14.5723,73672.0546,14.9159,106019.5144
332,600072.SH,20160819,15.25,15.39,14.92,15.18,15.49,-0.31,-2.0,115686.31,174983.535,14.866,106077.18,14.5631,78780.2892,14.8844,106514.9076
333,600072.SH,20160818,15.3,16.03,15.21,15.49,14.57,0.92,6.31,254154.35,398394.989,14.668,91473.636,14.6031,79210.2208,14.8321,104683.0571
334,600072.SH,20160810,14.6,14.75,14.55,14.57,14.54,0.03,0.21,50739.39,74196.782,14.452,49490.792,14.5823,63482.1423,14.7621,99572.215
335,600072.SH,20160809,14.56,14.6,14.37,14.54,14.55,-0.01,-0.07,48215.27,69874.945,14.372,47733.672,14.6192,63677.1015,14.7294,99836.8865
336,600072.SH,20160808,14.17,14.58,14.01,14.55,14.19,0.36,2.54,61590.58,88280.434,14.286,46275.288,14.6662,63695.8146,14.6994,100150.3044
337,600072.SH,20160805,14.35,14.37,14.16,14.19,14.41,-0.22,-1.53,42668.59,60742.24,14.184,46957.828,14.7154,62491.6115,14.6671,101693.1379
338,600072.SH,20160804,14.3,14.45,14.22,14.41,14.17,0.24,1.69,44240.13,63449.082,14.264,48645.728,14.8038,63452.5854,14.6385,101980.8476
339,600072.SH,20160803,14.1,14.29,14.08,14.17,14.11,0.06,0.43,41953.79,59535.715,14.346,54331.87,14.8646,64469.8138,14.6059,103336.7782
340,600072.SH,20160802,14.11,14.19,14.02,14.11,14.04,0.07,0.5,40923.35,57733.197,14.444,72979.07,14.9431,68005.0431,14.5826,103888.9968
341,600072.SH,20160801,14.53,14.61,14.01,14.04,14.59,-0.55,-3.77,65003.28,92018.999,14.762,89049.484,15.0538,72129.3915,14.5671,105129.3265
342,600072.SH,20160729,14.8,14.94,14.44,14.59,14.82,-0.23,-1.55,51108.09,74959.116,14.998,85986.694,15.1785,77961.3454,14.525,104857.9085
343,600072.SH,20160728,14.68,15.06,14.5,14.82,14.66,0.16,1.09,72670.84,107761.533,15.09,86419.848,15.26,85119.0708,14.4703,105561.3956
344,600072.SH,20160727,15.73,15.79,14.64,14.66,15.7,-1.04,-6.62,135189.79,204927.615,15.156,81577.388,15.3238,95343.6208,14.4326,104933.2309
345,600072.SH,20160726,15.4,15.76,15.4,15.7,15.22,0.48,3.15,121275.42,189357.67,15.262,63726.618,15.3854,97641.97,14.4035,102448.2832
346,600072.SH,20160725,15.04,15.24,15.01,15.22,15.05,0.17,1.13,49689.33,75189.541,15.19,50503.784,15.3523,98281.6208,14.3432,100814.02
347,600072.SH,20160722,15.3,15.35,15.02,15.05,15.15,-0.1,-0.66,53273.86,80793.325,15.186,52058.738,15.3638,109481.0077,14.3059,102171.9724
348,600072.SH,20160721,15.27,15.34,15.12,15.15,15.19,-0.04,-0.26,48458.54,73792.943,15.214,58986.32,15.3854,130112.0515,14.2668,102545.1482
349,600072.SH,20160720,15.35,15.4,15.17,15.19,15.34,-0.15,-0.98,45935.94,70025.336,15.294,68202.588,15.3854,144825.4677,14.2197,103248.6203
350,600072.SH,20160719,15.25,15.35,15.1,15.34,15.2,0.14,0.92,55161.25,83942.831,15.388,87179.136,15.3169,154146.7162,14.17,104319.3012
351,600072.SH,20160718,15.32,15.32,14.97,15.2,15.19,0.01,0.07,57464.1,86827.078,15.45,104978.59,15.2069,157720.8277,14.0965,103916.0991
352,600072.SH,20160715,15.65,15.68,15.12,15.19,15.55,-0.36,-2.32,87911.77,134385.934,15.54,134603.768,15.0915,160036.8115,14.0347,103774.71
353,600072.SH,20160714,15.55,15.75,15.33,15.55,15.66,-0.11,-0.7,94539.88,146773.553,15.594,150035.08,14.9777,159860.9915,13.9694,102757.6888
354,600072.SH,20160713,16.0,16.14,15.38,15.66,15.65,0.01,0.06,140818.68,221631.043,15.538,157045.28,14.8123,156696.6462,13.8941,101239.1079
355,600072.SH,20160712,15.61,15.67,15.16,15.65,15.65,0.0,0.0,144158.52,221948.503,15.48,167937.816,14.6162,152047.9569,13.82,98495.1894
356,600072.SH,20160711,15.75,16.16,15.55,15.65,15.46,0.19,1.23,205589.99,326095.561,15.416,203401.598,14.4477,145554.0877,13.7535,96399.2226
357,600072.SH,20160708,15.5,15.77,15.26,15.46,15.27,0.19,1.24,165068.33,256050.518,15.316,210230.19,14.2838,134268.0485,13.6779,92130.5753
358,600072.SH,20160707,15.34,15.34,14.89,15.27,15.37,-0.1,-0.65,129590.88,195814.953,15.084,210638.958,14.1292,130343.3246,13.5982,88933.9418
359,600072.SH,20160706,15.14,15.78,15.02,15.37,15.33,0.04,0.26,195281.36,299768.507,14.812,205045.722,13.9715,124409.4662,13.5203,87344.1309
360,600072.SH,20160705,15.03,16.25,15.01,15.33,15.15,0.18,1.19,321477.43,501484.554,14.478,183503.828,13.8123,116337.19,13.4603,82992.0744
361,600072.SH,20160704,14.28,15.38,14.2,15.15,14.3,0.85,5.94,239732.95,358151.242,14.154,136333.564,13.6623,96279.6354,13.4041,75000.7826
362,600072.SH,20160701,13.81,14.47,13.81,14.3,13.91,0.39,2.8,167112.17,238051.514,13.804,99067.652,13.5415,84230.5285,13.3459,69532.7809
363,600072.SH,20160630,13.69,14.0,13.48,13.91,13.7,0.21,1.53,101624.7,139518.474,13.566,81722.362,13.4115,75666.1362,13.3188,66445.8462
364,600072.SH,20160629,13.77,13.98,13.65,13.7,13.71,-0.01,-0.07,87571.89,121137.341,13.476,73345.066,13.3208,73620.1323,13.3109,65278.2559
365,600072.SH,20160628,13.32,13.83,13.3,13.71,13.4,0.31,2.31,85626.11,116498.122,13.44,67604.984,13.3085,70831.0054,13.3094,64243.1868
366,600072.SH,20160627,12.98,13.46,12.96,13.4,13.1,0.3,2.29,53403.39,71039.542,13.388,73289.146,13.3054,68144.5023,13.3068,64494.2276
367,600072.SH,20160624,13.48,13.54,12.85,13.11,13.46,-0.35,-2.6,80385.72,105943.382,13.352,73098.612,13.3246,69091.2008,13.3453,66435.0947
368,600072.SH,20160623,13.5,13.6,13.26,13.46,13.52,-0.06,-0.44,59738.22,80326.413,13.39,75089.822,13.3892,70281.5077,13.4121,66044.3
369,600072.SH,20160622,13.42,13.64,13.25,13.52,13.45,0.07,0.52,58871.48,79308.897,13.374,75288.022,13.4092,70760.2477,13.465,66526.0326
370,600072.SH,20160621,13.33,13.75,13.28,13.45,13.22,0.23,1.74,114046.92,154149.356,13.386,80132.638,13.4115,71799.1023,13.5209,67120.2971
371,600072.SH,20160620,13.25,13.32,12.85,13.22,13.3,-0.08,-0.6,52450.72,68766.236,13.218,68478.268,13.4154,69360.0385,13.5685,65277.7844
372,600072.SH,20160617,13.39,13.66,13.25,13.3,13.38,-0.08,-0.6,90341.77,121365.92,13.12,72993.454,13.3862,68514.0123,13.6209,65768.4909
373,600072.SH,20160616,13.41,13.5,13.13,13.38,13.58,-0.2,-1.47,60729.22,80829.669,13.168,65187.748,13.3708,65615.1738,13.6779,64961.8391
374,600072.SH,20160615,12.45,13.72,12.4,13.58,12.61,0.97,7.69,83094.56,108234.448,13.226,63182.218,13.3392,65046.2377,13.7379,64984.0788
375,600072.SH,20160614,12.56,12.77,12.45,12.61,12.73,-0.12,-0.94,55775.07,70346.28,13.24,59705.4,13.2938,61954.9738,13.7903,64754.6729
376,600072.SH,20160613,13.31,13.55,12.71,12.73,13.54,-0.81,-5.98,75026.65,99346.977,13.508,67722.328,13.3346,61320.3877,13.8765,67169.9847
377,600072.SH,20160608,13.67,13.67,13.4,13.54,13.67,-0.13,-0.95,51313.24,69474.161,13.706,65909.366,13.3854,61156.4646,13.9368,67359.6294
378,600072.SH,20160607,13.52,13.75,13.52,13.67,13.65,0.02,0.15,50701.57,69006.035,13.708,70122.036,13.35,61859.7523,13.9835,70600.9212
379,600072.SH,20160606,13.9,13.9,13.55,13.65,13.95,-0.3,-2.15,65710.47,90193.846,13.674,76449.54,13.2792,62296.7692,14.0524,71985.0162
380,600072.SH,20160603,13.7,13.96,13.52,13.95,13.72,0.23,1.68,95859.71,132048.1,13.512,71597.922,13.2,63052.68,14.1194,73913.0065
381,600072.SH,20160602,13.5,13.76,13.39,13.72,13.55,0.17,1.25,65961.84,89605.473,13.342,62957.354,13.1523,59318.1977,14.1956,78476.9788
382,600072.SH,20160601,13.53,13.81,13.48,13.55,13.5,0.05,0.37,72376.59,98531.914,13.192,60431.596,13.1292,58072.9415,14.2674,81130.6532
383,600072.SH,20160531,12.99,13.5,12.9,13.5,12.84,0.66,5.14,82339.09,109403.397,13.08,54537.904,13.1,56645.58,14.3309,82827.5853
384,600072.SH,20160530,13.02,13.09,12.75,12.84,13.1,-0.26,-1.98,41452.38,53501.142,13.008,47575.176,13.0908,55093.0646,14.3865,82549.5535
385,600072.SH,20160527,12.88,13.24,12.84,13.1,12.97,0.13,1.0,52656.87,68874.239,13.118,53863.83,13.1523,56668.0069,14.4676,84145.6932
386,600072.SH,20160526,13.07,13.07,12.6,12.97,12.99,-0.02,-0.15,53333.05,68237.114,13.114,55423.652,13.1946,56646.6738,14.5324,86196.6591
387,600072.SH,20160525,13.23,13.37,12.95,12.99,13.14,-0.15,-1.14,42908.13,56364.428,13.07,56033.6,13.2446,59787.3238,14.6147,88665.6503
388,600072.SH,20160524,13.4,13.44,13.02,13.14,13.39,-0.25,-1.87,47525.45,62600.256,12.996,62559.436,13.3769,65670.7654,14.7144,91879.6574
389,600072.SH,20160523,13.1,13.57,13.1,13.39,13.08,0.31,2.37,72895.65,97553.79,13.034,62516.634,13.5492,67176.4,14.8059,94292.8294
390,600072.SH,20160520,12.71,13.09,12.53,13.08,12.75,0.33,2.59,60455.98,77931.018,13.04,57892.206,13.6931,67424.2062,14.8741,95163.4024
391,600072.SH,20160519,12.72,12.93,12.63,12.75,12.62,0.13,1.03,56382.79,72182.761,13.058,56565.188,13.8731,68856.5515,14.9597,97440.4765
392,600072.SH,20160518,13.29,13.29,12.4,12.62,13.33,-0.71,-5.33,75537.31,96918.28,13.184,57719.908,14.0515,68473.3746,15.0532,99542.3747
393,600072.SH,20160517,13.41,13.46,13.2,13.33,13.42,-0.09,-0.67,47311.44,63160.506,13.388,54997.772,14.2346,67980.8692,15.1329,101009.6862
394,600072.SH,20160516,13.1,13.45,13.1,13.42,13.17,0.25,1.9,49773.51,66126.392,13.452,56011.392,14.3815,69181.19,15.2126,104559.8568
395,600072.SH,20160513,13.44,13.62,13.13,13.17,13.38,-0.21,-1.57,53820.89,72007.913,13.492,64888.99,14.5354,70082.1023,15.2891,106689.5709
396,600072.SH,20160512,13.58,13.6,13.13,13.38,13.64,-0.26,-1.91,62156.39,82977.772,13.8,78003.386,14.7038,71733.9385,15.3718,111576.4694
397,600072.SH,20160511,13.83,13.87,13.25,13.64,13.65,-0.01,-0.07,61926.63,84409.848,14.2,78991.848,14.87,77560.0369,15.4582,114896.4694
398,600072.SH,20160510,13.58,13.84,13.5,13.65,13.62,0.03,0.22,52379.54,71525.556,14.524,81829.948,14.9577,79063.7246,15.5421,122349.8903
399,600072.SH,20160509,14.49,14.49,13.46,13.62,14.71,-1.09,-7.41,94161.5,130930.38,14.878,87169.334,15.0715,87458.9262,15.6162,130883.1944
400,600072.SH,20160506,15.46,15.67,14.6,14.71,15.38,-0.67,-4.36,119392.87,181626.586,15.168,78617.332,15.2554,87735.7954,15.6762,140779.0059
401,600072.SH,20160505,15.25,15.46,15.19,15.38,15.26,0.12,0.79,67098.7,102812.156,15.226,68565.706,15.3492,88648.8162,15.6738,141752.2229
402,600072.SH,20160504,15.35,15.46,15.21,15.26,15.42,-0.16,-1.04,76117.13,116832.229,15.198,67729.088,15.4385,102797.7446,15.6126,142410.6335
403,600072.SH,20160503,14.96,15.43,14.86,15.42,15.07,0.35,2.32,79076.47,120409.523,15.23,64802.736,15.5077,108956.9477,15.57,143044.9194
404,600072.SH,20160429,14.95,15.16,14.85,15.07,15.0,0.07,0.47,51401.49,77318.085,15.218,64046.394,15.53,112879.7023,15.5182,143706.9385
405,600072.SH,20160428,15.3,15.35,14.8,15.0,15.24,-0.24,-1.57,69134.74,103910.06,15.312,81345.23,15.5546,114532.3577,15.46,144515.8224
406,600072.SH,20160427,15.43,15.54,15.17,15.24,15.42,-0.18,-1.17,62915.61,96570.858,15.268,83813.196,15.6008,116577.4646,15.4074,145334.5191
407,600072.SH,20160426,15.26,15.47,15.11,15.42,15.36,0.06,0.39,61485.37,94231.089,15.246,103533.506,15.6054,121152.3954,15.3618,146613.4603
408,600072.SH,20160425,15.25,15.38,14.96,15.36,15.54,-0.18,-1.16,75294.76,114288.957,15.364,110788.592,15.6323,126982.6554,15.3279,149792.8785
409,600072.SH,20160422,15.24,15.98,15.15,15.54,14.78,0.76,5.14,137895.67,213828.427,15.478,121982.068,15.7108,132897.2408,15.3053,153269.4262
410,600072.SH,20160421,14.94,15.17,14.68,14.78,15.13,-0.35,-2.31,81474.57,122092.861,15.678,144609.888,15.7654,132257.0585,15.2626,156077.1947
411,600072.SH,20160420,16.01,16.02,14.6,15.13,16.01,-0.88,-5.5,161517.16,247711.907,15.954,159552.328,15.8369,133874.0246,15.2353,159409.9229
412,600072.SH,20160419,16.07,16.17,15.81,16.01,15.93,0.08,0.5,97760.8,156198.346,16.07,153263.352,15.9031,132055.5123,15.1918,159391.2888
413,600072.SH,20160418,16.2,16.3,15.88,15.93,16.54,-0.61,-3.69,131262.14,210286.544,15.946,148288.394,15.8969,134369.8608,15.0947,160111.6821
414,600072.SH,20160415,16.85,17.5,16.33,16.54,16.16,0.38,2.35,251034.77,421788.755,15.88,141180.192,15.8508,133920.9192,14.9915,160347.1171
415,600072.SH,20160414,15.95,16.33,15.95,16.16,15.71,0.45,2.86,156186.77,252028.378,15.632,115451.18,15.8123,127534.9554,14.9109,157156.0656
416,600072.SH,20160413,15.48,15.98,15.46,15.71,15.39,0.32,2.08,130072.28,205362.156,15.554,111669.576,15.8015,124919.3415,14.8453,158326.3141
417,600072.SH,20160412,15.6,15.79,15.18,15.39,15.6,-0.21,-1.35,72886.01,112512.663,15.688,116091.994,15.8223,131834.9692,14.8385,160325.5518
418,600072.SH,20160411,15.4,15.8,15.4,15.6,15.3,0.3,1.96,95721.13,149646.589,15.86,127429.452,15.8938,139692.6908,14.8203,162775.9482
419,600072.SH,20160408,15.6,15.69,15.0,15.3,15.77,-0.47,-2.98,122389.71,187560.826,15.882,128784.252,15.9623,156586.6762,14.8074,166128.3385
420,600072.SH,20160407,16.47,16.59,15.7,15.77,16.38,-0.61,-3.72,137278.75,220537.265,16.02,131881.61,16.0292,173519.1508,14.7953,170934.2029
421,600072.SH,20160406,16.2,16.4,15.98,16.38,16.25,0.13,0.8,152184.37,246861.522,16.052,129995.326,16.0208,196083.7923,14.7444,170770.91
422,600072.SH,20160405,15.68,16.28,15.68,16.25,15.71,0.54,3.44,129573.3,208284.421,15.842,124643.632,15.8862,196106.7062,14.6844,173373.8685
423,600072.SH,20160401,15.97,15.97,15.42,15.71,15.99,-0.28,-1.75,102495.13,160503.752,15.8,132332.42,15.6592,193022.9646,14.6147,174592.9706
424,600072.SH,20160331,15.95,16.3,15.8,15.99,15.93,0.06,0.38,137876.5,221478.425,15.862,136270.152,15.5131,192652.7892,14.5238,174104.2606
425,600072.SH,20160330,15.58,15.95,15.33,15.93,15.33,0.6,3.91,127847.33,200358.801,15.86,152689.94,15.3338,189861.1446,14.4335,172696.6691
426,600072.SH,20160329,16.05,16.16,15.2,15.33,16.04,-0.71,-4.43,125425.9,194944.397,15.938,162127.752,15.1154,186096.2377,14.3447,171751.1359
427,600072.SH,20160328,16.4,16.77,15.8,16.04,16.02,0.02,0.12,168017.24,275228.161,16.17,200111.16,14.9523,183907.3554,14.2688,170436.8953
428,600072.SH,20160325,15.7,16.1,15.7,16.02,15.98,0.04,0.25,122183.79,194210.035,16.196,235010.088,14.7715,179167.5377,14.1715,168288.0394
429,600072.SH,20160324,16.25,16.83,15.89,15.98,16.32,-0.34,-2.08,219975.44,359397.844,16.124,296697.148,14.6369,182813.83,14.0615,167591.7776
430,600072.SH,20160323,16.2,16.44,16.01,16.32,16.49,-0.17,-1.03,175036.39,283545.574,15.854,283198.51,14.53,180777.0562,13.9488,164431.2265
431,600072.SH,20160322,15.88,16.88,15.71,16.49,16.17,0.32,1.98,315342.94,515823.965,15.25,266088.164,14.3585,185263.4723,13.8071,162084.8153
432,600072.SH,20160321,15.6,16.58,15.52,16.17,15.66,0.51,3.26,342511.88,551794.402,14.714,222556.146,14.1554,175989.9638,13.6897,156423.5091
433,600072.SH,20160318,15.58,15.97,15.06,15.66,14.63,1.03,7.04,430619.09,663987.416,14.212,174370.794,13.9615,162018.5577,13.5903,150618.195
434,600072.SH,20160317,13.9,14.63,13.9,14.63,13.3,1.33,10.0,152482.25,221357.478,13.698,104027.684,13.7346,138298.1792,13.5476,140454.5332
435,600072.SH,20160316,13.81,13.88,13.22,13.3,13.81,-0.51,-3.69,89484.66,120705.141,13.414,92925.32,13.5646,137281.6162,13.5332,139102.1335
436,600072.SH,20160315,13.65,13.85,13.41,13.81,13.66,0.15,1.1,97682.85,133575.361,13.492,96308.31,13.6031,141362.7208,13.5497,141011.2594
437,600072.SH,20160314,13.44,13.85,13.25,13.66,13.09,0.57,4.35,101585.12,138279.224,13.584,110688.858,13.6123,148923.6723,13.5638,142433.0903
438,600072.SH,20160311,12.91,13.2,12.86,13.09,13.21,-0.12,-0.91,78903.54,103001.239,13.77,129071.31,13.7523,156343.7677,13.5926,144156.3941
439,600072.SH,20160310,13.8,13.9,13.1,13.21,13.69,-0.48,-3.51,96970.43,132390.692,13.97,159962.562,13.8815,162289.61,13.61,145588.7412
440,600072.SH,20160309,13.8,14.12,13.5,13.69,14.27,-0.58,-4.06,106399.61,147129.521,14.098,179525.942,14.0315,170961.3,13.6132,148091.9324
441,600072.SH,20160308,14.55,14.55,13.53,14.27,14.59,-0.32,-2.19,169585.59,237650.309,14.09,190422.74,14.1238,184760.4915,13.6121,149622.6062
442,600072.SH,20160307,14.7,15.0,14.26,14.59,14.09,0.5,3.55,193497.38,282819.439,13.778,180956.456,14.1062,181848.2762,13.5794,148138.6979
443,600072.SH,20160304,13.92,14.8,13.43,14.09,13.85,0.24,1.73,233359.8,330799.404,13.344,170110.366,14.0869,185478.09,13.5771,147125.0256
444,600072.SH,20160303,13.68,14.88,13.6,13.85,13.65,0.2,1.47,194787.33,275054.296,13.286,151946.21,14.0708,180682.9338,13.6018,144236.2794
445,600072.SH,20160302,12.78,13.74,12.77,13.65,12.71,0.94,7.4,160883.6,213815.071,13.302,152183.788,13.9762,172305.3692,13.6824,143367.9462
446,600072.SH,20160301,12.5,12.99,12.02,12.71,12.42,0.29,2.33,122254.17,153970.372,13.668,159616.34,13.92,166854.1992,13.7847,139717.4606
447,600072.SH,20160229,13.7,13.79,12.42,12.42,13.8,-1.38,-10.0,139266.93,176922.803,14.08,166405.404,13.9354,164811.5092,13.9706,140691.7815
448,600072.SH,20160226,13.81,14.2,13.13,13.8,13.93,-0.13,-0.93,142539.02,197490.632,14.628,180492.498,13.9608,160309.57,14.1624,142239.7524
449,600072.SH,20160225,15.48,15.48,13.93,13.93,15.48,-1.55,-10.01,195975.22,285131.678,14.846,209142.514,13.8785,156649.3485,14.2965,142105.9891
450,600072.SH,20160224,14.9,15.5,14.78,15.48,14.77,0.71,4.81,198046.36,301273.222,14.868,196292.828,13.7515,149152.0923,14.4624,139333.5415
451,600072.SH,20160223,15.17,15.25,14.37,14.77,15.16,-0.39,-2.57,156199.49,231331.698,14.64,204820.548,13.4954,142572.8877,14.5932,137551.7618
452,600072.SH,20160222,14.96,15.68,14.96,15.16,14.89,0.27,1.81,209702.4,320665.18,14.462,207785.204,13.2438,137885.1123,14.7379,136699.6988
453,600072.SH,20160219,14.23,15.44,14.23,14.89,14.04,0.85,6.05,285789.1,430259.824,13.954,183020.522,13.0392,131204.8146,14.8809,134952.5953
454,600072.SH,20160218,14.51,14.58,14.0,14.04,14.34,-0.3,-2.09,131726.79,186406.236,13.56,143866.38,12.8777,120384.9762,15.0624,131003.7271
455,600072.SH,20160217,14.3,14.8,13.95,14.34,13.88,0.46,3.31,240684.96,345678.851,13.334,136660.862,12.8908,116794.8069,15.2721,131224.8926
456,600072.SH,20160216,12.82,13.88,12.8,13.88,12.62,1.26,9.98,171022.77,230994.888,13.016,104672.214,12.8754,106472.9377,15.4626,129350.0209
457,600072.SH,20160215,12.4,12.79,12.16,12.62,12.92,-0.3,-2.32,85878.99,107396.047,12.786,89458.888,12.8738,105193.8738,15.6882,129948.0791
458,600072.SH,20160205,12.99,13.13,12.85,12.92,12.91,0.01,0.08,90018.39,116929.538,12.718,91985.268,13.0023,109820.4977,15.9668,133667.0165
459,600072.SH,20160204,12.82,13.25,12.76,12.91,12.75,0.16,1.25,95699.2,123999.081,12.564,96484.93,13.1346,115217.3485,16.2335,139734.3821
460,600072.SH,20160203,12.51,12.79,12.3,12.75,12.73,0.02,0.16,80741.72,101244.326,12.282,96396.772,13.1938,117671.5131,16.475,143877.2821
461,600072.SH,20160202,12.25,12.99,12.21,12.73,12.28,0.45,3.66,94956.14,120476.66,12.232,104820.134,13.2377,125466.6831,16.715,147836.8524
462,600072.SH,20160201,12.01,12.49,11.83,12.28,12.15,0.13,1.07,98510.89,120334.288,12.244,114855.146,13.3085,130350.2508,16.9674,150919.4356
463,600072.SH,20160129,11.55,12.25,11.53,12.15,11.5,0.65,5.65,112516.7,134534.572,12.63,112163.886,13.3762,131936.5446,17.2282,156091.7021
464,600072.SH,20160128,12.3,12.51,11.48,11.5,12.5,-1.0,-8.0,95258.41,114505.37,13.028,110960.678,13.5577,135514.6846,17.5082,163813.6459
465,600072.SH,20160127,12.9,13.05,11.52,12.5,12.79,-0.29,-2.27,122858.53,152525.016,13.5,122787.984,13.8215,138582.6862,17.8782,179830.8347
466,600072.SH,20160126,13.95,14.01,12.79,12.79,14.21,-1.42,-9.99,145131.2,193881.813,13.858,127421.298,14.1362,141844.6454,18.2753,187038.8074
467,600072.SH,20160125,14.22,14.47,14.06,14.21,14.14,0.07,0.5,85054.59,121363.446,14.228,130430.548,14.47,133508.9446,18.5944,190830.6091
468,600072.SH,20160122,14.11,14.33,13.5,14.14,13.86,0.28,2.02,106500.66,148899.155,14.122,138940.298,14.8408,138918.6746,18.8532,197074.7179
469,600072.SH,20160121,14.0,14.79,13.8,13.86,14.29,-0.43,-3.01,154394.94,221386.472,13.958,154055.952,15.21,145487.6962,19.1406,209352.7721
470,600072.SH,20160120,14.48,14.86,14.1,14.29,14.64,-0.35,-2.39,146025.1,211109.431,13.916,154865.468,15.5562,144225.86,19.4385,216408.6829
471,600072.SH,20160119,13.78,14.94,13.59,14.64,13.68,0.96,7.02,160177.45,227888.145,13.69,149486.99,15.9623,140817.16,19.6597,219957.4274
472,600072.SH,20160118,12.7,13.9,12.7,13.68,13.32,0.36,2.7,127603.34,171775.981,13.664,149258.004,16.3692,139070.1138,19.9418,232499.6712
473,600072.SH,20160115,13.46,14.25,13.11,13.32,13.65,-0.33,-2.42,182078.93,250771.84,13.914,150765.822,16.8315,139041.3454,20.3312,250824.8535
474,600072.SH,20160114,12.48,13.69,12.3,13.65,13.16,0.49,3.72,158442.52,206019.846,14.568,147402.836,17.3469,136596.88,20.6706,258060.5679
475,600072.SH,20160113,14.54,14.76,13.12,13.16,14.51,-1.35,-9.3,119132.71,168313.031,15.264,123067.75,17.9169,136064.9615,20.9338,269451.2559
476,600072.SH,20160112,14.92,15.03,13.85,14.51,14.93,-0.42,-2.81,159032.52,228497.564,16.438,130317.424,18.5331,137612.17,21.2559,289019.3418
477,600072.SH,20160111,16.09,16.09,14.93,14.93,16.59,-1.66,-10.01,135142.43,208038.534,17.324,136890.508,19.0185,138989.6162,21.6091,303003.5338
478,600072.SH,20160108,17.4,17.72,15.6,16.59,17.13,-0.54,-3.15,165264.0,276828.825,18.01,137460.236,19.5277,143313.7946,21.8791,315113.0709
479,600072.SH,20160107,18.6,18.68,17.13,17.13,19.03,-1.9,-9.98,36767.09,65093.627,18.606,124749.836,19.9508,146933.7069,22.05,326727.4397
480,600072.SH,20160106,18.96,19.2,18.52,19.03,18.94,0.09,0.48,155381.08,293349.439,19.166,144889.588,20.3246,166898.4554,22.145,334787.8529
481,600072.SH,20160105,17.5,19.0,17.2,18.94,18.36,0.58,3.16,191897.94,354517.503,19.298,139259.242,20.4854,173142.8185,22.1797,344488.3497
482,600072.SH,20160104,20.18,20.45,17.61,18.36,19.57,-1.21,-6.18,137991.07,271318.704,19.514,130939.83,20.6369,174948.1392,22.2006,349212.5924
483,600072.SH,20151231,19.8,20.26,19.52,19.57,19.93,-0.36,-1.81,101712.0,203000.158,20.054,133647.132,20.8638,179699.9008,22.1906,355038.3541
484,600072.SH,20151230,19.65,19.97,19.28,19.93,19.69,0.24,1.22,137465.85,269276.926,20.374,141154.016,20.9854,192981.1277,22.1435,358759.9262
485,600072.SH,20151229,19.58,19.95,19.3,19.69,20.02,-0.33,-1.65,127229.35,248528.883,20.552,149048.71,21.1192,211257.8154,22.1447,369658.9579
486,600072.SH,20151228,21.06,21.07,20.0,20.02,21.06,-1.04,-4.94,150300.88,308746.064,20.924,161874.19,21.4569,250689.6215,22.1647,379476.9629
487,600072.SH,20151225,21.25,21.48,20.54,21.06,21.17,-0.11,-0.52,151527.58,317106.466,21.338,174278.586,21.9169,267430.2923,22.1206,385535.2471
488,600072.SH,20151224,20.69,21.48,20.69,21.17,20.82,0.35,1.68,139246.42,295293.652,21.524,203234.834,22.1154,276855.2831,21.9965,398069.2959
489,600072.SH,20151223,21.39,21.55,20.75,20.82,21.55,-0.73,-3.39,176939.32,373028.563,21.514,222697.11,22.2569,289017.4269,21.8241,394134.4306
490,600072.SH,20151222,21.99,22.05,21.0,21.55,22.09,-0.54,-2.44,191356.75,412031.689,21.532,230382.668,22.4946,315710.9023,21.7121,392418.6271
491,600072.SH,20151221,21.7,22.5,21.57,22.09,21.99,0.1,0.45,212322.86,469202.306,21.484,232064.112,22.6823,331321.6069,21.6341,393259.8379
492,600072.SH,20151218,21.0,22.39,20.96,21.99,21.12,0.87,4.12,296308.82,648362.892,21.296,244473.13,22.6608,335503.1108,21.6021,392892.4738
493,600072.SH,20151217,20.85,21.19,20.82,21.12,20.91,0.21,1.0,236557.8,496806.261,21.232,260223.924,22.8331,357834.2585,21.6415,389457.6185
494,600072.SH,20151216,21.34,21.38,20.46,20.91,21.31,-0.4,-1.88,215367.11,448700.294,21.824,340880.93,23.2792,397380.5462,21.7826,388131.6421
495,600072.SH,20151215,21.0,21.55,20.79,21.31,21.15,0.16,0.76,199763.97,423478.645,22.842,371393.428,23.5831,413744.0931,22.0135,388670.2885
496,600072.SH,20151214,21.03,21.5,20.12,21.15,21.67,-0.52,-2.4,274367.95,568184.527,23.308,386251.126,23.6823,440356.55,22.1597,389008.7132
497,600072.SH,20151211,23.15,23.36,21.67,21.67,24.08,-2.41,-10.01,375062.79,833965.129,23.68,390848.394,23.91,479593.4485,22.3965,385314.1921
498,600072.SH,20151210,23.39,28.3,23.39,24.08,25.99,-1.91,-7.35,639842.83,1604921.285,24.128,420626.736,24.2831,499549.7762,22.7132,378882.5021
499,600072.SH,20150810,26.0,26.0,25.57,26.0,23.64,2.36,9.98,367929.6,955419.576,24.11,371517.352,24.2854,492397.7654,23.0176,364630.0882
500,600072.SH,20150807,23.53,24.0,23.0,23.64,23.01,0.63,2.74,274052.46,643654.29,23.272,351267.914,24.0085,507184.1454,23.2465,358036.3821
501,600072.SH,20150806,22.8,24.5,22.41,23.01,23.91,-0.9,-3.76,297354.29,696320.143,23.39,413780.17,23.7562,510012.5054,23.5435,354045.5838
502,600072.SH,20150805,24.69,25.21,23.0,23.91,23.99,-0.08,-0.33,523954.5,1272299.776,24.172,504441.22,23.5408,524462.0192,23.9585,348698.1285
503,600072.SH,20150804,20.93,23.99,20.93,23.99,21.81,2.18,10.0,394295.91,915724.082,24.362,485268.964,23.2131,511274.9185,24.3732,338549.5776
504,600072.SH,20150803,23.0,23.6,21.81,21.81,24.23,-2.42,-9.99,266682.41,591864.293,24.084,515554.964,22.7538,506795.7692,24.7859,331927.6076
505,600072.SH,20150731,26.02,26.98,24.23,24.23,26.92,-2.69,-9.99,586613.74,1485315.279,24.544,619108.008,22.4585,503839.08,25.3762,331507.4447
506,600072.SH,20150730,25.68,27.35,25.0,26.92,24.86,2.06,8.29,750659.54,2014162.786,25.002,628684.27,22.1308,497794.4023,25.8974,320719.1062
507,600072.SH,20150729,23.5,24.86,22.4,24.86,22.6,2.26,10.0,428093.22,1005891.851,24.44,587925.7,21.6269,475516.0931,26.2274,303554.7271
508,600072.SH,20150728,21.8,25.55,21.7,22.6,24.11,-1.51,-6.26,545725.91,1253560.168,23.948,614337.564,21.1392,469992.1946,26.5697,294689.4215
509,600072.SH,20150727,25.6,28.33,23.9,24.11,26.52,-2.41,-9.09,784447.63,2088256.433,23.5,567356.61,20.6962,472450.6046,26.9729,283374.6826
510,600072.SH,20150724,24.16,26.52,24.16,26.52,24.11,2.41,10.0,634495.05,1648474.537,22.72,507506.678,20.0192,412528.5562,27.3209,265953.0106
511,600072.SH,20150723,23.47,24.58,22.61,24.11,22.4,1.71,7.63,546866.69,1282962.947,21.346,451112.106,19.2877,372844.4754,27.6491,252105.6
512,600072.SH,20150722,20.36,22.4,20.32,22.4,20.36,2.04,10.02,560152.54,1225879.75,20.128,408952.162,18.8869,347697.6469,28.0579,241269.4047
513,600072.SH,20150721,19.5,20.88,19.5,20.36,20.21,0.15,0.74,310821.14,629907.832,19.242,342570.744,18.7792,319980.7192,28.495,231707.0594
514,600072.SH,20150720,20.27,21.03,19.5,20.21,19.65,0.56,2.85,485197.97,979207.271,19.164,382013.102,19.0077,309880.9192,29.0506,227667.4703
515,600072.SH,20150717,18.04,19.8,17.88,19.65,18.02,1.63,9.05,352522.19,675446.6,19.196,377181.812,19.4469,287286.8138,29.6185,218526.9374
516,600072.SH,20150716,16.2,19.0,16.17,18.02,17.97,0.05,0.28,336066.97,596077.098,18.97,377933.882,20.1477,278145.1908,30.1512,215800.1735
517,600072.SH,20150715,19.02,19.6,17.97,17.97,19.97,-2.0,-10.02,228245.45,421989.659,18.734,426257.536,20.7831,268545.4554,30.6718,214123.8229
518,600072.SH,20150714,19.8,22.0,19.5,19.97,20.37,-0.4,-1.96,508032.93,1049409.08,18.202,381700.646,21.6469,262430.7462,31.2268,215415.4206
519,600072.SH,20150713,19.32,20.37,18.0,20.37,18.52,1.85,9.99,461041.52,909664.547,17.61,303814.46,22.6062,235380.9308,31.6244,206509.2597
520,600072.SH,20150710,17.0,18.52,16.5,18.52,16.84,1.68,9.98,356282.54,646112.527,17.316,255597.74,23.6877,211859.3338,31.9576,199787.6756
521,600072.SH,20150709,13.78,16.84,13.78,16.84,15.31,1.53,9.99,577685.24,911077.713,17.812,224307.728,24.8615,195510.1838,32.2903,194722.5303
522,600072.SH,20150708,15.31,15.31,15.31,15.31,17.01,-1.7,-9.99,5461.0,8360.791,19.11,144675.428,26.1615,161716.3438,32.6721,183450.395
523,600072.SH,20150707,17.01,17.01,17.01,17.01,18.9,-1.89,-10.0,118602.0,201742.002,21.232,181878.148,27.8392,170184.0215,33.0944,188602.6135
524,600072.SH,20150706,22.95,22.97,18.9,18.9,21.0,-2.1,-10.0,219957.92,443858.681,23.582,204893.966,29.4546,174822.6192,33.4444,191371.7347
525,600072.SH,20150703,21.0,23.0,21.0,21.0,23.33,-2.33,-9.99,199832.48,426039.977,25.058,203156.464,30.9254,170914.2354,33.7226,192375.685
526,600072.SH,20150702,26.22,26.22,23.33,23.33,25.92,-2.59,-9.99,179523.74,431006.093,26.698,192940.814,32.5315,174957.65,33.9612,193484.1538
527,600072.SH,20150701,28.75,29.5,25.88,25.92,28.76,-2.84,-9.87,191474.6,535672.048,28.52,188313.132,33.9638,178056.6108,34.0891,195775.6415
528,600072.SH,20150630,23.68,28.91,23.65,28.76,26.28,2.48,9.44,233681.09,603294.12,30.222,181070.364,34.9038,176179.3838,34.1044,199248.2659
529,600072.SH,20150629,30.1,30.29,26.28,26.28,29.2,-2.92,-10.0,211270.41,573076.324,31.226,163082.864,35.4992,167947.9792,33.9938,200093.3603
530,600072.SH,20150626,30.4,31.48,29.2,29.2,32.44,-3.24,-9.99,148754.23,441815.729,32.718,148501.846,36.2708,164082.9315,33.8894,201815.6444
531,600072.SH,20150625,34.44,36.2,31.56,32.44,34.43,-1.99,-5.78,156385.33,534703.362,34.302,141859.162,36.7892,167418.0508,33.6915,201604.1382
532,600072.SH,20150624,34.48,35.29,33.2,34.43,33.78,0.65,1.92,155260.76,534270.369,35.416,146362.85,37.1923,167979.4169,33.4226,199130.6703
533,600072.SH,20150623,33.68,34.18,30.37,33.78,33.74,0.04,0.12,143743.59,470738.063,36.134,149140.484,37.4677,169762.1315,33.0659,198394.4091
534,600072.SH,20150619,36.0,36.95,33.41,33.74,37.12,-3.38,-9.11,138365.32,483137.08,37.754,170871.14,37.7354,176784.3785,32.7518,200120.2985
535,600072.SH,20150618,38.03,39.42,36.98,37.12,38.01,-0.89,-2.34,115540.81,441392.391,39.396,187160.122,38.1592,179485.1315,32.4521,205093.0468
536,600072.SH,20150617,37.68,38.98,35.02,38.01,38.02,-0.01,-0.03,178903.77,660514.302,39.6,197466.09,38.3438,184014.2885,32.0894,208759.2226
537,600072.SH,20150616,41.0,41.95,37.71,38.02,41.88,-3.86,-9.22,169148.93,669033.03,39.298,187019.902,38.3246,190238.0154,31.6659,204116.9924
538,600072.SH,20150615,41.0,44.38,40.0,41.88,41.95,-0.07,-0.17,252396.87,1065032.445,38.956,185395.074,38.1477,198693.5631,31.2091,200796.6306
539,600072.SH,20150612,38.88,41.95,38.51,41.95,38.14,3.81,9.99,219810.23,889982.412,37.768,173337.856,37.76,200213.7862,30.6074,197988.4212
540,600072.SH,20150611,36.5,38.68,36.0,38.14,36.5,1.64,4.49,167070.65,631926.858,36.914,162112.428,37.1092,199091.7269,29.9735,194233.28
541,600072.SH,20150610,36.39,37.0,35.18,36.5,36.31,0.19,0.52,126672.83,460813.156,36.888,164385.508,36.6138,204125.3431,29.4232,192487.7944
542,600072.SH,20150609,35.5,37.2,35.01,36.31,35.94,0.37,1.03,161024.79,581605.174,37.04,186057.502,36.1008,208540.3254,28.8938,191676.4388
543,600072.SH,20150608,37.5,37.9,35.4,35.94,37.68,-1.74,-4.62,192110.78,701485.735,37.628,188547.566,35.6015,211110.16,28.3629,191939.5453
544,600072.SH,20150605,38.0,39.28,36.81,37.68,38.01,-0.33,-0.87,163683.09,622837.755,38.344,185009.38,35.1192,210227.5177,27.8359,189621.6062
545,600072.SH,20150604,37.5,38.66,35.01,38.01,37.26,0.75,2.01,178436.05,662012.618,38.36,204235.206,34.4446,214002.0585,27.2394,188032.3868
546,600072.SH,20150603,39.3,39.49,36.5,37.26,39.25,-1.99,-5.07,235032.8,885165.709,37.902,224362.206,33.7023,219821.7646,26.6221,185717.6612
547,600072.SH,20150602,39.8,39.95,38.0,39.25,39.52,-0.27,-0.68,173475.11,676264.24,37.818,231787.6,33.0754,220013.12,26.0532,183593.2821
548,600072.SH,20150601,38.4,39.99,38.4,39.52,37.76,1.76,4.66,174419.85,687782.069,36.666,238137.27,32.1854,226471.5208,25.4409,181764.0165
549,600072.SH,20150529,35.5,37.98,32.3,37.76,35.72,2.04,5.71,259812.22,946004.816,35.102,249754.832,31.1792,236865.6731,24.7947,179747.1282
550,600072.SH,20150528,38.98,40.06,35.0,35.72,36.84,-1.12,-3.04,279071.05,1065289.84,33.516,234605.908,30.1977,237065.8331,24.1756,178732.3547
551,600072.SH,20150527,33.49,36.84,32.16,36.84,33.49,3.35,10.0,272159.77,947511.451,32.336,217678.226,29.1985,236354.8346,23.6076,170821.2891
552,600072.SH,20150526,31.98,33.96,31.35,33.49,31.7,1.79,5.65,205223.46,673350.393,30.902,199373.558,28.0931,226308.9308,22.9838,163480.0126
553,600072.SH,20150525,29.92,32.0,29.3,31.7,29.83,1.87,6.27,232507.66,721336.123,29.986,200879.29,27.3092,216083.0815,22.4368,159509.7047
554,600072.SH,20150522,30.08,30.3,28.98,29.83,29.82,0.01,0.03,184067.6,545179.403,29.318,205196.204,26.5862,208215.4062,21.9215,154965.3294
555,600072.SH,20150521,29.16,30.37,28.99,29.82,29.67,0.15,0.51,194432.64,575350.303,29.174,215886.768,26.0685,209627.4238,21.4582,151476.0335
556,600072.SH,20150520,28.92,31.0,28.92,29.67,28.91,0.76,2.63,180636.43,542215.865,28.746,228487.104,25.5862,218320.2023,20.9929,147948.4491
557,600072.SH,20150519,28.0,29.27,27.41,28.91,28.36,0.55,1.94,212752.12,607593.613,28.1,254268.584,25.2108,222901.3069,20.5371,145173.0518
558,600072.SH,20150518,29.2,30.87,28.2,28.36,29.11,-0.75,-2.58,254092.23,749550.067,27.318,264201.02,24.8031,208156.37,20.1032,141928.1518
559,600072.SH,20150515,27.5,30.0,27.03,29.11,27.68,1.43,5.17,237520.42,685199.258,26.192,267348.188,24.3515,192938.2469,19.6912,138494.0921
560,600072.SH,20150514,26.45,28.35,25.71,27.68,26.44,1.24,4.69,257434.32,697817.297,24.864,248156.708,23.76,186738.0415,19.2371,134490.09
561,600072.SH,20150513,25.5,27.49,25.45,26.44,25.0,1.44,5.76,309543.83,823376.025,23.988,211127.328,23.2,174022.7423,18.8303,131617.6582
562,600072.SH,20150512,22.69,25.0,22.0,25.0,22.73,2.27,9.99,262414.3,622850.068,23.16,175264.138,22.6608,158498.1508,18.4762,124846.6921
563,600072.SH,20150511,23.87,23.88,20.81,22.73,22.47,0.26,1.16,269828.07,608800.892,22.78,163266.044,22.1608,145934.4923,18.1721,118738.1765
564,600072.SH,20150507,23.88,23.97,22.27,22.47,23.3,-0.83,-3.56,141563.02,326254.837,22.944,170788.182,21.8169,138253.1338,17.9309,112503.7303
565,600072.SH,20150506,22.6,23.42,22.6,23.3,22.3,1.0,4.48,72287.42,168832.965,23.408,190513.736,21.4746,136079.1208,17.6935,109993.6115
566,600072.SH,20150505,23.0,23.0,22.04,22.3,23.1,-0.8,-3.46,130227.88,292783.493,23.47,180269.84,21.0208,138953.1369,17.4347,109721.4847
567,600072.SH,20150504,22.38,24.38,22.37,23.1,23.55,-0.45,-1.91,202423.83,465583.831,23.508,165475.59,20.6146,136607.56,17.2071,108040.7088
568,600072.SH,20150430,25.35,26.03,23.55,23.55,24.79,-1.24,-5.0,307438.76,756196.693,23.172,156374.374,20.2162,133559.8738,16.9415,103749.3156
569,600072.SH,20150429,24.79,24.79,23.61,24.79,23.61,1.18,5.0,240190.79,591443.079,22.542,113313.708,19.8223,118470.7446,16.6591,96316.3056
570,600072.SH,20150428,23.61,23.61,23.61,23.61,22.49,1.12,4.98,21067.94,49741.406,21.47,86820.378,19.2654,108136.5031,16.3376,91203.0544
571,600072.SH,20150427,22.48,22.49,22.01,22.49,21.42,1.07,5.0,56256.63,126367.483,20.448,102424.138,18.7346,123847.4246,16.0471,92940.9162
572,600072.SH,20150424,21.35,21.42,20.3,21.42,20.4,1.02,5.0,156917.75,333159.412,19.602,125166.894,18.2669,120296.5162,15.7762,92903.8647
573,600072.SH,20150423,20.0,20.4,19.43,20.4,19.43,0.97,4.99,92135.43,186845.338,18.922,116443.514,17.8215,109961.0254,15.5385,90894.1182
574,600072.SH,20150422,18.55,19.43,18.55,19.43,18.5,0.93,5.03,107724.14,207659.395,18.322,119946.354,17.3977,108276.2223,15.3206,89955.9588
575,600072.SH,20150421,18.26,18.9,18.2,18.5,18.26,0.24,1.31,99086.74,183222.939,17.84,118348.602,16.9938,105989.6654,15.1341,88412.1165
576,600072.SH,20150420,18.4,18.92,17.6,18.26,18.02,0.24,1.33,169970.41,312769.135,17.724,131092.036,16.6538,103400.8038,14.9691,87608.5526
577,600072.SH,20150417,17.61,18.27,17.6,18.02,17.4,0.62,3.56,113300.85,203618.178,17.758,119353.97,16.3262,96056.5238,14.8191,84341.5459
578,600072.SH,20150416,16.99,17.86,16.35,17.4,17.02,0.38,2.23,109649.63,189104.302,17.664,117862.93,16.03,93977.4523,14.6765,82631.2647
579,600072.SH,20150415,17.65,17.85,17.02,17.02,17.92,-0.9,-5.02,99735.38,172981.268,17.526,140994.988,15.7808,93421.7515,14.5459,80801.5924
580,600072.SH,20150414,18.51,18.69,17.59,17.92,18.43,-0.51,-2.77,162803.91,295784.304,17.404,123066.876,15.5754,96313.9685,14.4291,80334.3185
581,600072.SH,20150413,18.2,18.43,17.68,18.43,17.55,0.88,5.01,111280.08,203016.937,16.946,95017.368,15.2485,91589.3869,14.2841,77978.2041
582,600072.SH,20150410,16.68,17.55,16.4,17.55,16.71,0.84,5.03,105845.65,183900.515,16.238,86807.95,14.8962,95319.5069,14.1059,77886.0774
583,600072.SH,20150409,17.23,17.23,15.61,16.71,16.41,0.3,1.83,225309.92,376344.961,15.564,81238.6,14.6538,93279.9169,13.9362,77067.6912
584,600072.SH,20150408,16.41,16.41,16.41,16.41,15.63,0.78,4.99,10094.82,16565.6,15.038,49262.924,14.4962,80157.9823,13.7832,71402.7079
585,600072.SH,20150407,15.42,15.63,15.42,15.63,14.89,0.74,4.97,22556.37,35153.848,14.556,62142.914,14.3515,83831.9885,13.6318,71905.9438
586,600072.SH,20150403,14.15,14.89,14.01,14.89,14.18,0.71,5.01,70232.99,103172.153,14.264,74886.224,14.2569,86421.42,13.5009,71894.1626
587,600072.SH,20150402,14.08,14.3,14.0,14.18,14.08,0.1,0.71,77998.9,110408.879,14.118,81324.73,14.2269,85867.7369,13.3891,70810.9732
588,600072.SH,20150401,13.97,14.25,13.85,14.08,14.0,0.08,0.57,65431.54,92109.881,14.152,93191.79,14.2562,85489.4754,13.2968,70013.4521
589,600072.SH,20150331,14.09,14.24,13.96,14.0,14.17,-0.17,-1.2,74494.77,104958.728,14.07,100382.352,14.2554,84803.7,13.2215,69368.6135
590,600072.SH,20150330,14.25,14.38,14.03,14.17,14.16,0.01,0.07,86272.92,122220.174,14.04,117437.726,14.2515,83282.2885,13.1547,68420.8668
591,600072.SH,20150327,14.59,14.69,14.12,14.16,14.35,-0.19,-1.32,102425.52,146850.378,14.086,116049.338,14.2277,81749.0062,13.0835,67576.6024
592,600072.SH,20150326,13.8,14.35,13.8,14.35,13.67,0.68,4.97,137334.2,195763.478,14.186,106509.188,14.1946,80035.9077,13.0171,68440.6968
593,600072.SH,20150325,13.81,13.81,13.22,13.67,13.85,-0.18,-1.3,101384.35,137542.71,14.222,90613.728,14.1123,73702.2677,12.9403,66214.8341
594,600072.SH,20150324,14.31,14.4,13.68,13.85,14.4,-0.55,-3.82,159771.64,222613.718,14.368,81580.654,14.0869,72717.8077,12.8782,64418.5421
595,600072.SH,20150323,14.67,14.8,14.37,14.4,14.66,-0.26,-1.77,79330.98,114900.308,14.498,62233.348,14.0208,65061.3746,12.8124,60999.1185
596,600072.SH,20150320,14.51,14.82,14.32,14.66,14.53,0.13,0.89,54724.77,79929.973,14.53,60983.452,13.92,63207.7223,12.7276,59796.1153
597,600072.SH,20150319,14.38,14.75,14.26,14.53,14.4,0.13,0.9,57856.9,83993.726,14.412,61341.79,13.7838,64518.5531,12.6394,59830.1574
598,600072.SH,20150318,14.5,14.52,14.3,14.4,14.5,-0.1,-0.69,56218.98,80914.564,14.296,60713.694,13.6785,64598.19,12.5459,59794.8215
599,600072.SH,20150317,14.56,14.86,14.26,14.5,14.56,-0.06,-0.41,63035.11,91599.053,14.188,62737.948,13.5838,64516.06,12.4547,59839.9959
600,600072.SH,20150316,14.17,14.6,14.01,14.56,14.07,0.49,3.48,73081.5,104875.062,14.034,66161.974,13.4654,63316.4954,12.3462,59488.8318
601,600072.SH,20150313,13.97,14.35,13.78,14.07,13.95,0.12,0.86,56516.46,79272.706,13.778,62545.05,13.3492,64144.6931,12.2294,59122.1456
602,600072.SH,20150312,13.81,14.31,13.66,13.95,13.86,0.09,0.65,54716.42,77109.149,13.632,68959.032,13.2662,66158.5054,12.1124,59060.39
603,600072.SH,20150311,13.73,14.04,13.63,13.86,13.73,0.13,0.95,66340.25,92048.862,13.44,70063.35,13.1446,70268.6092,12.0135,59679.8874
604,600072.SH,20150310,13.32,13.85,13.21,13.73,13.28,0.45,3.39,80155.24,108617.967,13.286,67842.0,12.9846,71167.0915,11.9274,58687.9344
605,600072.SH,20150309,13.25,13.35,13.07,13.28,13.34,-0.06,-0.45,54996.88,72519.893,13.118,66164.066,12.8138,67516.7262,11.8485,57012.7521
606,600072.SH,20150306,13.0,13.48,12.92,13.34,12.99,0.35,2.69,88586.37,117427.92,13.094,66943.126,12.6585,65378.8769,11.7812,56538.7906
607,600072.SH,20150305,13.09,13.13,12.81,12.99,13.09,-0.1,-0.76,60238.01,77882.947,13.06,60256.11,12.4923,60268.8338,11.7162,55059.7541
608,600072.SH,20150304,12.86,13.09,12.79,13.09,12.89,0.2,1.55,55233.5,71468.034,13.054,57696.662,12.3462,58204.7215,11.6729,54939.0791
609,600072.SH,20150303,13.14,13.15,12.82,12.89,13.16,-0.27,-2.05,71765.57,92950.634,13.046,63419.576,12.1885,57870.0815,11.6238,54142.3568
610,600072.SH,20150302,13.17,13.31,12.96,13.16,13.17,-0.01,-0.08,58892.18,77208.044,13.066,65605.666,12.0831,55696.3477,11.58,52998.0979
611,600072.SH,20150227,12.95,13.45,12.94,13.17,12.96,0.21,1.62,55151.29,72987.573,12.908,75456.784,11.9731,54417.8246,11.5318,52181.3221
612,600072.SH,20150226,13.1,13.12,12.91,12.96,13.05,-0.09,-0.69,47440.77,61572.442,12.63,80030.63,11.8638,54603.72,11.4809,52254.5074
613,600072.SH,20150225,12.93,13.4,12.81,13.05,12.99,0.06,0.46,83848.07,110180.171,12.34,77082.574,11.7823,61093.2554,,
614,600072.SH,20150217,12.65,12.99,12.45,12.99,12.37,0.62,5.01,82696.02,106033.963,11.982,65753.928,11.6815,59386.0862,,
615,600072.SH,20150216,12.12,12.37,12.12,12.37,11.78,0.59,5.01,108147.77,133260.695,11.62,53645.886,11.5715,56125.6554,,
616,600072.SH,20150213,11.51,12.0,11.49,11.78,11.51,0.27,2.35,78020.52,92438.305,11.364,38697.242,11.5131,51153.6146,,
617,600072.SH,20150212,11.28,11.59,11.21,11.51,11.26,0.25,2.22,32700.49,37490.258,11.216,33269.774,11.4931,48108.1031,,
618,600072.SH,20150211,11.18,11.39,11.1,11.26,11.18,0.08,0.72,27204.84,30549.821,11.218,35431.082,11.5046,49891.3115,,
619,600072.SH,20150210,11.16,11.38,11.09,11.18,11.09,0.09,0.81,22155.81,24769.479,11.312,38444.39,11.5115,52156.7454,,
620,600072.SH,20150209,10.96,11.2,10.87,11.09,11.04,0.05,0.45,33404.55,37095.291,11.426,45526.814,11.5208,54895.1377,,
621,600072.SH,20150206,11.52,11.52,11.04,11.04,11.52,-0.48,-4.17,50883.18,57227.081,11.588,65206.85,11.4992,56255.9823,,
622,600072.SH,20150205,11.86,11.86,11.51,11.52,11.73,-0.21,-1.79,43507.03,50445.692,11.728,67361.188,11.4646,57004.52,,
623,600072.SH,20150204,11.82,11.94,11.67,11.73,11.75,-0.02,-0.17,42271.38,49856.554,11.736,66721.866,11.3546,57843.7308,,
624,600072.SH,20150203,12.0,12.11,11.53,11.75,11.9,-0.15,-1.26,57567.93,67716.004,11.712,66969.838,11.2669,60421.2654,,
625,600072.SH,20150202,12.2,12.33,11.78,11.9,11.74,0.16,1.36,131804.73,159249.81,11.666,63142.026,11.2038,58501.7208,,
626,600072.SH,20150130,11.57,11.9,11.5,11.74,11.56,0.18,1.56,61654.87,72161.297,11.618,47957.52,11.1385,50147.4369,,
627,600072.SH,20150129,11.55,11.7,11.36,11.56,11.61,-0.05,-0.43,40310.42,46465.605,11.54,46957.642,11.0808,48395.6923,,
628,600072.SH,20150128,11.58,11.86,11.55,11.61,11.52,0.09,0.78,43511.24,50795.471,11.488,50446.54,11.0477,48240.9777,,
629,600072.SH,20150127,11.61,11.77,11.16,11.52,11.66,-0.14,-1.2,38428.87,44305.805,11.328,51963.398,11.0408,49212.0408,,
630,600072.SH,20150126,11.28,11.75,11.19,11.66,11.35,0.31,2.73,55882.2,64228.884,11.142,56400.458,11.0331,48420.9692,,
631,600072.SH,20150123,11.3,11.48,10.99,11.35,11.3,0.05,0.44,56655.48,63579.842,10.828,56107.372,11.0131,46650.09,,
632,600072.SH,20150122,10.82,11.35,10.75,11.3,10.81,0.49,4.53,57754.91,64085.73,10.676,59932.142,11.0262,44685.9608,,
633,600072.SH,20150121,10.77,10.9,10.59,10.81,10.59,0.22,2.08,51095.53,55194.976,10.602,54903.93,11.0369,44677.09,,
634,600072.SH,20150120,10.15,10.59,10.01,10.59,10.09,0.5,4.96,60614.17,62386.386,10.65,49324.632,,,,
635,600072.SH,20150119,10.37,10.57,10.06,10.09,10.59,-0.5,-4.72,54416.77,56037.698,10.73,44978.236,,,,
636,600072.SH,20150116,10.84,10.84,10.44,10.59,10.93,-0.34,-3.11,75779.33,80352.065,10.938,41754.708,,,,
637,600072.SH,20150115,11.12,11.14,10.84,10.93,11.05,-0.12,-1.09,32613.85,35660.658,11.124,37825.854,,,,
638,600072.SH,20150114,10.99,11.16,10.96,11.05,10.99,0.06,0.55,23199.04,25604.346,11.222,36932.072,,,,
639,600072.SH,20150113,11.0,11.22,10.88,10.99,11.13,-0.14,-1.26,38882.19,42876.174,11.292,38864.418,,,,
640,600072.SH,20150112,11.45,11.58,10.97,11.13,11.52,-0.39,-3.39,38299.13,43142.687,11.398,37312.34,,,,
641,600072.SH,20150109,11.37,11.75,11.3,11.52,11.42,0.1,0.88,56135.06,65134.573,11.46,41180.432,,,,
642,600072.SH,20150108,11.4,11.48,11.2,11.42,11.4,0.02,0.18,28144.94,31940.433,,,,,,
643,600072.SH,20150107,11.52,11.67,11.37,11.4,11.52,-0.12,-1.04,32860.77,37710.823,,,,,,
644,600072.SH,20150106,11.27,11.57,11.26,11.52,11.44,0.08,0.7,31121.8,35545.834,,,,,,
645,600072.SH,20150105,11.2,11.59,11.2,11.44,11.08,0.36,3.25,57639.59,65818.837,,,,,,
