,ts_code,trade_date,open,high,low,close,pre_close,change,pct_chg,vol,amount,ma5,ma_v_5,ma13,ma_v_13,ma34,ma_v_34
0,600566.SH,20171229,38.1,38.29,37.12,38.15,38.15,0.0,0.0,53183.35,200813.44,38.526,33818.05,38.2277,32641.4023,38.0906,36675.3665
1,600566.SH,20171228,38.36,38.69,37.95,38.15,38.38,-0.23,-0.6,37488.5,143745.405,38.578,28850.41,38.1685,31442.0508,38.2168,37917.2229
2,600566.SH,20171227,38.88,38.88,37.75,38.38,38.87,-0.49,-1.26,27717.02,105875.532,38.682,25793.674,38.1269,35960.82,38.3312,38394.2909
3,600566.SH,20171226,39.16,39.18,38.61,38.87,39.08,-0.21,-0.54,20548.98,79869.974,38.656,25569.37,38.0923,37000.3623,38.405,38776.8582
4,600566.SH,20171225,38.4,39.12,38.3,39.08,38.41,0.67,1.74,30152.4,116487.769,38.476,26119.024,37.9438,37363.6662,38.4609,39337.4991
5,600566.SH,20171222,38.46,38.96,38.1,38.41,38.67,-0.26,-0.67,28345.15,109040.345,38.284,27471.036,37.7692,37430.2785,38.5168,40196.0744
6,600566.SH,20171221,38.13,38.87,38.13,38.67,38.25,0.42,1.1,22204.82,85849.172,38.264,29993.652,37.6038,37055.2723,38.6035,41143.1032
7,600566.SH,20171220,37.91,38.79,37.82,38.25,37.97,0.28,0.74,26595.5,102253.411,38.076,33428.462,37.4715,37363.5269,38.6244,41468.9524
8,600566.SH,20171219,38.12,38.66,37.81,37.97,38.12,-0.15,-0.39,23297.25,89119.222,37.8,35620.502,37.3862,37838.5154,38.6753,41633.9256
9,600566.SH,20171218,38.42,38.75,37.6,38.12,38.31,-0.19,-0.5,36912.46,140545.702,37.682,38479.408,37.2908,38989.2485,38.7391,42027.0756
10,600566.SH,20171215,37.58,38.59,37.35,38.31,37.73,0.58,1.54,40958.23,156153.432,37.58,50343.416,37.1392,40508.4608,38.8179,41645.2774
11,600566.SH,20171214,36.88,37.82,36.74,37.73,36.87,0.86,2.33,39378.87,146318.412,37.504,50397.984,37.0408,40026.4869,38.8832,41675.0265
12,600566.SH,20171213,37.25,37.53,36.56,36.87,37.38,-0.51,-1.36,37555.7,138556.92,37.346,47576.596,36.9369,40038.2208,38.9706,41219.0841
13,600566.SH,20171212,37.74,37.9,37.36,37.38,37.61,-0.23,-0.61,37591.78,141282.828,37.334,46269.128,36.9785,39545.2685,39.085,41862.7538
14,600566.SH,20171211,36.51,37.98,36.27,37.61,37.93,-0.32,-0.84,96232.5,356912.783,37.11,43444.786,36.9977,39648.1115,39.1988,41867.615
15,600566.SH,20171208,37.3,38.24,37.21,37.93,36.94,0.99,2.68,41231.07,156244.76,36.978,29440.712,37.0954,35764.0,39.3041,39990.8462
16,600566.SH,20171207,36.88,37.12,36.65,36.94,36.81,0.13,0.35,25271.93,93238.604,36.82,27748.568,37.2238,35857.9023,39.4191,39725.5279
17,600566.SH,20171206,36.35,36.96,36.17,36.81,36.26,0.55,1.52,31018.36,113454.397,36.778,30345.538,37.4992,36668.7838,39.5329,39665.8112
18,600566.SH,20171205,37.06,37.4,36.1,36.26,36.95,-0.69,-1.87,23470.07,86341.806,36.646,35474.31,37.7208,36500.9638,39.6506,39830.3212
19,600566.SH,20171204,37.1,37.37,36.81,36.95,37.14,-0.19,-0.51,26212.13,97093.028,36.8,37718.81,38.0354,36868.2292,39.7891,40372.6826
20,600566.SH,20171201,36.95,37.76,36.76,37.14,36.73,0.41,1.12,32770.35,121990.676,36.686,40382.666,38.2831,37312.0585,39.8844,41152.1838
21,600566.SH,20171130,36.19,37.37,36.07,36.73,36.15,0.58,1.6,38256.78,140757.797,36.74,40058.06,38.5462,39140.4646,39.9279,41064.6247
22,600566.SH,20171129,37.1,37.23,35.77,36.15,37.03,-0.88,-2.38,56662.22,204682.013,36.92,40192.452,38.9854,43536.5946,39.9879,40898.5565
23,600566.SH,20171128,36.02,37.23,36.01,37.03,36.38,0.65,1.79,34692.57,127915.521,37.466,38007.818,39.4385,43309.4092,40.0921,40065.485
24,600566.SH,20171127,37.41,37.54,36.18,36.38,37.41,-1.03,-2.75,39531.41,145293.981,37.98,39559.664,39.7354,43773.3892,40.1526,40267.3118
25,600566.SH,20171124,37.7,37.9,37.01,37.41,37.63,-0.22,-0.58,31147.32,116369.521,38.808,38816.06,40.0731,43779.4938,40.2356,40628.8179
26,600566.SH,20171123,38.83,38.95,37.41,37.63,38.88,-1.25,-3.22,38928.74,148350.468,39.264,38353.936,40.3477,45948.4662,40.2718,41115.4871
27,600566.SH,20171122,39.73,40.01,38.87,38.88,39.6,-0.72,-1.82,45739.05,180168.433,39.808,36217.092,40.6346,47611.1885,40.2491,40301.7947
28,600566.SH,20171121,40.6,40.65,39.33,39.6,40.52,-0.92,-2.27,42451.8,169217.289,40.066,33465.664,40.6731,46653.0838,40.1953,39336.3915
29,600566.SH,20171120,39.94,40.6,39.37,40.52,39.69,0.83,2.09,35813.39,142909.114,40.258,36283.23,40.7023,45864.8369,40.1221,38819.6432
30,600566.SH,20171117,40.55,40.7,39.66,39.69,40.35,-0.66,-1.64,28836.7,116062.949,40.642,48201.846,40.6731,45930.2954,40.0094,38686.9391
31,600566.SH,20171116,40.18,40.76,39.51,40.35,40.17,0.18,0.45,28244.52,113345.196,41.112,53176.268,40.7585,45552.9585,39.9171,38970.8824
32,600566.SH,20171115,40.36,40.83,40.05,40.17,40.56,-0.39,-0.96,31981.91,129242.718,41.22,55672.226,40.7723,46608.7415,39.7871,38485.6762
33,600566.SH,20171114,42.0,42.17,40.15,40.56,42.44,-1.88,-4.43,56539.63,232443.143,41.34,57197.998,40.8131,45985.2738,39.6612,38045.2344
34,600566.SH,20171113,42.02,44.0,41.28,42.44,42.04,0.4,0.95,95406.47,405704.198,41.424,57758.864,40.8285,46208.4154,39.5297,37079.4191
35,600566.SH,20171110,40.9,42.42,40.72,42.04,40.89,1.15,2.81,53708.81,223775.324,41.208,50786.396,40.7369,41773.8454,39.3465,34749.7088
36,600566.SH,20171109,41.14,41.25,40.34,40.89,40.77,0.12,0.29,40724.31,166041.185,40.676,46701.372,40.6715,40136.4262,39.1815,34055.7529
37,600566.SH,20171108,40.95,41.53,40.53,40.77,40.98,-0.21,-0.51,39610.77,162538.749,40.494,44997.428,40.7446,39481.4985,39.0388,33627.1215
38,600566.SH,20171107,41.06,41.37,40.4,40.98,41.36,-0.38,-0.92,59343.96,242205.759,40.368,44408.144,40.7477,38222.3285,38.9012,33308.7712
39,600566.SH,20171106,39.55,41.39,39.39,41.36,39.38,1.98,5.03,60544.13,244092.493,40.332,37325.616,40.7346,36473.6931,38.7456,32326.1309
40,600566.SH,20171103,40.0,40.26,39.05,39.38,39.98,-0.6,-1.5,33283.69,131928.737,40.166,33610.73,40.7046,35040.3262,38.5497,31151.1338
41,600566.SH,20171102,40.03,40.4,39.66,39.98,40.14,-0.16,-0.4,32204.59,128858.532,40.43,31729.358,40.7669,36535.0554,38.4088,31135.1032
42,600566.SH,20171101,40.8,41.53,40.01,40.14,40.8,-0.66,-1.62,36664.35,148999.183,40.586,37176.534,40.6623,36349.5746,38.2721,30835.5003
43,600566.SH,20171031,40.45,40.9,40.15,40.8,40.53,0.27,0.67,23931.32,97164.623,40.808,37395.076,40.5569,36037.7369,38.1306,30257.2376
44,600566.SH,20171030,40.65,40.97,39.7,40.53,40.7,-0.17,-0.42,41969.7,168882.155,40.886,39093.284,40.4715,36376.6962,37.9771,29997.4668
45,600566.SH,20171027,40.64,41.15,40.4,40.7,40.76,-0.06,-0.15,23876.83,97491.914,41.148,37141.394,40.3608,36344.7715,37.8388,29584.0568
46,600566.SH,20171026,41.5,42.53,40.32,40.76,41.25,-0.49,-1.19,59440.47,243706.15,41.17,37014.34,40.2454,38494.4477,37.6768,29592.9712
47,600566.SH,20171025,40.75,41.39,40.55,41.25,41.19,0.06,0.15,37757.06,154817.63,41.18,32448.586,40.0823,37590.8785,37.5194,28712.9653
48,600566.SH,20171024,41.98,41.98,40.51,41.19,41.84,-0.65,-1.55,32422.36,133363.934,41.124,33279.246,39.7446,35552.8892,37.3379,28574.3953
49,600566.SH,20171023,41.38,42.15,41.36,41.84,40.81,1.03,2.52,32210.25,134575.176,40.924,37337.808,39.4262,34052.3492,37.1474,28325.985
50,600566.SH,20171020,41.06,41.46,40.41,40.81,40.81,0.0,0.0,23241.56,95011.522,40.28,36854.426,39.0623,33488.6654,36.9388,27951.3268
51,600566.SH,20171019,40.9,42.3,40.38,40.81,40.97,-0.16,-0.39,36611.7,151170.756,39.872,38728.206,38.7454,34108.6569,36.7688,27992.7021
52,600566.SH,20171018,39.95,41.4,39.68,40.97,40.19,0.78,1.94,41910.36,170228.498,39.648,37073.424,38.4177,34253.2008,36.5956,27348.2324
53,600566.SH,20171017,39.27,40.32,38.71,40.19,38.62,1.57,4.07,52715.17,208430.785,39.272,37002.288,38.03,31932.9815,36.4118,26713.6888
54,600566.SH,20171016,38.79,39.17,38.22,38.62,38.77,-0.15,-0.39,29793.34,114987.81,39.074,36823.778,37.6992,29186.1908,36.275,25408.9679
55,600566.SH,20171013,39.7,39.87,38.6,38.77,39.69,-0.92,-2.32,32610.46,127628.358,39.078,40403.924,37.5046,28717.6192,36.1809,25058.0126
56,600566.SH,20171012,39.44,40.16,39.02,39.69,39.09,0.6,1.53,28337.79,112227.036,38.696,36134.472,37.3077,27454.9931,36.1035,24870.4347
57,600566.SH,20171011,39.34,40.4,38.91,39.09,39.2,-0.11,-0.28,41554.68,165248.963,38.168,33049.982,37.0569,27591.6485,35.9721,25046.9479
58,600566.SH,20171010,38.66,39.34,38.48,39.2,38.64,0.56,1.45,51822.62,202113.464,37.772,29715.518,36.8223,26406.7377,35.8721,24573.7482
59,600566.SH,20171009,36.91,38.77,36.91,38.64,36.86,1.78,4.83,47694.07,182683.788,37.27,25611.284,36.5831,24634.7562,35.7647,23696.6053
60,600566.SH,20170929,37.26,37.35,36.81,36.86,37.05,-0.19,-0.51,11263.2,41803.426,36.852,23770.624,36.3562,22960.9192,35.6906,23201.0385
61,600566.SH,20170928,37.35,37.35,36.91,37.05,37.11,-0.06,-0.16,12915.34,47888.783,36.666,23867.486,36.19,23678.6908,35.6682,24142.1682
62,600566.SH,20170927,36.73,37.3,36.66,37.11,36.69,0.42,1.14,24882.36,92042.612,36.434,24685.796,36.0008,25203.5608,35.6362,24968.7109
63,600566.SH,20170926,36.45,37.1,36.23,36.69,36.55,0.14,0.38,31301.45,114966.842,36.23,24449.706,35.8638,24983.2323,35.6126,26757.1171
64,600566.SH,20170925,36.01,37.23,35.8,36.55,35.93,0.62,1.73,38490.77,141561.272,36.134,21428.68,35.7592,23883.3838,35.5794,27545.8512
65,600566.SH,20170922,35.72,36.03,35.64,35.93,35.89,0.04,0.11,11747.51,42115.544,36.11,19753.388,35.6846,22084.0254,35.5132,27497.9944
66,600566.SH,20170921,36.2,36.2,35.61,35.89,36.09,-0.2,-0.55,17006.89,60965.563,36.132,22634.054,35.6769,23327.5831,35.4456,28213.2015
67,600566.SH,20170920,36.18,36.35,35.58,36.09,36.21,-0.12,-0.33,23701.91,85174.227,36.172,24990.048,35.6231,23879.3546,35.365,28439.7085
68,600566.SH,20170919,36.46,36.79,36.04,36.21,36.43,-0.22,-0.6,16196.32,58877.004,36.092,25436.504,35.5708,24326.9208,35.2738,29724.6709
69,600566.SH,20170918,36.16,36.88,35.86,36.43,36.04,0.39,1.08,30114.31,109893.536,35.79,26316.086,35.4838,25623.0254,35.2168,30253.585
70,600566.SH,20170915,36.13,36.36,35.85,36.04,36.09,-0.05,-0.14,26150.84,94381.791,35.422,26840.954,35.3515,25150.8792,35.1541,30058.5218
71,600566.SH,20170914,35.8,36.26,35.66,36.09,35.69,0.4,1.12,28786.86,103716.789,35.28,26014.404,35.2523,24637.1123,35.1015,30726.5109
72,600566.SH,20170913,34.79,35.95,34.63,35.69,34.7,0.99,2.85,25934.19,91627.567,35.128,23657.716,35.1708,24318.7631,35.0335,33170.6479
73,600566.SH,20170912,34.73,34.98,34.45,34.7,34.59,0.11,0.32,20594.23,71430.613,35.106,21490.7,35.1115,23454.5738,35.0174,33534.9247
74,600566.SH,20170911,35.33,35.79,34.5,34.59,35.33,-0.74,-2.09,32738.65,114771.261,35.332,22954.606,35.1131,23434.7008,35.0474,33490.3853
75,600566.SH,20170908,35.33,35.98,35.19,35.33,35.33,0.0,0.0,22018.09,78338.4,35.452,21242.86,35.1862,21559.0092,35.0771,33203.8385
76,600566.SH,20170907,35.46,35.64,35.26,35.33,35.58,-0.25,-0.7,17003.42,60245.689,35.468,22743.296,35.1931,21239.2223,35.1006,33117.4185
77,600566.SH,20170906,35.9,35.94,35.46,35.58,35.83,-0.25,-0.7,15099.11,53838.601,35.418,25951.748,35.2554,21949.1754,35.1144,33385.3218
78,600566.SH,20170905,35.35,36.06,35.11,35.83,35.19,0.64,1.82,27913.76,99736.067,35.244,27727.208,35.2277,23429.1854,35.1109,33665.5521
79,600566.SH,20170904,35.3,35.5,34.98,35.19,35.41,-0.22,-0.62,24179.92,85113.495,35.028,26038.83,35.2169,23240.8877,35.1044,33833.6515
80,600566.SH,20170901,35.0,35.66,34.83,35.41,35.08,0.33,0.94,29520.27,103845.042,34.996,26132.51,35.2446,23073.1831,35.1118,33948.8335
81,600566.SH,20170831,34.71,35.09,34.35,35.08,34.71,0.37,1.07,33045.68,114639.466,34.898,23168.402,35.2992,23175.07,35.1291,34198.0603
82,600566.SH,20170830,34.7,34.94,34.48,34.71,34.75,-0.04,-0.12,23976.41,83168.789,34.826,20626.442,35.3777,23960.9108,35.1562,34088.1244
83,600566.SH,20170829,35.07,35.07,34.52,34.75,35.03,-0.28,-0.8,19471.87,67613.538,34.992,17502.092,35.4738,25271.7862,35.2109,34196.0238
84,600566.SH,20170828,34.93,35.19,34.81,35.03,34.92,0.11,0.32,24648.32,86139.356,35.126,17179.89,35.5938,30365.3477,35.2838,34498.2256
85,600566.SH,20170825,34.88,35.18,34.8,34.92,34.72,0.2,0.58,14699.73,51518.857,35.348,17496.788,35.6346,32939.97,35.3279,34482.4382
86,600566.SH,20170824,35.49,35.59,34.68,34.72,35.54,-0.82,-2.31,20335.88,71235.739,35.408,21424.69,35.5869,34644.8862,35.375,35177.9888
87,600566.SH,20170823,35.45,35.8,35.3,35.54,35.42,0.12,0.34,8354.66,29713.604,35.602,22450.692,35.5031,35854.7838,35.4312,35391.1394
88,600566.SH,20170822,36.18,36.18,35.33,35.42,36.14,-0.72,-1.99,17860.86,63660.619,35.604,25179.712,35.3192,37112.7431,35.4744,35924.0268
89,600566.SH,20170821,35.18,36.18,35.15,36.14,35.22,0.92,2.61,26232.81,93989.429,35.744,27776.5,35.1323,40922.7254,35.5406,36322.5338
90,600566.SH,20170818,35.7,35.91,34.96,35.22,35.69,-0.47,-1.32,34339.24,121315.77,35.736,31182.26,34.9885,41534.0015,35.5665,36574.6876
91,600566.SH,20170817,35.74,35.98,35.2,35.69,35.55,0.14,0.39,25465.89,90724.077,35.884,32517.97,34.9177,40698.8415,35.6435,36540.2279
92,600566.SH,20170816,36.05,36.07,35.41,35.55,36.12,-0.57,-1.58,21999.76,78333.757,36.008,44562.426,34.8069,42498.5785,35.7124,36488.945
93,600566.SH,20170815,36.13,36.19,35.5,36.12,36.1,0.02,0.06,30844.8,110403.456,36.01,51786.156,34.6708,49413.0215,35.7612,36899.6194
94,600566.SH,20170814,36.2,36.88,35.81,36.1,35.96,0.14,0.39,43261.61,157109.245,35.646,52989.924,34.5954,49988.0062,35.7835,36904.4809
95,600566.SH,20170811,36.05,36.56,35.81,35.96,36.31,-0.35,-0.96,41017.79,148373.287,35.152,51550.512,34.5662,48127.8738,35.8276,36542.4712
96,600566.SH,20170810,35.56,36.87,35.56,36.31,35.56,0.75,2.11,85688.17,312411.689,34.59,48288.58,34.5385,46741.5869,35.8771,36640.6835
97,600566.SH,20170809,34.13,36.14,34.0,35.56,34.3,1.26,3.67,58118.41,205007.412,33.926,44629.072,34.5246,41617.8669,35.8735,35015.3865
98,600566.SH,20170808,33.57,34.35,33.48,34.3,33.63,0.67,1.99,36863.64,125277.905,33.668,39841.27,34.5431,39155.8454,35.8968,34415.3897
99,600566.SH,20170807,33.14,33.95,32.8,33.63,33.15,0.48,1.45,36064.55,120724.176,33.668,37164.974,34.6323,38214.5608,35.975,34238.2529
100,600566.SH,20170804,33.08,33.54,33.0,33.15,32.99,0.16,0.49,24708.13,82112.371,33.792,39724.558,34.7846,38027.2215,36.0488,34105.3735
101,600566.SH,20170803,34.13,34.27,32.9,32.99,34.27,-1.28,-3.74,67390.63,224816.73,33.918,57160.436,34.9608,38287.8354,36.1606,34130.525
102,600566.SH,20170802,34.21,34.43,34.0,34.27,34.3,-0.03,-0.09,34179.4,116791.126,34.348,51346.23,35.1923,36026.5546,36.2638,32962.5021
103,600566.SH,20170801,34.07,34.44,34.07,34.3,34.25,0.05,0.15,23482.16,80515.972,34.638,48326.328,35.3254,35651.8208,36.3329,33538.9662
104,600566.SH,20170731,33.88,34.3,33.8,34.25,33.78,0.47,1.39,48862.47,166639.599,34.898,48229.108,35.5,35972.0385,36.3868,35157.7135
105,600566.SH,20170728,35.08,35.08,33.66,33.78,35.14,-1.36,-3.87,111887.52,380441.997,35.274,42272.576,35.7292,34501.5969,36.4647,35253.5635
106,600566.SH,20170727,35.73,35.95,34.13,35.14,35.72,-0.58,-1.62,38319.6,133927.55,35.678,25117.498,35.9408,27749.5992,36.5626,33328.0435
107,600566.SH,20170726,35.57,36.08,35.57,35.72,35.6,0.12,0.34,19079.89,68383.147,35.742,22378.966,36.0469,27751.8185,36.64,33048.3394
108,600566.SH,20170725,36.09,36.32,35.52,35.6,36.13,-0.53,-1.47,22996.06,82358.181,35.72,25288.816,36.1169,28405.9038,36.6926,33335.7715
109,600566.SH,20170724,35.8,36.35,35.66,36.13,35.8,0.33,0.92,19079.81,68844.708,35.688,26308.826,36.2254,28673.3477,36.75,33759.9582
110,600566.SH,20170721,35.22,36.17,35.18,35.8,35.46,0.34,0.96,26112.13,93053.201,35.662,30091.66,36.3438,29621.8315,36.7753,34655.4118
111,600566.SH,20170720,35.41,35.6,35.2,35.46,35.61,-0.15,-0.42,24626.94,87139.58,35.702,30730.806,36.4377,30290.5938,36.7553,34836.8038
112,600566.SH,20170719,35.25,35.75,35.1,35.61,35.44,0.17,0.48,33629.14,119051.852,35.924,31334.416,36.6208,30947.5685,36.7529,34828.6744
113,600566.SH,20170718,35.93,36.0,34.92,35.44,36.0,-0.56,-1.56,28096.11,99420.238,36.248,30557.934,36.8069,30185.5015,36.76,34977.7624
114,600566.SH,20170717,35.95,36.44,34.6,36.0,36.0,0.0,0.0,37993.98,135872.612,36.466,29761.022,36.9431,30790.6231,36.7559,35165.8229
115,600566.SH,20170714,36.58,36.66,35.76,36.0,36.57,-0.57,-1.56,29307.86,105576.045,36.57,29831.916,37.0108,30253.4008,36.7353,35178.2144
116,600566.SH,20170713,37.2,37.37,36.2,36.57,37.23,-0.66,-1.77,27644.99,101885.835,36.696,29486.944,37.1338,30379.9715,36.6959,35629.8232
117,600566.SH,20170712,36.75,37.4,36.6,37.23,36.53,0.7,1.92,29746.73,110356.394,36.784,29252.512,37.2162,31665.5115,36.6265,36192.2103
118,600566.SH,20170711,36.5,36.86,36.4,36.53,36.52,0.01,0.03,24111.55,88400.61,36.872,29585.186,37.1362,31717.9223,36.5415,37841.1688
119,600566.SH,20170710,36.65,37.07,36.33,36.52,36.63,-0.11,-0.3,38348.45,140544.317,36.97,31724.084,37.1223,32764.6123,36.4671,38397.8603
120,600566.SH,20170707,37.01,37.25,36.6,36.63,37.01,-0.38,-1.03,27583.0,101970.602,37.234,30687.916,37.1562,32187.1154,36.3588,38051.5412
121,600566.SH,20170706,37.51,37.74,36.91,37.01,37.67,-0.66,-1.75,26472.83,98650.67,37.514,29915.77,37.1185,32492.0115,36.2485,38287.5256
122,600566.SH,20170705,36.98,37.76,36.78,37.67,37.02,0.65,1.76,31410.1,116528.464,37.554,31813.742,37.1138,32422.0462,36.1303,38970.8741
123,600566.SH,20170704,37.72,37.72,36.7,37.02,37.84,-0.82,-2.17,34806.04,128688.589,37.396,31733.74,37.0238,32134.95,35.9921,40091.0406
124,600566.SH,20170703,38.04,38.3,37.35,37.84,38.03,-0.19,-0.5,33167.61,125290.626,37.512,30963.188,36.9931,33594.4223,35.8326,40900.2679
125,600566.SH,20170630,37.21,38.08,37.19,38.03,37.21,0.82,2.2,23722.27,89194.312,37.472,33201.068,36.8615,37083.0346,35.675,40281.2394
126,600566.SH,20170629,37.03,37.76,36.96,37.21,36.88,0.33,0.89,35962.69,134685.01,37.104,34542.228,36.7746,39267.5808,35.5147,40856.2953
127,600566.SH,20170628,37.55,37.92,36.81,36.88,37.6,-0.72,-1.91,31010.09,116192.0,36.932,34893.394,36.7669,40071.9769,35.3579,40340.0162
128,600566.SH,20170627,37.3,37.94,37.09,37.6,37.64,-0.04,-0.11,30953.28,115837.223,36.948,34859.574,36.8354,39902.7131,35.2247,40428.3447
129,600566.SH,20170626,36.4,37.91,36.4,37.64,36.19,1.45,4.01,44357.01,164875.865,36.656,34978.248,36.8285,39741.1208,35.0653,40711.2821
130,600566.SH,20170623,36.39,36.59,35.77,36.19,36.35,-0.16,-0.44,30428.07,110045.772,36.518,31219.502,36.8215,39207.3823,34.9318,40319.3803
131,600566.SH,20170622,36.9,37.37,36.26,36.35,36.96,-0.61,-1.65,37718.52,139296.8,36.58,30669.458,36.8831,40676.3946,34.8624,40140.4797
132,600566.SH,20170621,36.38,36.98,36.05,36.96,36.14,0.82,2.27,30840.99,112153.488,36.634,33881.59,36.7885,40258.0054,34.7853,39771.445
133,600566.SH,20170620,36.91,36.99,36.05,36.14,36.95,-0.81,-2.19,31546.65,115053.523,36.468,43417.306,36.6669,39758.74,34.7026,39773.1324
134,600566.SH,20170619,36.61,36.98,36.13,36.95,36.5,0.45,1.23,25563.28,93725.417,36.62,47532.25,36.6446,40308.8538,34.6485,39627.7718
135,600566.SH,20170616,36.46,36.74,36.08,36.5,36.62,-0.12,-0.33,27677.85,100730.774,36.652,51703.562,36.5177,40995.5377,34.5909,39496.6276
136,600566.SH,20170615,36.12,36.66,35.61,36.62,36.13,0.49,1.36,53779.18,194280.579,36.906,51929.924,36.4254,41821.4946,34.5462,39554.9379
137,600566.SH,20170614,36.83,37.1,35.74,36.13,36.9,-0.77,-2.09,78519.57,284357.881,37.084,46944.604,36.2746,41120.2162,34.5003,38893.0841
138,600566.SH,20170613,37.15,37.2,36.6,36.9,37.11,-0.21,-0.57,52121.37,192451.679,37.368,38724.372,36.1269,38677.6454,34.4415,37544.6197
139,600566.SH,20170612,37.8,38.37,36.92,37.11,37.77,-0.66,-1.75,46419.84,175398.965,37.386,38205.144,35.93,41269.18,34.3762,37293.6406
140,600566.SH,20170609,37.57,38.29,37.5,37.77,37.51,0.26,0.69,28809.66,109159.16,36.988,35377.068,35.6908,41009.12,34.2956,37124.9012
141,600566.SH,20170608,37.38,37.57,37.12,37.51,37.55,-0.04,-0.11,28852.58,107785.449,36.51,34485.244,35.3115,40837.1154,34.1597,36862.5874
142,600566.SH,20170607,37.0,37.66,36.82,37.55,36.99,0.56,1.51,37418.41,138977.807,36.178,36454.354,34.9554,41356.6454,34.0262,36660.2447
143,600566.SH,20170606,35.24,37.26,35.12,36.99,35.12,1.87,5.32,49525.23,179802.64,35.728,35868.706,34.6046,42301.8969,33.8726,36389.7226
144,600566.SH,20170605,35.37,36.06,34.9,35.12,35.38,-0.26,-0.73,32279.46,114513.435,35.39,33646.718,34.2954,43838.0915,33.7271,35487.2182
145,600566.SH,20170602,35.72,36.07,35.15,35.38,35.85,-0.47,-1.31,24350.54,86681.781,35.298,36123.338,34.0246,46148.8846,33.6629,35076.0244
146,600566.SH,20170601,35.35,36.1,34.87,35.85,35.3,0.55,1.56,38698.13,137881.305,35.064,40606.46,33.8015,45208.1231,33.6059,34939.9874
147,600566.SH,20170531,35.5,35.66,34.98,35.3,35.3,0.0,0.0,34490.17,121866.678,34.762,50029.098,33.55,45560.1262,33.5329,34958.4091
148,600566.SH,20170526,34.7,35.45,34.43,35.3,34.66,0.64,1.85,38415.29,135054.09,34.502,51738.876,33.2869,44323.1285,33.4991,34787.7047
149,600566.SH,20170525,34.21,34.93,33.84,34.66,34.21,0.45,1.32,44662.56,154033.024,34.01,49370.538,33.06,43984.5108,33.4391,34397.3629
150,600566.SH,20170524,34.12,34.8,33.68,34.21,34.34,-0.13,-0.38,46766.15,159231.316,33.654,47559.32,32.8692,43669.9408,33.3962,34019.9244
151,600566.SH,20170523,33.59,35.38,33.55,34.34,34.0,0.34,1.0,85811.32,295242.643,33.41,48147.426,32.7838,42459.6485,33.3788,33687.8879
152,600566.SH,20170522,32.9,34.1,32.62,34.0,32.84,1.16,3.53,43039.06,144488.138,33.136,44884.314,32.7446,37731.5046,33.3597,31774.4476
153,600566.SH,20170519,32.9,33.35,32.54,32.84,32.88,-0.04,-0.12,26573.6,87096.744,32.656,48740.456,32.7238,36357.0646,33.3291,31329.1441
154,600566.SH,20170518,32.91,33.47,32.83,32.88,32.99,-0.11,-0.33,35606.47,118097.462,32.584,45849.864,32.8246,36689.7385,33.3676,31423.8791
155,600566.SH,20170517,32.81,33.48,32.52,32.99,32.97,0.02,0.06,49706.68,164212.871,32.524,47383.404,32.9338,35997.2708,33.3776,30840.8097
156,600566.SH,20170516,31.7,33.0,31.52,32.97,31.6,1.37,4.34,69495.76,223440.335,32.302,41123.908,33.0877,33797.0938,33.3871,30455.9576
157,600566.SH,20170515,32.5,32.54,31.45,31.6,32.48,-0.88,-2.71,62319.77,198767.095,32.178,34027.408,33.2423,30732.8354,33.3856,29073.8932
158,600566.SH,20170512,32.57,32.7,32.35,32.48,32.58,-0.1,-0.31,12120.64,39416.196,32.294,29678.084,33.5085,28344.8646,33.4297,28633.6018
159,600566.SH,20170511,31.88,32.79,31.82,32.58,31.88,0.7,2.2,43274.17,139066.771,32.418,33460.426,33.6354,29925.7215,33.4418,30151.2156
160,600566.SH,20170510,32.5,32.57,31.85,31.88,32.35,-0.47,-1.45,18409.2,59371.499,32.668,29674.682,33.7969,29949.8685,33.3906,29585.0215
161,600566.SH,20170509,32.25,32.52,31.73,32.35,32.18,0.17,0.53,34013.26,108570.143,33.038,31027.11,33.9885,31663.2146,33.3521,29899.8224
162,600566.SH,20170508,32.7,32.8,31.97,32.18,33.1,-0.92,-2.78,40573.15,131134.168,33.398,30404.13,34.05,30576.8862,33.2926,29557.9659
163,600566.SH,20170505,33.81,33.83,33.0,33.1,33.83,-0.73,-2.16,31032.35,103177.482,33.822,27610.378,34.1108,29146.1,33.2579,28884.915
164,600566.SH,20170504,33.51,34.56,33.51,33.83,33.73,0.1,0.3,24345.45,83029.765,34.2,25624.784,34.0515,28929.8162,33.1924,28646.56
165,600566.SH,20170503,34.0,34.12,33.43,33.73,34.15,-0.42,-1.23,25171.34,84839.614,34.43,26687.774,33.9138,28506.3262,33.1185,28546.0221
166,600566.SH,20170502,34.3,34.7,33.67,34.15,34.3,-0.15,-0.44,30898.36,105244.031,34.696,27908.736,33.8531,27977.6746,33.0347,28299.4485
167,600566.SH,20170428,34.41,34.41,33.3,34.3,34.26,0.04,0.12,26604.39,89809.543,34.692,28263.42,33.7985,27118.2069,32.9368,27760.4588
168,600566.SH,20170427,34.8,35.2,34.0,34.99,34.98,0.01,0.03,21104.38,72990.605,34.768,31660.158,33.7269,28096.6746,32.8324,27335.3924
169,600566.SH,20170426,35.15,35.4,34.64,34.98,35.06,-0.08,-0.23,29660.4,103932.107,34.644,35575.822,33.6623,28679.8931,32.7206,27254.0015
170,600566.SH,20170425,34.2,35.18,33.91,35.06,34.13,0.93,2.72,31276.15,109149.366,34.278,33621.94,33.53,28332.4523,32.6085,27527.4591
171,600566.SH,20170424,35.11,35.3,33.98,34.13,34.68,-0.55,-1.59,32671.78,113094.962,33.86,31761.296,33.3869,28375.0292,32.4771,27144.9862
172,600566.SH,20170421,34.65,35.37,34.2,34.68,34.37,0.31,0.9,43588.08,152602.984,33.5,30871.072,33.3477,28590.8085,32.3632,26670.7715
173,600566.SH,20170420,33.23,34.39,33.23,34.37,33.15,1.22,3.68,40682.7,138239.853,32.972,25921.472,33.2715,26834.3677,32.2291,25716.1488
174,600566.SH,20170419,33.37,33.37,32.71,33.15,32.97,0.18,0.55,19890.99,65739.919,32.686,21444.706,33.1631,25850.9862,32.1068,25364.5506
175,600566.SH,20170418,32.15,33.3,32.12,32.97,32.33,0.64,1.98,21972.93,72356.125,32.744,21411.564,33.24,26612.8015,32.0235,25710.5321
176,600566.SH,20170417,32.1,32.73,32.0,32.33,32.04,0.29,0.91,28220.66,91347.127,32.824,24881.872,33.2592,26136.5846,31.9488,27941.6538
177,600566.SH,20170414,32.9,32.94,32.0,32.04,32.94,-0.9,-2.73,18840.08,61075.253,33.188,24974.984,33.3346,26782.8192,31.945,28256.5806
178,600566.SH,20170413,33.39,33.5,32.92,32.94,33.44,-0.5,-1.5,18298.87,60630.152,33.432,26235.702,33.4023,27064.78,31.9391,29749.6197
179,600566.SH,20170412,33.37,34.0,32.66,33.44,33.37,0.07,0.21,19725.28,65179.68,33.484,28941.858,33.4146,29299.4715,31.8912,29977.0159
180,600566.SH,20170411,34.39,34.48,32.58,33.37,34.15,-0.78,-2.28,39324.47,130928.623,33.52,32092.184,33.3723,32683.6431,31.8365,31132.8394
181,600566.SH,20170410,33.28,34.17,33.28,34.15,33.26,0.89,2.68,28686.22,97002.856,33.584,28378.16,33.1777,31506.6508,31.7468,30779.8009
182,600566.SH,20170407,33.69,33.69,33.0,33.26,33.2,0.06,0.18,25143.67,83629.68,33.346,28220.664,32.9023,31539.4362,31.6212,30881.4671
183,600566.SH,20170406,33.65,33.65,32.95,33.2,33.62,-0.42,-1.25,31829.65,105440.557,33.524,29150.848,32.6769,31327.6262,31.5332,31133.2044
184,600566.SH,20170405,33.5,34.28,33.26,33.62,33.69,-0.07,-0.21,35476.91,119855.322,33.528,25941.34,32.5077,30239.9162,31.4388,32563.0156
185,600566.SH,20170331,32.99,33.97,32.94,33.69,32.96,0.73,2.21,20754.35,69765.019,33.466,26170.3,32.2962,29274.6369,31.3538,33090.1679
186,600566.SH,20170330,34.23,34.23,32.91,32.96,34.15,-1.19,-3.48,27898.74,92895.229,33.312,26520.544,32.1138,29287.93,31.2762,33262.4821
187,600566.SH,20170329,33.08,34.19,33.08,34.15,33.22,0.93,2.8,29794.59,101092.582,33.34,30410.768,31.9538,28433.2454,31.2097,33502.315
188,600566.SH,20170328,33.31,33.38,32.74,33.22,33.31,-0.09,-0.27,15782.11,52332.535,33.088,37195.752,31.6977,27108.4854,31.1268,33235.375
189,600566.SH,20170327,33.07,34.09,32.92,33.31,32.92,0.39,1.18,36621.71,122687.144,32.612,38844.044,31.5077,26829.2562,31.0747,33473.0353
190,600566.SH,20170324,33.07,33.3,32.8,32.92,33.1,-0.18,-0.54,22505.57,74307.582,32.064,37342.188,31.3446,25422.7469,31.0226,33366.6629
191,600566.SH,20170323,32.9,33.49,32.28,33.1,32.89,0.21,0.64,47349.86,156498.29,31.546,37319.102,31.21,26688.3154,30.9568,33219.9212
192,600566.SH,20170322,30.62,33.06,30.45,32.89,30.84,2.05,6.65,63719.51,203355.037,31.126,31387.014,31.0169,24451.5623,30.8629,31940.1606
193,600566.SH,20170321,30.49,30.9,30.22,30.84,30.57,0.27,0.88,24023.57,73345.649,30.722,23228.768,30.8146,20823.0215,30.7706,30522.9697
194,600566.SH,20170320,30.35,30.6,30.09,30.57,30.33,0.24,0.79,29112.43,88315.757,30.818,22609.486,30.7592,19831.2785,30.7374,30033.99
195,600566.SH,20170317,31.06,31.2,30.3,30.33,31.0,-0.67,-2.16,22390.14,68945.247,30.88,20144.568,30.7315,19801.7346,30.7038,29527.6138
196,600566.SH,20170316,30.8,31.1,30.71,31.0,30.87,0.13,0.42,17689.42,54677.246,30.978,18181.082,30.7308,20514.3669,30.6835,29303.2144
197,600566.SH,20170315,31.2,31.3,30.7,30.87,31.32,-0.45,-1.44,22928.28,70952.531,30.928,17073.624,30.6869,26679.1092,30.6453,29152.8553
198,600566.SH,20170314,30.88,31.35,30.76,31.32,30.88,0.44,1.42,20927.16,65097.498,30.992,16155.386,30.7892,27909.87,30.6029,28789.2179
199,600566.SH,20170313,30.89,31.18,30.69,30.88,30.82,0.06,0.19,16787.84,52002.112,30.962,19761.546,30.8292,31654.1969,30.5585,28437.0212
200,600566.SH,20170310,30.84,31.07,30.64,30.82,30.75,0.07,0.23,12572.71,38756.074,30.904,20058.392,30.8623,32365.1585,30.5379,28582.2909
201,600566.SH,20170309,31.19,31.19,30.55,30.75,31.19,-0.44,-1.41,12152.13,37363.823,30.792,20853.546,30.9208,35938.2792,30.5318,30831.0029
202,600566.SH,20170308,31.17,31.35,30.85,31.19,31.17,0.02,0.06,18337.09,57023.22,30.666,20649.302,30.8877,37105.1277,30.5562,31015.0818
203,600566.SH,20170307,30.62,31.37,30.41,31.17,30.59,0.58,1.9,38957.96,120535.01,30.47,22727.556,30.7869,38167.1108,30.5382,30739.9615
204,600566.SH,20170306,30.27,30.78,30.27,30.59,30.26,0.33,1.09,18272.07,55913.796,30.3,21266.836,30.7177,37762.8631,30.5082,29808.0732
205,600566.SH,20170303,30.1,30.4,29.82,30.26,30.12,0.14,0.46,16548.48,49863.981,30.268,37178.636,30.6715,42545.26,30.5026,29601.0212
206,600566.SH,20170302,30.21,30.28,30.06,30.12,30.21,-0.09,-0.3,11130.91,33558.178,30.656,41654.574,30.7077,45379.9992,30.5256,29332.9653
207,600566.SH,20170301,30.01,30.45,30.01,30.21,30.32,-0.11,-0.36,28728.36,86871.318,31.0,53349.074,30.7792,46570.9315,30.5394,29485.2741
208,600566.SH,20170228,30.0,30.41,29.95,30.32,30.43,-0.11,-0.36,31654.36,95528.621,31.22,52809.47,30.8169,47134.37,30.5721,28981.7109
209,600566.SH,20170227,31.35,31.38,29.41,30.43,32.2,-1.77,-5.5,97831.07,296787.353,31.472,58283.254,30.8946,46293.16,30.6044,28894.7724
210,600566.SH,20170224,31.81,32.3,31.1,32.2,31.84,0.36,1.13,38928.17,123713.856,31.45,44181.272,30.9731,40603.2746,30.645,26537.0612
211,600566.SH,20170223,31.47,32.32,31.2,31.84,31.31,0.53,1.69,69603.41,221730.465,30.986,42824.212,30.9223,40147.65,30.6174,25602.8959
212,600566.SH,20170222,31.5,31.68,31.18,31.31,31.58,-0.27,-0.86,26030.34,81753.295,30.672,35644.078,30.8331,36140.9531,30.6071,23993.2785
213,600566.SH,20170221,30.32,31.6,30.32,31.58,30.32,1.26,4.16,59023.28,182808.522,30.408,46526.656,30.7254,34433.85,30.6074,23616.8803
214,600566.SH,20170220,29.88,30.54,29.74,30.32,29.88,0.44,1.47,27321.16,82611.161,30.238,45402.018,30.5846,31088.5992,30.5988,22379.3962
215,600566.SH,20170217,30.24,30.24,29.5,29.88,30.27,-0.39,-1.29,32142.87,95989.209,30.384,45260.392,30.5377,29556.0685,30.6088,21945.0668
216,600566.SH,20170216,29.86,30.3,29.58,30.27,29.99,0.28,0.93,33702.74,100495.399,30.548,46042.43,30.5031,27998.5892,30.6253,21450.7
217,600566.SH,20170215,30.81,30.88,29.74,29.99,30.73,-0.74,-2.41,80443.23,241955.434,30.76,43445.608,30.4546,26541.4985,30.6335,20942.3456
218,600566.SH,20170214,31.05,31.27,30.53,30.73,31.05,-0.32,-1.03,53400.09,164578.022,31.052,32129.474,30.4323,21321.0354,30.6615,19222.8156
219,600566.SH,20170213,30.63,31.06,30.51,31.05,30.7,0.35,1.14,26613.03,81882.598,31.214,28050.466,30.3323,18025.9985,30.6503,18400.6388
220,600566.SH,20170210,31.35,31.53,30.69,30.7,31.33,-0.63,-2.01,36053.06,111811.342,31.14,26231.13,30.2369,16667.4938,30.6106,17999.0459
221,600566.SH,20170209,31.44,31.76,31.3,31.33,31.45,-0.12,-0.38,20718.63,65231.466,30.982,19788.118,30.1969,15565.49,30.5882,17267.5938
222,600566.SH,20170208,31.54,31.64,31.15,31.45,31.54,-0.09,-0.29,23862.56,74807.59,30.666,18751.396,30.1415,20820.1277,30.5488,17208.6368
223,600566.SH,20170207,31.18,31.73,30.86,31.54,30.68,0.86,2.8,33005.05,103617.878,30.318,15458.536,30.1515,20400.7623,30.5132,17092.0268
224,600566.SH,20170206,29.99,30.96,29.91,30.68,29.91,0.77,2.57,17516.35,53601.673,29.896,11236.654,30.0777,18552.9123,30.4735,16727.2344
225,600566.SH,20170203,29.87,30.1,29.7,29.91,29.75,0.16,0.54,3838.0,11448.249,29.688,10685.496,30.0369,17765.0208,30.4265,16926.0591
226,600566.SH,20170126,29.84,30.07,29.65,29.75,29.71,0.04,0.13,15535.02,46512.511,29.646,12433.338,30.0746,18333.8131,30.4374,17160.0312
227,600566.SH,20170125,29.9,29.9,29.46,29.71,29.43,0.28,0.95,7398.26,21979.649,29.582,11439.256,30.1738,17710.7023,30.46,17202.2788
228,600566.SH,20170124,29.74,29.8,29.36,29.43,29.64,-0.21,-0.71,11895.64,35121.805,29.602,11750.098,30.2415,18396.1754,30.4947,17399.9938
229,600566.SH,20170123,29.61,30.01,29.45,29.64,29.7,-0.06,-0.2,14760.56,44053.468,29.752,13716.372,30.3869,18373.9885,30.5397,18012.975
230,600566.SH,20170120,29.4,29.8,29.26,29.7,29.43,0.27,0.92,12577.21,37234.964,29.946,28570.044,30.5238,19446.1338,30.5679,18249.025
231,600566.SH,20170119,29.79,29.79,29.23,29.43,29.81,-0.38,-1.27,10564.61,31091.551,30.322,29736.764,30.6862,19837.8015,30.5794,18847.5179
232,600566.SH,20170118,30.2,30.2,29.79,29.81,30.18,-0.37,-1.23,8952.47,26751.15,30.552,29420.442,30.8269,19576.4123,30.5874,19742.3194
233,600566.SH,20170117,30.52,30.52,29.45,30.18,30.61,-0.43,-1.4,21727.01,65066.336,30.62,29084.7,30.9562,20032.1008,30.5824,20343.3041
234,600566.SH,20170116,31.49,31.5,30.1,30.61,31.58,-0.97,-3.07,89028.92,271457.87,30.664,26985.758,31.0438,19378.7,30.5947,20575.7282
235,600566.SH,20170113,30.4,31.64,30.31,31.58,30.58,1.0,3.27,18410.81,57151.082,30.75,10666.89,31.0962,13834.0769,30.5979,18778.3156
236,600566.SH,20170112,30.15,30.97,30.15,30.58,30.15,0.43,1.43,8983.0,27555.666,30.552,10246.61,31.0254,13383.55,30.5824,19023.5521
237,600566.SH,20170111,30.4,30.58,30.13,30.15,30.4,-0.25,-0.82,7273.76,22039.088,30.7,10771.452,31.0146,13872.1192,30.5874,20413.5453
238,600566.SH,20170110,31.04,31.19,30.01,30.4,31.04,-0.64,-2.06,11232.3,34308.891,30.954,15056.39,31.0454,14575.5754,30.6371,22583.9579
239,600566.SH,20170109,30.66,31.12,30.66,31.04,30.59,0.45,1.47,7434.58,22974.863,31.236,16343.708,31.0869,15402.2608,30.7329,24437.0406
240,600566.SH,20170106,31.31,31.43,30.56,30.59,31.32,-0.73,-2.33,16309.41,50306.696,31.28,16290.102,31.0338,16787.7608,30.7774,24570.5168
241,600566.SH,20170105,31.37,32.0,31.21,31.32,31.42,-0.1,-0.32,11607.21,36569.786,31.46,16003.504,30.9654,16530.0269,30.8318,24764.0476
242,600566.SH,20170104,31.86,31.95,30.86,31.42,31.81,-0.39,-1.23,28698.45,89891.205,31.46,16328.622,30.8592,16497.4485,30.8621,25221.7526
243,600566.SH,20170103,31.21,31.85,31.11,31.81,31.26,0.55,1.76,17668.89,55719.181,31.434,13978.696,30.7492,15729.4208,30.8876,24947.5347
244,600566.SH,20161230,31.49,31.58,31.21,31.26,31.49,-0.23,-0.73,7166.55,22470.758,31.204,12955.71,30.6285,15900.8769,30.9124,25806.8226
245,600566.SH,20161229,31.0,31.78,31.0,31.49,31.32,0.17,0.54,14876.42,46980.477,31.04,14589.28,30.5462,16934.3815,30.9226,26580.8638
246,600566.SH,20161228,31.48,31.49,30.88,31.32,31.29,0.03,0.1,13232.8,41304.727,30.852,14897.734,30.3608,17657.4562,30.9168,28086.35
247,600566.SH,20161227,30.88,31.4,30.68,31.29,30.66,0.63,2.05,16948.82,52900.429,30.776,16647.016,30.2808,17546.7062,30.9491,28814.0694
248,600566.SH,20161226,30.84,30.84,30.31,30.66,30.44,0.22,0.72,12553.96,38293.995,30.588,18346.468,30.2215,17548.4462,30.9932,29072.9979
249,600566.SH,20161223,30.97,30.97,30.38,30.44,30.55,-0.11,-0.36,15334.4,46974.827,30.396,18427.45,30.2392,17668.9546,31.0662,29323.0685
250,600566.SH,20161222,30.8,31.1,30.52,30.55,30.94,-0.39,-1.26,16418.69,50702.424,30.296,17597.308,30.2792,19007.6162,31.1365,29430.4371
251,600566.SH,20161221,30.35,31.31,30.35,30.94,30.35,0.59,1.94,21979.21,67971.474,30.184,18056.388,30.2831,19497.4292,31.2247,29455.4259
252,600566.SH,20161220,29.89,30.5,29.63,30.35,29.7,0.65,2.19,25446.08,76756.298,30.044,17640.11,30.2177,20339.4877,31.3241,29374.7003
253,600566.SH,20161219,30.02,30.02,29.6,29.7,29.94,-0.24,-0.8,12958.87,38629.677,30.012,16671.316,30.1677,21535.0092,31.4468,29651.8256
254,600566.SH,20161216,30.07,30.07,29.5,29.94,29.99,-0.05,-0.17,11183.69,33269.298,29.888,18934.82,30.1631,22798.6308,31.5785,30457.7285
255,600566.SH,20161215,30.24,30.5,29.51,29.99,30.24,-0.25,-0.83,18714.09,55969.222,29.956,19056.692,30.2138,24217.5338,31.6612,30567.2947
256,600566.SH,20161214,30.3,30.65,29.95,30.24,30.19,0.05,0.17,19897.82,60309.087,30.062,18708.162,30.27,24925.4415,31.7456,30885.7226
257,600566.SH,20161213,29.08,30.29,28.8,30.19,29.08,1.11,3.82,20602.11,61494.812,30.192,17552.712,30.3323,25452.4438,31.7974,30826.9603
258,600566.SH,20161212,30.31,30.35,28.91,29.08,30.28,-1.2,-3.96,24276.39,71741.642,30.346,19979.69,30.3754,28194.0331,31.8562,31261.0632
259,600566.SH,20161209,30.77,30.86,30.16,30.28,30.52,-0.24,-0.79,11793.05,35863.727,30.65,19681.664,30.5877,32562.6023,31.9626,31306.5903
260,600566.SH,20161208,30.89,31.02,30.51,30.52,30.89,-0.37,-1.2,16971.44,52275.609,30.612,23908.248,30.8477,37365.9915,32.0274,32358.1524
261,600566.SH,20161207,30.81,31.0,30.61,30.89,30.96,-0.07,-0.23,14120.57,43549.986,30.448,28711.532,31.0038,36981.4785,32.075,32878.9688
262,600566.SH,20161206,30.6,31.18,30.6,30.96,30.6,0.36,1.18,32737.0,101411.72,30.198,31764.608,31.1231,37656.0085,32.1412,33046.1112
263,600566.SH,20161205,29.78,30.69,29.65,30.6,30.09,0.51,1.69,22786.26,69185.827,30.126,31143.094,31.23,37227.7146,32.2047,32698.4962
264,600566.SH,20161202,29.71,30.1,29.32,30.09,29.7,0.39,1.31,32925.97,97905.088,30.15,32169.22,31.36,36965.3131,32.2897,32869.9715
265,600566.SH,20161201,29.66,30.09,29.55,29.7,29.64,0.06,0.2,40987.86,121948.476,30.342,30933.796,31.5569,38039.06,32.3903,33479.3179
266,600566.SH,20161130,30.86,30.86,29.53,29.64,30.6,-0.96,-3.14,29385.95,88299.192,30.552,33984.778,31.7038,37461.8362,32.4476,32958.0388
267,600566.SH,20161129,30.7,31.0,30.51,30.6,30.72,-0.12,-0.39,29629.43,91197.353,30.992,44321.146,31.8308,40283.1438,32.5171,33016.9571
268,600566.SH,20161128,31.12,31.3,30.7,30.72,31.05,-0.33,-1.06,27916.89,86286.251,31.604,53242.682,31.9708,40925.1308,32.5632,33148.0347
269,600566.SH,20161125,30.62,31.16,30.62,31.05,30.75,0.3,0.98,26748.85,82817.455,31.97,50053.858,32.13,40758.6308,32.6068,33906.7394
270,600566.SH,20161124,31.7,31.7,30.6,30.75,31.84,-1.09,-3.42,56242.77,174612.209,32.248,49281.98,32.2908,40320.7469,32.6347,35215.455
271,600566.SH,20161123,33.48,33.48,31.23,31.84,33.66,-1.82,-5.41,81067.79,259959.904,32.568,43467.262,32.4508,37454.7592,32.6094,33873.0124
272,600566.SH,20161122,32.36,35.66,32.26,33.66,32.55,1.11,3.41,74237.11,250025.18,32.658,31128.712,32.5823,32547.1069,32.5509,32094.2985
273,600566.SH,20161121,32.45,32.57,32.25,32.55,32.44,0.11,0.34,11972.77,38760.17,32.456,25658.226,32.6331,28316.14,32.4412,30490.4885
274,600566.SH,20161118,32.28,32.7,32.02,32.44,32.35,0.09,0.28,22889.46,73964.99,32.268,29960.462,32.7846,30077.3377,32.3653,30922.6456
275,600566.SH,20161117,32.23,32.7,32.09,32.35,32.29,0.06,0.19,27169.18,88022.715,32.038,38595.16,32.9185,31421.1923,32.2791,31377.9247
276,600566.SH,20161116,32.4,32.64,32.15,32.29,32.65,-0.36,-1.1,19375.04,62547.799,32.052,40756.376,32.9492,30478.0969,32.1826,31086.8544
277,600566.SH,20161115,31.61,32.76,31.4,32.65,31.61,1.04,3.29,46884.68,151723.166,32.152,42031.846,32.9931,31260.0662,32.0971,31347.1976
278,600566.SH,20161114,31.36,31.67,31.2,31.61,31.29,0.32,1.02,33483.95,105402.939,32.25,36866.182,32.9431,29030.4677,31.995,31245.6468
279,600566.SH,20161111,32.31,32.4,31.02,31.29,32.42,-1.13,-3.49,66062.95,208270.933,32.494,33966.378,32.9877,29174.9031,31.9121,32168.0976
280,600566.SH,20161110,32.9,33.3,32.2,32.42,32.79,-0.37,-1.13,37975.26,123429.725,32.946,24207.45,33.0962,26079.6231,31.8229,31498.96
281,600566.SH,20161109,33.14,33.44,32.3,32.79,33.14,-0.35,-1.06,25752.39,84473.001,33.326,20459.306,33.1008,26815.8462,31.7168,30931.5479
282,600566.SH,20161108,32.85,33.34,32.73,33.14,32.83,0.31,0.94,21056.36,69543.85,33.672,22282.496,33.0508,27502.5238,31.5988,30623.8488
283,600566.SH,20161107,33.4,33.64,32.7,32.83,33.55,-0.72,-2.15,18984.93,62904.824,33.88,26143.138,33.0508,27406.1431,31.4774,30786.5094
284,600566.SH,20161104,34.03,34.3,33.38,33.55,34.32,-0.77,-2.24,17268.31,58315.407,33.864,25327.94,33.0731,27554.8477,31.3635,30974.1944
285,600566.SH,20161103,34.41,34.6,33.9,34.32,34.52,-0.2,-0.58,19234.54,65853.947,33.726,27782.406,33.0685,28427.7792,31.2297,31046.1259
286,600566.SH,20161102,33.99,34.78,33.66,34.52,34.18,0.34,0.99,34868.34,119468.767,33.262,27515.478,33.0062,31074.6415,31.0885,31123.3556
287,600566.SH,20161101,32.73,34.33,32.73,34.18,32.75,1.43,4.37,40359.57,136731.19,32.796,27614.132,32.7854,30182.0285,30.9488,30731.7424
288,600566.SH,20161031,32.8,33.1,32.19,32.75,32.86,-0.11,-0.33,14908.94,48750.394,32.5,24707.08,32.6177,29491.9977,30.8026,30371.5091
289,600566.SH,20161028,32.08,33.15,31.94,32.86,32.0,0.86,2.69,29540.64,96533.759,32.446,31234.524,32.5731,30967.1615,30.6918,30916.9809
290,600566.SH,20161027,32.28,32.28,31.66,32.0,32.19,-0.19,-0.59,17899.9,57235.58,32.302,32262.236,32.5223,32826.5623,30.5915,30682.5824
291,600566.SH,20161026,32.69,32.79,31.96,32.19,32.7,-0.51,-1.56,35361.61,114081.797,32.53,32642.938,32.5223,36930.0454,30.5344,30735.9403
292,600566.SH,20161025,32.3,32.97,32.25,32.7,32.48,0.22,0.68,25824.31,84193.487,32.716,29754.234,32.3454,35025.2846,30.4644,30850.8853
293,600566.SH,20161024,32.46,33.0,31.8,32.48,32.14,0.34,1.06,47546.16,153700.776,32.874,30312.656,32.1262,34622.7623,30.4032,31117.4974
294,600566.SH,20161021,33.1,33.1,32.0,32.14,33.14,-1.0,-3.02,34679.2,111973.13,33.08,31532.174,31.93,32481.3323,30.3335,31038.2862
295,600566.SH,20161020,33.12,33.42,32.7,33.14,33.12,0.02,0.06,19803.41,65269.299,32.982,29249.208,31.7631,31864.9408,30.2497,30590.4506
296,600566.SH,20161019,33.48,33.6,32.8,33.12,33.49,-0.37,-1.1,20918.09,69229.688,32.754,31566.36,31.4838,33293.0592,30.1456,30683.0038
297,600566.SH,20161018,33.55,33.73,32.81,33.49,33.51,-0.02,-0.06,28616.42,95134.242,32.564,34199.956,31.1723,33012.6515,30.05,31376.9047
298,600566.SH,20161017,31.75,34.26,31.71,33.51,31.65,1.86,5.88,53643.75,178528.044,32.306,39219.242,30.8562,32982.6738,29.9362,31830.1694
299,600566.SH,20161014,31.99,32.2,31.33,31.65,32.0,-0.35,-1.09,23264.37,73579.432,32.004,42739.528,30.5231,32197.1508,29.7947,30854.3629
300,600566.SH,20161013,32.26,33.2,31.9,32.0,32.17,-0.17,-0.53,31389.17,101878.172,31.652,40206.598,30.3031,35395.8362,29.7159,30945.8868
301,600566.SH,20161012,32.45,33.25,32.06,32.17,32.2,-0.03,-0.09,34086.07,111439.113,31.222,38047.068,30.0154,36312.9977,29.6274,31243.8074
302,600566.SH,20161011,31.79,33.0,31.52,32.2,32.0,0.2,0.63,53712.85,173855.88,30.774,35171.368,29.7569,35128.1654,29.5271,31603.0444
303,600566.SH,20161010,29.99,32.02,29.99,32.0,29.89,2.11,7.06,71245.18,222177.095,30.328,29762.02,29.4938,32172.6092,29.4265,32573.1715
304,600566.SH,20160930,30.02,30.02,29.7,29.89,29.85,0.04,0.13,10599.72,31628.91,29.83,23186.774,29.2638,28737.3508,29.3276,32208.0938
305,600566.SH,20160929,29.93,30.08,29.6,29.85,29.93,-0.08,-0.27,20591.52,61600.707,29.666,24521.388,29.1923,29873.2354,29.3065,32502.9109
306,600566.SH,20160928,30.09,30.09,29.66,29.93,29.97,-0.04,-0.13,19707.57,58900.137,29.572,26048.426,29.1269,29805.7323,29.2953,33185.7388
307,600566.SH,20160927,29.2,30.0,29.2,29.97,29.51,0.46,1.56,26666.11,79165.847,29.422,30793.302,29.0954,29971.3308,29.2968,34692.4371
308,600566.SH,20160926,28.96,29.73,28.96,29.51,29.07,0.44,1.51,38368.95,113379.261,29.186,38429.536,29.08,29578.0523,29.2435,34578.2541
309,600566.SH,20160923,29.4,29.52,28.94,29.07,29.38,-0.31,-1.06,17272.79,50398.952,28.936,39418.2,29.0569,28789.0285,29.2076,34352.9326
310,600566.SH,20160922,29.16,29.75,29.03,29.38,29.18,0.2,0.69,28226.71,83035.875,28.884,39700.292,29.05,30033.8123,29.1632,34357.8265
311,600566.SH,20160921,28.59,29.34,28.59,29.18,28.79,0.39,1.35,43431.95,126643.063,28.764,37113.074,29.0554,29521.8415,29.0965,33879.1756
312,600566.SH,20160920,28.39,29.24,28.33,28.79,28.26,0.53,1.88,64847.28,186709.771,28.73,33744.048,29.1231,27697.3892,29.0276,32992.8759
313,600566.SH,20160919,28.83,29.1,28.18,28.26,28.81,-0.55,-1.91,43312.27,123364.488,28.764,25847.836,29.2015,25729.8862,28.9679,32040.3635
314,600566.SH,20160914,28.98,29.33,28.73,28.81,28.78,0.03,0.1,18683.25,54299.796,28.912,21128.178,29.3831,25081.9515,28.9565,31526.7244
315,600566.SH,20160913,29.25,29.25,28.71,28.78,29.01,-0.23,-0.79,15290.62,44265.822,29.054,21763.598,29.4831,27095.0077,28.9444,32051.9724
316,600566.SH,20160912,28.67,29.26,28.6,29.01,28.96,0.05,0.17,26586.82,77195.775,29.252,23016.172,29.5223,27415.1746,28.9288,33507.4974
317,600566.SH,20160909,29.0,29.23,28.72,28.96,29.0,-0.04,-0.14,25366.22,73384.024,29.292,23321.136,29.5677,27135.4362,28.8894,33298.0156
318,600566.SH,20160908,29.68,29.77,28.93,29.0,29.52,-0.52,-1.76,19713.98,57542.574,29.296,24938.888,29.6377,28608.09,28.8324,33070.0074
319,600566.SH,20160907,29.9,29.9,29.37,29.52,29.77,-0.25,-0.84,21860.35,64768.043,29.386,25310.31,29.6854,30478.3546,28.7726,33281.4118
320,600566.SH,20160906,29.3,29.87,28.95,29.77,29.21,0.56,1.92,21553.49,63237.527,29.494,24881.054,29.6223,30371.1223,28.7244,33628.4321
321,600566.SH,20160905,28.98,29.55,28.86,29.21,28.98,0.23,0.79,28111.64,82314.499,29.502,28424.304,29.5608,30742.0985,28.6679,33912.8241
322,600566.SH,20160902,29.4,29.69,28.69,28.98,29.45,-0.47,-1.6,33454.98,97283.923,29.784,29779.8,29.5438,31773.3931,28.6212,34473.4188
323,600566.SH,20160901,30.16,30.16,29.44,29.45,30.06,-0.61,-2.03,21571.09,64215.01,30.01,32059.4,29.5269,32761.4815,28.6082,35113.7409
324,600566.SH,20160831,29.96,30.24,29.82,30.06,29.81,0.25,0.84,19714.07,59154.943,29.978,31635.74,29.4754,37771.18,28.5812,35713.9341
325,600566.SH,20160830,30.67,30.96,29.7,29.81,30.62,-0.81,-2.65,39269.74,118140.939,29.886,32282.97,29.3662,40780.2931,28.5071,35928.5315
326,600566.SH,20160829,30.11,30.79,29.89,30.62,30.11,0.51,1.69,34889.12,105953.436,29.898,33331.166,29.3169,39345.9669,28.4491,35692.1094
327,600566.SH,20160826,29.47,30.6,29.42,30.11,29.29,0.82,2.8,44852.98,135370.714,29.698,35158.826,29.2285,40032.0092,28.3806,36488.7485
328,600566.SH,20160825,29.5,29.76,29.11,29.29,29.6,-0.31,-1.05,19452.79,57062.92,29.416,30281.496,29.2185,42038.3423,28.2879,35972.0259
329,600566.SH,20160824,29.8,29.92,29.47,29.6,29.87,-0.27,-0.9,22950.22,68052.643,29.352,31666.174,29.1315,42294.5808,28.2056,35800.2197
330,600566.SH,20160823,29.45,30.24,29.3,29.87,29.62,0.25,0.84,44510.72,132960.205,29.23,35379.824,29.0308,42891.3346,28.1179,35859.9512
331,600566.SH,20160822,28.8,29.88,28.48,29.62,28.7,0.92,3.21,44027.42,128855.546,29.008,35737.706,28.8531,40808.9085,28.0138,35069.3941
332,600566.SH,20160819,29.18,29.18,28.5,28.7,28.97,-0.27,-0.93,20466.33,58771.926,28.84,44271.656,28.66,38341.6131,27.91,34582.3194
333,600566.SH,20160818,28.88,29.2,28.8,28.97,28.99,-0.02,-0.07,26376.18,76480.893,28.828,51944.898,28.5169,37790.1846,27.8406,34926.2024
334,600566.SH,20160817,28.88,29.4,28.46,28.99,28.76,0.23,0.8,41518.47,120110.267,28.868,50794.362,28.3469,38258.3138,27.7491,35112.6674
335,600566.SH,20160816,28.78,29.05,28.6,28.76,28.78,-0.02,-0.07,46300.13,133112.02,28.964,51252.202,28.2608,37052.9346,27.6535,34605.8253
336,600566.SH,20160815,28.63,29.14,28.03,28.78,28.64,0.14,0.49,86697.17,248110.03,29.208,56179.238,28.2331,36302.2846,27.5615,33834.6841
337,600566.SH,20160812,29.4,29.5,28.3,28.64,29.17,-0.53,-1.82,58832.54,168333.497,29.084,43396.582,28.1923,34616.2308,27.475,32729.1603
338,600566.SH,20160811,29.3,29.56,29.0,29.17,29.47,-0.3,-1.02,20623.5,60317.309,29.014,37771.678,28.1177,31587.9154,27.3712,31667.8397
339,600566.SH,20160810,29.88,30.1,29.12,29.47,29.98,-0.51,-1.7,43807.67,129617.682,28.692,37134.814,27.9523,31356.4108,27.2394,31971.1556
340,600566.SH,20160809,28.26,30.03,28.2,29.98,28.16,1.82,6.46,70935.31,208956.908,28.22,30763.796,27.76,30055.9538,27.1068,31131.9424
341,600566.SH,20160808,28.28,28.28,27.92,28.16,28.29,-0.13,-0.46,22783.89,63917.199,27.592,19236.286,27.5985,27188.5485,26.9647,30217.7806
342,600566.SH,20160805,27.55,28.4,27.55,28.29,27.56,0.73,2.65,30708.02,86403.001,27.312,21171.88,27.5746,27837.6969,26.8535,30815.4962
343,600566.SH,20160804,27.08,27.93,26.85,27.56,27.11,0.45,1.66,17439.18,47841.696,27.228,20199.984,27.5231,29104.1462,26.7509,30834.3312
344,600566.SH,20160803,26.9,27.16,26.7,27.11,26.84,0.27,1.01,11952.58,32189.89,27.396,24020.484,27.5985,32010.8192,26.6518,30960.6841
345,600566.SH,20160802,26.7,27.08,26.66,26.84,26.76,0.08,0.3,13297.76,35717.756,27.624,34585.662,27.7077,34320.4408,26.5594,31336.2529
346,600566.SH,20160801,27.81,27.84,26.65,26.76,27.87,-1.11,-3.98,32461.86,87854.688,27.79,35818.998,27.7615,35375.2577,26.4929,31841.4932
347,600566.SH,20160729,28.48,28.9,27.81,27.87,28.4,-0.53,-1.87,25848.54,72888.499,27.842,32849.414,27.8446,35280.6062,26.4021,31616.2403
348,600566.SH,20160728,28.1,28.77,27.93,28.4,28.25,0.15,0.53,36541.68,103858.963,27.662,33060.052,27.8769,38059.5531,26.2888,32004.2776
349,600566.SH,20160727,27.68,28.45,27.58,28.25,27.67,0.58,2.1,64778.47,181787.513,27.558,32483.524,27.7662,37347.4554,26.1729,31709.7229
350,600566.SH,20160726,27.2,27.68,27.2,27.67,27.02,0.65,2.41,19464.44,53423.583,27.478,25772.394,27.6308,33411.5254,26.0582,30749.3015
351,600566.SH,20160725,26.96,27.44,26.82,27.02,26.97,0.05,0.19,17613.94,47754.166,27.468,31313.878,27.55,33835.8831,25.9668,31665.2585
352,600566.SH,20160722,27.78,27.88,26.95,26.97,27.88,-0.91,-3.26,26901.73,73153.081,27.772,38836.276,27.4969,33837.2554,25.8771,32444.7332
353,600566.SH,20160721,27.75,28.1,27.45,27.88,27.85,0.03,0.11,33659.04,93739.641,28.084,41851.462,27.4292,33880.7285,25.7806,32497.5297
354,600566.SH,20160720,27.51,28.18,27.3,27.85,27.62,0.23,0.83,31222.82,86643.611,28.016,40521.73,27.3108,33765.2908,25.6512,32379.0162
355,600566.SH,20160719,28.29,28.5,27.33,27.62,28.54,-0.92,-3.22,47171.86,130558.99,28.014,40523.444,27.1577,33880.15,25.5247,32387.6374
356,600566.SH,20160718,28.5,29.32,28.15,28.54,28.53,0.01,0.04,55225.93,159251.171,28.148,43484.042,27.0131,32119.6869,25.3835,31581.3053
357,600566.SH,20160715,27.6,28.94,27.55,28.53,27.54,0.99,3.59,41977.66,118153.642,27.832,37895.738,26.7892,29416.2562,25.2335,30435.7653
358,600566.SH,20160714,27.89,28.1,27.24,27.54,27.84,-0.3,-1.08,27010.38,74215.218,27.424,32222.482,26.5823,29964.8485,25.085,29894.6324
359,600566.SH,20160713,28.2,28.75,27.79,27.84,28.29,-0.45,-1.59,31231.39,87800.668,27.24,31816.624,26.3954,29636.9454,24.9459,29390.205
360,600566.SH,20160712,27.4,28.35,26.88,28.29,26.96,1.33,4.93,61974.85,172320.898,26.938,29096.702,26.1531,29614.2415,24.7979,29002.6774
361,600566.SH,20160711,26.74,27.33,26.55,26.96,26.49,0.47,1.77,27284.41,73920.235,26.498,22195.108,25.8969,26021.9008,24.6459,27820.6029
362,600566.SH,20160708,26.7,26.72,26.38,26.49,26.62,-0.13,-0.49,13611.38,36098.621,26.374,23169.896,25.7577,26988.7777,24.5341,27423.2932
363,600566.SH,20160707,26.41,26.63,26.26,26.62,26.33,0.29,1.1,24981.09,66203.857,26.248,26990.818,25.5954,29257.6115,24.4268,27465.9444
364,600566.SH,20160706,26.04,26.52,25.85,26.33,26.09,0.24,0.92,17631.78,46287.903,26.072,26851.768,25.4554,29747.4054,24.32,27876.0474
365,600566.SH,20160705,26.22,26.27,25.65,26.09,26.34,-0.25,-0.95,27466.88,71280.337,25.932,27341.678,25.2908,30063.0515,24.2421,27926.8924
366,600566.SH,20160704,25.97,26.55,25.61,26.34,25.86,0.48,1.86,32158.35,84537.618,25.882,31670.174,25.1277,29851.9008,24.1803,27883.6706
367,600566.SH,20160701,25.64,26.51,25.64,25.86,25.74,0.12,0.47,32715.99,85634.103,25.636,29788.032,24.9923,29722.4838,24.105,27708.5288
368,600566.SH,20160630,25.63,25.88,25.58,25.74,25.63,0.11,0.43,24285.84,62492.246,25.402,29432.082,24.8238,29113.8123,24.0556,27614.0176
369,600566.SH,20160629,25.87,25.9,25.5,25.63,25.84,-0.21,-0.81,20081.33,51441.529,25.246,27629.798,24.6915,30248.8869,24.0226,28311.055
370,600566.SH,20160628,24.9,26.0,24.82,25.84,25.11,0.73,2.91,49109.36,126078.109,25.15,31584.294,24.6015,30744.6938,23.9653,28394.7035
371,600566.SH,20160627,24.69,25.2,24.49,25.11,24.69,0.42,1.7,22747.64,56787.757,24.858,30383.666,24.4869,29438.1385,23.9244,27709.5779
372,600566.SH,20160624,24.96,25.4,24.3,24.69,24.96,-0.27,-1.08,30936.24,76682.326,24.796,32103.82,24.4446,31581.1646,23.9053,28060.7447
373,600566.SH,20160623,25.1,25.2,24.75,24.96,25.15,-0.19,-0.76,15274.42,38064.744,24.696,30263.608,24.3892,32594.9985,23.9203,27943.8903
374,600566.SH,20160622,24.42,25.4,24.42,25.15,24.38,0.77,3.16,39853.81,100090.965,24.498,32153.108,24.2915,33627.49,23.9279,28725.0768
375,600566.SH,20160621,24.85,25.48,24.35,24.38,24.8,-0.42,-1.69,43106.22,108158.972,24.384,30277.532,24.1631,32841.0108,23.9206,28870.2485
376,600566.SH,20160620,24.28,24.83,24.13,24.8,24.19,0.61,2.52,31348.41,77006.884,24.242,26616.94,24.0992,31949.4508,23.9188,28588.5624
377,600566.SH,20160617,24.16,24.34,23.97,24.19,23.97,0.22,0.92,21735.18,52550.922,24.086,28155.62,23.9469,31057.7708,23.9085,29192.62
378,600566.SH,20160616,24.63,24.71,23.91,23.97,24.58,-0.61,-2.48,24721.92,60084.894,24.14,29113.948,23.8892,30637.9546,23.8826,29459.8474
379,600566.SH,20160615,23.52,24.66,23.5,24.58,23.67,0.91,3.84,30475.93,73927.875,24.216,30594.392,23.8515,30550.0485,23.8774,30096.2465
380,600566.SH,20160614,24.02,24.2,23.61,23.67,24.02,-0.35,-1.46,24803.26,59057.292,24.212,34620.602,23.7154,28964.1962,23.855,30493.3409
381,600566.SH,20160613,24.25,24.94,23.95,24.02,24.46,-0.44,-1.8,39041.81,95867.559,24.272,38483.166,23.6492,28445.1338,23.85,30620.8265
382,600566.SH,20160608,24.35,24.64,24.21,24.46,24.35,0.11,0.45,26526.82,64877.445,24.206,36414.166,23.58,27117.6346,23.8162,30290.6847
383,600566.SH,20160607,24.5,24.71,24.13,24.35,24.56,-0.21,-0.86,32124.14,78258.865,24.01,37034.718,23.48,26136.7931,23.7847,31249.7644
384,600566.SH,20160606,24.04,24.99,23.91,24.56,23.97,0.59,2.46,50606.98,124478.058,23.85,36913.078,23.3638,24824.2838,23.7994,31193.2656
385,600566.SH,20160603,23.66,24.09,23.55,23.97,23.69,0.28,1.18,44116.08,105176.26,23.502,30742.996,23.2431,23925.6385,23.8009,30664.4026
386,600566.SH,20160602,23.32,23.79,23.27,23.69,23.48,0.21,0.89,28696.81,67592.767,23.396,25175.294,23.2208,22021.3638,23.8294,30439.7724
387,600566.SH,20160601,23.55,23.94,23.37,23.48,23.55,-0.07,-0.3,29629.58,70096.234,23.354,24151.76,23.2438,21813.7123,23.8521,30264.2053
388,600566.SH,20160531,22.95,23.59,22.7,23.55,22.82,0.73,3.2,31515.94,73734.584,23.22,20197.814,23.2669,21550.17,23.8788,30734.5776
389,600566.SH,20160530,23.3,23.8,22.52,22.82,23.44,-0.62,-2.65,19756.57,45407.139,23.072,17505.716,23.3154,21395.2985,23.8924,30517.1079
390,600566.SH,20160527,23.45,23.56,23.16,23.44,23.48,-0.04,-0.17,16277.57,38061.6,23.132,17911.266,23.4538,23566.7246,23.9326,31498.1903
391,600566.SH,20160526,22.73,23.48,22.73,23.48,22.81,0.67,2.94,23579.14,54653.044,23.076,17410.928,23.4723,24078.0946,23.9438,31701.875
392,600566.SH,20160525,23.04,23.11,22.7,22.81,22.81,0.0,0.0,9859.85,22603.213,22.948,15707.404,23.5469,24250.0908,23.9526,32153.7432
393,600566.SH,20160524,23.01,23.12,22.7,22.81,23.12,-0.31,-1.34,18055.45,41149.456,22.984,21520.352,23.6738,26159.8954,23.9835,32757.8438
394,600566.SH,20160523,23.16,23.37,23.01,23.12,23.16,-0.04,-0.17,21784.32,50490.099,23.158,21781.364,23.8577,26845.1062,24.0221,33318.8512
395,600566.SH,20160520,22.64,23.28,22.6,23.16,22.84,0.32,1.4,13775.88,31644.498,23.332,22623.968,24.0192,28387.4477,24.0412,33534.4059
396,600566.SH,20160519,22.7,23.18,22.7,22.84,22.99,-0.15,-0.65,15061.52,34520.853,23.456,25109.498,24.1531,30773.1223,24.0653,34351.7309
397,600566.SH,20160518,23.67,23.67,22.5,22.99,23.68,-0.69,-2.91,38924.59,89540.841,23.724,27997.716,24.2669,32193.6892,24.1106,35392.0903
398,600566.SH,20160517,24.1,24.1,23.62,23.68,23.99,-0.31,-1.29,19360.51,46108.17,24.05,29809.82,24.3792,33190.7492,24.1238,35357.8565
399,600566.SH,20160516,23.62,24.05,23.26,23.99,23.78,0.21,0.88,25997.34,61218.519,24.05,30522.794,24.3508,34072.3185,24.1147,36180.5109
400,600566.SH,20160513,24.01,24.5,23.52,23.78,24.18,-0.4,-1.65,26203.53,63113.219,24.142,30486.344,24.3354,35638.6377,24.0844,36741.9785
401,600566.SH,20160512,24.2,24.57,23.87,24.18,24.62,-0.44,-1.79,29502.61,71591.742,24.278,32183.1,24.3385,37005.8385,24.0653,37547.7574
402,600566.SH,20160511,23.75,24.85,23.6,24.62,23.68,0.94,3.97,47985.11,116973.779,24.482,31675.216,24.2862,36977.7738,24.0353,37821.1159
403,600566.SH,20160510,24.35,24.68,23.62,23.68,24.45,-0.77,-3.15,22925.38,54649.601,24.602,30445.146,24.1515,35426.38,23.9991,38174.5091
404,600566.SH,20160509,24.05,24.89,23.5,24.45,24.46,-0.01,-0.04,25815.09,62982.437,24.846,34818.0,24.1292,38211.7762,23.9874,40148.2647
405,600566.SH,20160506,25.1,25.4,24.24,24.46,25.2,-0.74,-2.94,34687.31,85984.117,24.82,36360.76,24.16,38549.3215,23.9541,41209.6412
406,600566.SH,20160505,25.21,25.47,24.73,25.2,25.22,-0.02,-0.08,26963.19,67661.951,24.818,39800.572,24.1715,38390.7315,23.8906,40951.9624
407,600566.SH,20160504,24.87,25.58,24.73,25.22,24.9,0.32,1.29,41834.76,105719.655,24.44,40572.116,24.1515,39122.69,23.7835,40784.8109
408,600566.SH,20160503,24.36,24.95,23.92,24.9,24.32,0.58,2.38,44789.65,109787.568,24.154,41477.062,24.0931,37652.9031,23.6788,39947.6497
409,600566.SH,20160429,24.08,24.52,23.96,24.32,24.45,-0.13,-0.53,33528.89,81193.764,23.938,41314.56,24.0538,37716.9485,23.5912,39377.185
410,600566.SH,20160428,23.48,24.48,23.32,24.45,23.31,1.14,4.89,51886.37,124517.659,23.774,40436.336,24.03,36993.3392,23.4997,39186.4682
411,600566.SH,20160427,23.82,23.9,23.3,23.31,23.79,-0.48,-2.02,30820.91,72705.156,23.458,35622.46,24.01,37087.7238,23.4106,38094.6959
412,600566.SH,20160426,24.15,24.15,23.45,23.79,23.82,-0.03,-0.13,46359.49,109740.974,23.474,41285.384,24.0492,36501.7192,23.365,37839.0641
413,600566.SH,20160425,23.61,24.5,23.61,23.82,23.5,0.32,1.36,43977.14,105767.492,23.686,38054.122,24.0485,35931.1938,23.3212,37613.1476
414,600566.SH,20160422,22.8,23.78,22.52,23.5,22.87,0.63,2.75,29137.77,67995.536,23.844,35783.822,24.0515,34886.7423,23.2838,37355.1735
415,600566.SH,20160421,23.01,23.55,22.55,22.87,23.39,-0.52,-2.22,27816.99,64330.415,24.132,37251.998,24.0992,35501.5062,23.2462,37820.6862
416,600566.SH,20160420,23.81,23.88,22.0,23.39,24.15,-0.76,-3.15,59135.53,136954.387,24.45,36234.106,24.1685,35601.2131,23.2526,38923.5474
417,600566.SH,20160419,24.8,24.92,24.6,24.85,24.61,0.24,0.98,30203.18,74782.506,24.65,33531.448,24.2138,34249.6285,23.2429,39980.2874
418,600566.SH,20160418,24.94,24.94,24.45,24.61,24.94,-0.33,-1.32,32625.64,80318.997,24.482,32315.206,24.1777,35805.8254,23.1606,40984.1868
419,600566.SH,20160415,24.4,24.99,24.4,24.94,24.46,0.48,1.96,36478.65,90020.097,24.398,36412.752,24.0877,36200.8254,23.0697,42556.0997
420,600566.SH,20160414,24.8,24.8,24.19,24.46,24.39,0.07,0.29,22727.53,55505.442,24.174,33757.592,23.9669,37035.6031,22.9991,43912.5326
421,600566.SH,20160413,24.16,24.65,24.16,24.39,24.01,0.38,1.58,45622.24,111575.003,24.038,37000.618,23.8515,38755.5808,22.9203,47962.2247
422,600566.SH,20160412,24.19,24.39,23.83,24.01,24.19,-0.18,-0.74,24121.97,58085.283,23.932,33956.024,23.7546,39369.2554,22.8282,47721.8618
423,600566.SH,20160411,23.86,24.8,23.85,24.19,23.82,0.37,1.55,53113.37,129391.26,23.954,36557.57,23.6892,40498.0885,22.7547,47963.1803
424,600566.SH,20160408,23.57,24.1,23.57,23.82,23.78,0.04,0.17,23202.85,55295.435,23.87,31757.532,23.6277,41027.8662,22.6785,47337.395
425,600566.SH,20160407,23.92,24.2,23.68,23.78,23.86,-0.08,-0.34,38942.66,92923.164,23.902,35429.948,23.5862,46168.6523,22.6068,47374.7294
426,600566.SH,20160406,24.05,24.2,23.65,23.86,24.12,-0.26,-1.08,30399.27,72548.179,24.022,37728.164,23.5508,47934.7469,22.5409,46936.7006
427,600566.SH,20160405,23.77,24.28,23.55,24.12,23.77,0.35,1.47,37129.7,88805.355,23.938,39200.438,23.4308,47590.6669,22.4779,46614.3912
428,600566.SH,20160401,23.9,23.95,23.49,23.77,23.98,-0.21,-0.88,29113.18,69078.34,23.788,41240.65,23.2338,46371.4623,22.4076,46204.3097
429,600566.SH,20160331,24.38,24.38,23.76,23.98,24.38,-0.4,-1.64,41564.93,99789.511,23.626,44435.462,23.0715,45160.5469,22.3279,46021.3409
430,600566.SH,20160330,23.78,24.55,23.78,24.38,23.44,0.94,4.01,50433.74,121653.559,23.456,46842.478,22.9131,43916.6177,22.2509,45864.62
431,600566.SH,20160329,23.33,23.61,23.18,23.44,23.37,0.07,0.3,37760.64,88351.516,23.212,44515.09,22.6692,42117.4469,22.1435,45066.8591
432,600566.SH,20160328,23.13,23.65,22.83,23.37,22.96,0.41,1.79,47330.76,110759.167,23.202,48963.058,22.5138,40348.6369,22.0547,44657.9024
433,600566.SH,20160325,22.93,23.28,22.7,22.96,23.13,-0.17,-0.74,45087.24,103660.929,23.184,57503.52,22.39,38410.0731,21.97,44096.1153
434,600566.SH,20160324,23.29,23.68,23.09,23.13,23.16,-0.03,-0.13,53600.01,125346.377,23.256,60866.45,22.3392,37917.08,21.8791,43493.0135
435,600566.SH,20160323,23.21,23.47,22.8,23.16,23.39,-0.23,-0.98,38796.8,89721.545,23.09,55331.694,22.2946,36502.1577,21.8021,42587.8541
436,600566.SH,20160322,23.3,23.77,23.02,23.39,23.28,0.11,0.47,60000.48,140771.81,22.77,51828.342,22.2223,36976.65,21.7065,42046.0109
437,600566.SH,20160321,23.54,23.75,22.96,23.28,23.32,-0.04,-0.17,90033.07,209822.782,22.424,42502.502,22.1992,37385.4031,21.615,41740.66
438,600566.SH,20160318,22.51,23.38,22.34,23.32,22.3,1.02,4.57,61901.89,141719.707,22.152,29574.658,22.1823,37772.4508,21.5071,40297.8353
439,600566.SH,20160317,21.85,22.3,21.46,22.3,21.56,0.74,3.43,25926.23,57205.692,21.73,22603.184,22.0846,37959.6715,21.4324,39596.9447
440,600566.SH,20160316,21.75,21.96,21.26,21.56,21.66,-0.1,-0.46,21280.04,45988.839,21.554,20371.16,22.0246,42586.1677,21.3953,39853.2165
441,600566.SH,20160315,21.85,21.99,21.51,21.66,21.92,-0.26,-1.19,13371.28,29101.571,21.594,20541.038,22.1,47302.8854,21.3779,40361.1956
442,600566.SH,20160314,21.58,22.16,21.35,21.92,21.21,0.71,3.35,25393.85,55685.964,21.722,25602.448,22.1092,58614.0992,21.3826,40904.6541
443,600566.SH,20160311,21.42,21.65,21.0,21.21,21.42,-0.21,-0.98,27044.52,57593.683,21.848,27564.882,22.0585,59541.4877,21.4009,41042.1538
444,600566.SH,20160310,21.65,21.97,21.39,21.42,21.76,-0.34,-1.56,14766.11,31869.698,22.05,31149.018,22.0815,59947.8169,21.4182,41171.605
445,600566.SH,20160309,22.0,22.15,21.6,21.76,22.3,-0.54,-2.42,22129.43,48333.691,22.384,41258.65,22.0954,61260.9369,21.4253,41549.9585
446,600566.SH,20160308,22.22,22.38,21.39,22.3,22.55,-0.25,-1.11,38678.33,84292.931,22.644,55845.702,22.0662,61441.1515,21.4471,41792.5826
447,600566.SH,20160307,22.07,22.7,22.07,22.55,22.22,0.33,1.49,35206.02,78942.125,22.594,60977.188,22.0077,60315.8708,21.4368,41531.0256
448,600566.SH,20160304,23.05,23.06,21.7,22.22,23.09,-0.87,-3.77,44965.2,100634.194,22.388,71150.12,21.9438,59103.1577,21.4447,41262.1388
449,600566.SH,20160303,23.0,23.33,22.7,23.09,23.06,0.03,0.13,65314.27,150096.146,22.452,78676.554,21.9062,57427.9062,21.4529,41047.465
450,600566.SH,20160302,22.1,23.2,21.85,23.06,22.05,1.01,4.58,95064.69,215750.033,22.19,97697.112,21.75,54164.6731,21.4888,40773.4503
451,600566.SH,20160301,21.57,22.05,21.0,22.05,21.52,0.53,2.46,64335.76,138370.663,21.83,86174.154,21.6192,49639.4215,21.5094,38197.3053
452,600566.SH,20160229,22.3,22.3,20.92,21.52,22.54,-1.02,-4.53,86070.68,184595.019,21.722,79772.362,21.5177,46483.5838,21.6071,37301.4471
453,600566.SH,20160226,22.01,22.7,21.0,22.54,21.78,0.76,3.49,82597.37,181075.565,21.738,68925.56,21.4331,41697.8477,21.7165,36249.705
454,600566.SH,20160225,21.61,22.7,21.57,21.78,21.26,0.52,2.45,160417.06,354686.483,21.506,57300.53,21.2754,37515.7423,21.7944,34852.0132
455,600566.SH,20160224,21.36,21.68,20.86,21.26,21.51,-0.25,-1.16,37449.9,79401.128,21.458,30027.054,21.1285,27066.8746,21.9674,31235.3797
456,600566.SH,20160223,21.6,22.08,21.05,21.51,21.6,-0.09,-0.42,32326.8,69996.14,21.55,26425.224,21.0708,25941.8508,22.1771,31155.61
457,600566.SH,20160222,21.56,21.77,21.31,21.6,21.38,0.22,1.03,31836.67,68596.558,21.594,24597.25,20.9477,25022.4146,22.3944,31500.7865
458,600566.SH,20160219,21.69,21.83,21.2,21.38,21.54,-0.16,-0.74,24472.22,52442.954,21.486,22808.364,20.8462,26390.2515,22.5835,32367.5685
459,600566.SH,20160218,21.75,22.09,21.48,21.54,21.72,-0.18,-0.83,24049.68,52359.825,21.482,25161.204,20.71,27659.8523,22.7709,32265.0541
460,600566.SH,20160217,21.72,21.99,21.33,21.72,21.73,-0.01,-0.05,19440.75,42102.265,21.32,25013.242,20.6515,28738.4623,22.9638,32811.41
461,600566.SH,20160216,21.1,21.94,21.1,21.73,21.06,0.67,3.18,23186.93,50113.927,21.06,25896.314,20.5992,29907.5946,23.1544,33656.2921
462,600566.SH,20160215,20.82,21.33,20.62,21.06,21.36,-0.3,-1.4,22892.24,47977.762,20.812,26904.928,20.5408,31089.4715,23.3535,33770.3424
463,600566.SH,20160205,20.8,21.98,20.55,21.36,20.73,0.63,3.04,36236.42,77388.075,20.574,27242.836,20.5992,31778.4431,23.5724,34460.1612
464,600566.SH,20160204,20.5,20.83,20.2,20.73,20.42,0.31,1.52,23309.87,48050.677,20.404,24560.47,20.69,31304.0138,23.7874,35825.12
465,600566.SH,20160203,20.07,20.53,19.8,20.42,20.49,-0.07,-0.34,23856.11,47919.064,20.24,23973.322,20.7723,31929.8592,23.9632,36369.5609
466,600566.SH,20160202,19.8,20.54,19.79,20.49,19.87,0.62,3.12,28230.0,57296.827,20.212,29125.81,20.8677,32220.1685,24.1474,37125.3482
467,600566.SH,20160201,20.5,20.65,19.61,19.87,20.51,-0.64,-3.12,24581.78,49379.408,20.036,31675.216,21.0223,32385.4492,24.3318,38656.6832
468,600566.SH,20160129,19.91,20.66,19.71,20.51,19.91,0.6,3.01,22824.59,46409.661,20.218,34373.182,21.1823,32785.7269,24.4879,38504.8912
469,600566.SH,20160128,19.95,20.5,19.8,19.91,20.28,-0.37,-1.82,20374.13,40889.336,20.324,36736.158,21.36,33034.9023,24.6115,38108.1697
470,600566.SH,20160127,19.66,20.39,18.78,20.28,19.61,0.67,3.42,49618.55,96440.086,20.536,40371.598,21.5592,34365.0685,24.7579,38132.0406
471,600566.SH,20160126,20.55,20.91,19.5,19.61,20.78,-1.17,-5.63,40977.03,83279.248,20.844,36817.662,21.8692,34855.7777,24.9009,37236.2856
472,600566.SH,20160125,21.15,21.47,20.5,20.78,21.04,-0.26,-1.24,38071.61,79831.53,21.43,34636.024,22.1885,32278.7569,25.0656,37779.9256
473,600566.SH,20160122,21.11,21.42,20.48,21.04,20.97,0.07,0.33,34639.47,72321.133,21.634,33310.874,22.5415,31956.0623,25.2229,38242.0756
474,600566.SH,20160121,21.36,21.93,20.88,20.97,21.82,-0.85,-3.9,38551.33,82492.97,21.758,31909.006,22.8646,33161.5992,25.3541,38399.3412
475,600566.SH,20160120,22.33,22.65,21.72,21.82,22.54,-0.72,-3.19,31848.87,70322.16,22.064,30274.47,23.1892,32894.2546,25.4759,37988.7103
476,600566.SH,20160119,21.51,22.85,21.51,22.54,21.8,0.74,3.39,30068.84,67105.744,22.09,29861.774,23.6385,33325.2277,25.5638,37835.6797
477,600566.SH,20160118,21.44,22.22,20.79,21.8,21.66,0.14,0.65,31445.86,68708.558,22.146,29060.78,24.0885,33684.3731,25.6362,38227.2818
478,600566.SH,20160115,22.04,22.3,21.3,21.66,22.5,-0.84,-3.73,27630.13,60760.746,22.286,30304.866,24.6346,34654.9069,25.7044,38392.8944
479,600566.SH,20160114,21.3,22.66,21.06,22.5,21.95,0.55,2.51,30378.65,66002.879,22.816,35978.394,25.1246,37245.4554,25.7859,38927.9335
480,600566.SH,20160113,23.01,23.09,21.91,21.95,22.82,-0.87,-3.81,29785.39,66823.966,23.068,31397.816,25.5285,36523.0,25.8803,39082.5612
481,600566.SH,20160112,22.56,23.1,22.02,22.82,22.5,0.32,1.42,26063.87,59253.742,23.752,32216.054,26.0015,37510.7223,26.0056,39314.5509
482,600566.SH,20160111,23.8,24.45,22.0,22.5,24.31,-1.81,-7.45,37666.29,87219.966,24.236,37065.57,26.4154,39210.9431,26.0971,39406.4926
483,600566.SH,20160108,24.02,24.49,22.88,24.31,23.76,0.55,2.31,55997.77,134205.109,24.774,36547.482,26.8769,38395.4315,26.195,39369.6088
484,600566.SH,20160107,24.7,24.92,23.75,23.76,25.37,-1.61,-6.35,7475.76,17956.998,25.444,32838.232,27.1992,37652.9938,26.2341,38644.1471
485,600566.SH,20160106,25.35,25.49,24.88,25.37,25.24,0.13,0.52,33876.58,85186.792,26.37,38290.626,27.5769,43435.2446,26.2909,39513.9712
486,600566.SH,20160105,24.05,25.69,23.81,25.24,25.19,0.05,0.2,50311.45,124972.597,27.076,40327.87,27.68,44046.3431,26.295,39732.0418
487,600566.SH,20160104,27.66,27.68,25.08,25.19,27.66,-2.47,-8.93,35075.85,91138.732,27.634,42527.032,27.7908,43987.9915,26.3182,40089.4791
488,600566.SH,20151231,28.41,28.63,27.02,27.66,28.39,-0.73,-2.57,37451.52,103973.723,28.146,39709.208,27.9115,47466.4177,26.3494,40260.1188
489,600566.SH,20151230,28.89,29.25,28.38,28.39,28.9,-0.51,-1.76,34737.73,100150.803,28.234,40744.06,27.7208,46079.4431,26.2968,40633.4006
490,600566.SH,20151229,27.65,28.99,27.65,28.9,28.03,0.87,3.1,44062.8,125281.916,28.196,43429.862,27.4377,44125.4685,26.2518,42570.0
491,600566.SH,20151228,27.76,29.06,27.75,28.03,27.75,0.28,1.01,61307.26,173756.897,28.116,40030.23,27.1292,42365.6946,26.1606,43358.5762
492,600566.SH,20151225,27.75,28.28,27.6,27.75,28.1,-0.35,-1.25,20986.73,58456.411,28.21,37037.994,26.9069,39123.8192,26.0941,43480.7497
493,600566.SH,20151224,27.77,28.23,27.01,28.1,28.2,-0.1,-0.35,42625.78,116930.303,28.394,49369.652,26.7115,42083.3623,26.0406,45015.0915
494,600566.SH,20151223,28.96,29.42,27.9,28.2,28.5,-0.3,-1.05,48166.74,138297.066,28.116,49208.668,26.56,42941.7415,25.9794,45380.2079
495,600566.SH,20151222,28.65,28.88,28.18,28.5,28.5,0.0,0.0,27064.64,77036.729,27.812,49485.896,26.3523,42312.4923,25.9106,45778.8747
496,600566.SH,20151221,28.38,28.9,28.03,28.5,28.67,-0.17,-0.59,46346.08,131862.598,27.464,60132.046,26.0915,42122.1262,25.8418,46413.2235
497,600566.SH,20151218,26.8,29.3,26.75,28.67,26.71,1.96,7.34,82645.02,230596.609,26.8,54747.0,25.8077,40606.7223,25.74,45965.7676
498,600566.SH,20151217,27.1,27.36,26.6,26.71,26.68,0.03,0.11,41820.86,112315.865,26.008,40085.208,25.5254,37586.5908,25.6479,45492.9579
499,600566.SH,20151216,26.97,27.75,26.38,26.68,26.76,-0.08,-0.3,49552.88,134015.027,25.644,35958.184,25.3262,37221.6546,25.6132,47331.4706
500,600566.SH,20151215,25.18,27.7,25.18,26.76,25.18,1.58,6.27,80295.39,213780.886,25.336,29880.184,25.1531,36934.6223,25.5585,46975.9697
501,600566.SH,20151214,24.5,25.38,24.22,25.18,24.71,0.47,1.9,19420.85,48571.585,25.026,25713.264,25.0723,33499.2838,25.4909,46086.5935
502,600566.SH,20151211,24.69,24.89,24.62,24.71,24.89,-0.18,-0.72,9336.06,23075.536,25.216,32586.036,25.1515,34903.2985,25.4929,47132.9565
503,600566.SH,20151210,25.35,25.4,24.6,24.89,25.14,-0.25,-0.99,21185.74,53113.151,25.374,38716.124,25.2454,36430.5162,25.4985,48866.8615
504,600566.SH,20151209,25.08,25.52,24.86,25.14,25.21,-0.07,-0.28,19162.88,48110.978,25.418,39396.952,25.3177,37601.7854,25.515,50846.6921
505,600566.SH,20151208,25.98,26.12,24.76,25.21,26.13,-0.92,-3.52,59460.79,151414.089,25.352,40893.542,25.3562,38537.8769,25.4562,51407.9509
506,600566.SH,20151207,25.45,26.62,25.33,26.13,25.5,0.63,2.47,53784.71,140651.245,25.31,37678.046,25.3931,36813.9531,25.3779,51480.5962
507,600566.SH,20151204,25.0,25.63,24.83,25.5,25.11,0.39,1.55,39986.5,100608.35,24.908,34336.442,25.3454,35852.8969,25.3229,51124.3424
508,600566.SH,20151203,24.82,25.15,24.65,25.11,24.81,0.3,1.21,24589.88,61330.397,24.694,35503.434,25.3862,37581.96,25.2726,51571.3485
509,600566.SH,20151202,24.95,25.19,24.26,24.81,25.0,-0.19,-0.76,26645.83,65949.586,24.814,37712.656,25.4738,38834.8615,25.2515,52367.5879
510,600566.SH,20151201,24.27,25.6,24.06,25.0,24.12,0.88,3.65,43383.31,108485.978,25.094,39918.098,25.5554,40642.3438,25.2394,53244.2691
511,600566.SH,20151130,24.6,24.87,23.68,24.12,24.43,-0.31,-1.27,37076.69,89770.248,25.28,37079.414,25.6985,45042.2515,25.2068,53441.7679
512,600566.SH,20151127,25.58,25.86,24.22,24.43,25.71,-1.28,-4.98,45821.46,114601.94,25.622,36946.524,25.8277,47642.0746,25.2159,55947.5568
513,600566.SH,20151126,26.3,26.45,25.55,25.71,26.21,-0.5,-1.91,35635.99,92705.993,25.864,34048.646,25.9308,49152.8208,25.1915,58449.7079
514,600566.SH,20151125,26.0,26.25,25.8,26.21,25.93,0.28,1.08,37673.04,98100.84,25.86,34331.404,25.9477,52038.8485,25.1294,58813.5647
515,600566.SH,20151124,25.79,26.0,25.24,25.93,25.83,0.1,0.39,29189.89,75013.27,25.72,35054.992,25.9331,53374.7485,25.0441,60263.4468
516,600566.SH,20151123,25.7,25.98,24.5,25.83,25.64,0.19,0.74,36412.24,92720.102,25.74,41709.878,25.9277,55877.1731,24.9756,60268.0782
517,600566.SH,20151120,25.96,25.96,25.5,25.64,25.69,-0.05,-0.19,31332.07,80454.053,25.824,42602.95,25.9531,56817.1931,24.9191,60506.1247
518,600566.SH,20151119,25.5,25.7,25.1,25.69,25.51,0.18,0.71,37049.78,94132.983,25.87,46365.156,25.9069,56801.8477,24.8668,61448.3094
519,600566.SH,20151118,26.04,26.28,25.21,25.51,26.03,-0.52,-2.0,41290.98,105600.825,26.104,59071.622,25.8954,59072.5946,24.7556,60763.3385
520,600566.SH,20151117,26.86,26.86,26.0,26.03,26.25,-0.22,-0.84,62464.32,165006.487,26.162,64988.304,25.8969,63921.7723,24.6691,60415.8841
521,600566.SH,20151116,25.55,26.37,25.45,26.25,25.87,0.38,1.47,40877.6,106469.066,26.11,65587.672,25.8038,61998.8131,24.5435,59090.9159
522,600566.SH,20151113,26.39,26.54,25.82,25.87,26.86,-0.99,-3.69,50143.1,131065.522,26.046,72043.022,25.6662,62704.89,24.4274,58711.9153
523,600566.SH,20151112,25.67,27.28,25.67,26.86,25.8,1.06,4.11,100582.11,266591.203,26.076,73022.35,25.6185,63078.2815,24.3144,58104.8776
524,600566.SH,20151111,25.9,25.91,25.3,25.8,25.77,0.03,0.12,70874.39,181438.648,25.876,65250.21,25.4677,60594.1831,24.1426,55744.7206
525,600566.SH,20151110,25.84,26.28,25.55,25.77,25.93,-0.16,-0.62,65461.16,169914.642,25.948,60801.832,25.4408,61949.9977,24.0118,54664.6126
526,600566.SH,20151109,25.98,26.19,25.32,25.93,26.02,-0.09,-0.35,73154.35,188948.038,25.802,53936.116,25.2385,59856.4992,23.8853,53654.7965
527,600566.SH,20151106,25.79,26.27,25.79,26.02,25.86,0.16,0.62,55039.74,143004.43,25.724,52619.144,24.9785,58993.1438,23.705,52672.4215
528,600566.SH,20151105,26.17,26.65,25.53,25.86,26.16,-0.3,-1.15,61721.41,160882.15,25.626,62477.254,24.8431,57964.8623,23.5418,52345.6059
529,600566.SH,20151104,25.13,26.25,24.94,26.16,25.04,1.12,4.47,48632.5,125351.395,25.418,57626.142,24.6838,57462.0392,23.4424,51431.1918
530,600566.SH,20151103,25.69,25.79,24.69,25.04,25.54,-0.5,-1.96,31132.58,78156.939,25.078,57910.962,24.5477,57695.0792,23.3518,50579.0932
531,600566.SH,20151102,25.0,26.33,24.51,25.54,25.53,0.01,0.04,66569.49,171598.049,25.12,62683.884,24.4985,59642.8031,23.3009,50716.0303
532,600566.SH,20151030,26.04,26.19,25.12,25.53,24.82,0.71,2.86,104330.29,267709.181,24.992,63027.752,24.3715,58375.7862,23.2256,50046.1188
533,600566.SH,20151029,24.74,24.95,24.11,24.82,24.46,0.36,1.47,37465.85,92279.426,24.976,59861.69,24.2869,59756.0338,23.1138,48035.4815
534,600566.SH,20151028,25.14,25.75,24.28,24.46,25.25,-0.79,-3.13,50056.6,124904.91,24.64,60017.656,24.1931,66942.8608,23.0191,47777.9353
535,600566.SH,20151027,25.33,25.5,24.24,25.25,24.9,0.35,1.41,54997.19,136805.261,24.258,62392.482,24.1269,66785.2085,22.935,47461.6932
536,600566.SH,20151026,25.9,25.99,24.54,24.9,25.45,-0.55,-2.16,68288.83,171328.62,24.06,59727.46,23.9777,69244.5808,22.8641,46782.7156
537,600566.SH,20151023,23.33,25.45,23.32,25.45,23.14,2.31,9.98,88499.98,216566.751,23.838,57106.636,23.8777,66249.0831,22.8271,46118.9971
538,600566.SH,20151022,22.62,23.34,22.2,23.14,22.55,0.59,2.62,38245.68,87717.218,23.626,49739.044,23.7592,62864.9169,22.7379,45140.7079
539,600566.SH,20151021,24.35,24.85,22.29,22.55,24.26,-1.71,-7.05,61930.73,147319.48,23.878,53380.506,23.8146,64797.2762,22.6829,45359.0174
540,600566.SH,20151020,23.8,24.35,23.65,24.26,23.79,0.47,1.98,41672.08,100381.367,24.146,51014.014,23.7654,61091.8946,22.6406,45948.0962
541,600566.SH,20151019,24.4,24.74,23.65,23.79,24.39,-0.6,-2.46,55184.71,132609.605,24.18,67134.3,23.6354,60153.8523,22.6053,46537.1668
542,600566.SH,20151016,24.51,24.98,23.91,24.39,24.4,-0.01,-0.04,51662.02,126434.123,24.142,82276.278,23.4792,57248.5208,22.6591,46174.1538
543,600566.SH,20151015,23.88,24.6,23.72,24.4,23.89,0.51,2.13,56452.99,136923.304,23.984,81545.298,23.3185,55427.7177,22.7215,45949.4974
544,600566.SH,20151014,24.19,24.35,23.65,23.89,24.43,-0.54,-2.21,50098.27,119992.553,23.766,87648.506,23.1362,53354.7046,22.8124,47019.3515
545,600566.SH,20151013,23.6,24.5,23.51,24.43,23.6,0.83,3.52,122273.51,296210.507,23.708,83498.324,22.9154,51065.3585,22.87,48161.6179
546,600566.SH,20151012,23.59,24.6,23.38,23.6,23.6,0.0,0.0,130894.6,311814.634,23.604,67944.786,22.6785,44286.6823,22.9794,48052.0585
547,600566.SH,20151009,23.2,23.78,23.0,23.6,23.31,0.29,1.24,48007.12,112461.14,23.656,54439.136,22.5146,36612.2831,23.0494,45775.5318
548,600566.SH,20151008,24.3,24.59,22.91,23.31,23.6,-0.29,-1.23,86969.03,205669.83,23.318,47589.866,22.2223,35977.3969,23.1053,45197.7215
549,600566.SH,20150930,23.54,23.9,22.37,23.6,23.91,-0.31,-1.3,29347.36,67556.755,23.17,36091.566,22.0038,32666.5492,23.1526,43773.4244
550,600566.SH,20150929,23.2,24.33,23.0,23.91,23.86,0.05,0.21,44505.82,105684.292,22.802,33705.174,21.9177,32765.3162,23.2112,45202.8947
551,600566.SH,20150928,21.9,24.1,21.9,23.86,21.91,1.95,8.9,63366.35,146250.956,22.48,30402.326,21.8538,30854.1877,23.2826,46084.7994
552,600566.SH,20150925,22.6,22.66,21.75,21.91,22.57,-0.66,-2.92,13760.77,30457.913,22.114,23629.82,21.8115,28732.81,23.3159,45664.9821
553,600566.SH,20150924,21.75,22.93,21.75,22.57,21.76,0.81,3.72,29477.53,66268.933,21.936,24945.02,21.8938,31042.9431,23.4153,46216.27
554,600566.SH,20150923,22.04,22.22,21.54,21.76,22.3,-0.54,-2.42,17415.4,37995.379,21.692,25879.658,21.8292,31542.2577,23.5203,47499.8247
555,600566.SH,20150922,22.0,22.75,22.0,22.3,22.03,0.27,1.23,27991.58,62978.53,21.634,28622.06,21.8169,32411.0177,23.6376,49587.2488
556,600566.SH,20150921,20.81,22.3,20.65,22.03,21.02,1.01,4.8,29503.82,64355.678,21.134,30974.464,21.7631,33281.2323,23.7156,51742.8676
557,600566.SH,20150918,21.35,21.49,20.58,21.02,21.35,-0.33,-1.55,20336.77,42650.071,20.822,33859.302,21.8254,33466.4731,23.7618,52279.3865
558,600566.SH,20150917,21.21,22.21,20.82,21.35,21.47,-0.12,-0.56,34150.72,73678.311,21.114,35918.214,22.0269,35419.2138,23.8124,53741.1526
559,600566.SH,20150916,19.7,21.66,19.66,21.47,19.8,1.67,8.43,31127.41,64174.276,21.46,33020.3,22.1092,37041.3238,23.8765,54367.8279
560,600566.SH,20150915,20.45,20.46,19.01,19.8,20.47,-0.67,-3.27,39753.6,78697.331,21.828,33952.506,22.0938,38159.8462,23.9,57671.5203
561,600566.SH,20150914,22.2,22.56,20.23,20.47,22.48,-2.01,-8.94,43928.01,93302.03,22.464,34760.286,22.1946,41406.4469,23.9397,59129.8265
562,600566.SH,20150911,23.19,23.2,21.9,22.48,23.08,-0.6,-2.6,30631.33,69112.35,22.716,33168.408,22.3938,42773.56,24.0288,60153.2809
563,600566.SH,20150910,22.9,23.62,22.78,23.08,23.31,-0.23,-0.99,19661.15,45737.992,22.54,32783.998,22.6354,43712.8631,24.0912,61763.86
564,600566.SH,20150909,22.99,23.68,22.78,23.31,22.98,0.33,1.44,35788.44,83589.748,22.244,36712.642,22.8992,45586.9054,24.1226,63366.5926
565,600566.SH,20150908,21.73,23.0,21.58,22.98,21.73,1.25,5.75,43792.5,98069.0,22.15,35937.344,23.2208,49974.5662,24.1521,64369.5421
566,600566.SH,20150907,21.98,22.88,21.21,21.73,21.6,0.13,0.6,35968.62,79165.636,22.282,36323.324,23.4415,53447.0915,24.1912,66918.5015
567,600566.SH,20150902,20.58,22.62,20.0,21.6,21.6,0.0,0.0,28709.28,61890.418,22.42,40177.23,23.9354,59799.3892,24.2365,69353.1241
568,600566.SH,20150901,22.78,22.78,20.8,21.6,22.84,-1.24,-5.43,39304.37,85011.369,22.354,43569.014,24.2723,61705.8054,24.2232,71431.795
569,600566.SH,20150831,23.15,23.5,22.58,22.84,23.64,-0.8,-3.38,31911.95,73357.82,22.256,52100.022,24.5723,60864.0515,24.1894,75117.9832
570,600566.SH,20150828,22.8,23.94,22.12,23.64,22.42,1.22,5.44,45722.4,104856.018,22.3,58057.728,24.7323,61374.1269,24.1859,74729.8418
571,600566.SH,20150827,21.41,23.4,21.41,22.42,21.27,1.15,5.41,55238.15,121895.091,22.696,57481.702,24.8823,63853.1231,24.0979,73509.1785
572,600566.SH,20150826,22.0,22.67,20.77,21.27,21.11,0.16,0.76,45668.2,99310.62,23.514,55238.812,25.1838,65334.0792,23.9906,74659.0124
573,600566.SH,20150825,21.48,22.5,20.75,21.11,23.06,-1.95,-8.46,81959.41,174920.476,24.758,64670.778,25.47,65597.4915,23.9782,78522.2424
574,600566.SH,20150824,23.07,25.25,23.06,23.06,25.62,-2.56,-9.99,61700.48,143300.825,25.706,66065.962,25.7915,61793.2723,24.0388,78469.9656
575,600566.SH,20150821,26.0,26.7,25.51,25.62,26.51,-0.89,-3.36,42842.27,111195.412,26.724,77435.564,26.0285,62671.5731,24.1176,80809.9585
576,600566.SH,20150820,26.99,27.39,26.28,26.51,27.49,-0.98,-3.56,44023.7,117799.422,26.796,79565.648,26.0385,66175.0769,24.2053,82086.5597
577,600566.SH,20150819,25.4,27.8,25.4,27.49,25.85,1.64,6.34,92828.03,248686.183,26.594,76433.222,25.9185,70579.6092,24.2926,83587.2535
578,600566.SH,20150818,28.3,28.42,25.51,25.85,28.15,-2.3,-8.17,88935.33,241010.537,26.08,65576.202,25.6192,67111.7192,24.2735,84614.0471
579,600566.SH,20150817,25.9,28.58,25.58,28.15,25.98,2.17,8.35,118548.49,321501.25,26.028,63379.006,25.38,65657.9877,24.3506,84708.2332
580,600566.SH,20150814,25.59,26.01,24.98,25.98,25.5,0.48,1.88,53492.69,136164.86,25.666,54567.424,25.0246,60804.8485,24.4038,85073.1521
581,600566.SH,20150813,24.92,25.53,24.78,25.5,24.92,0.58,2.33,28361.57,71342.444,25.468,53687.398,24.7392,67724.8685,24.5247,86325.4144
582,600566.SH,20150812,25.41,25.46,24.71,24.92,25.59,-0.67,-2.62,38542.93,96488.799,25.426,54515.996,24.4046,72415.21,24.6185,87171.33
583,600566.SH,20150811,26.33,26.33,25.48,25.59,26.34,-0.75,-2.85,77949.35,201091.492,25.67,61431.088,24.2954,75506.1738,24.6912,87495.3974
584,600566.SH,20150810,25.03,26.38,25.03,26.34,24.99,1.35,5.4,74490.58,191140.025,25.702,63518.782,24.2192,76078.61,24.7832,86933.5256
585,600566.SH,20150807,25.6,25.85,24.71,24.99,25.29,-0.3,-1.19,49092.56,123768.198,25.424,68877.19,24.0508,76052.7238,24.8721,86512.9626
586,600566.SH,20150806,24.96,25.96,24.96,25.29,26.14,-0.85,-3.25,32504.56,82648.187,25.146,68607.77,23.9985,77652.4285,24.9985,87597.7479
587,600566.SH,20150805,25.8,26.76,24.86,26.14,25.75,0.39,1.51,73118.39,188561.074,24.636,76114.222,23.9231,85187.2408,25.1579,88956.6318
588,600566.SH,20150804,24.8,26.83,24.52,25.75,24.95,0.8,3.21,88387.82,226983.011,24.114,72582.08,23.7023,88697.0408,25.3385,89426.1418
589,600566.SH,20150803,23.66,24.99,23.04,24.95,23.6,1.35,5.72,101282.62,244809.851,23.418,83595.106,23.3485,89542.9077,25.5303,89455.4726
590,600566.SH,20150731,22.46,23.7,22.42,23.6,22.74,0.86,3.78,47745.46,110582.366,22.658,81205.784,23.0023,94416.15,25.7159,88254.0262
591,600566.SH,20150730,23.49,24.4,22.5,22.74,23.53,-0.79,-3.36,70036.82,166930.402,22.638,87401.784,22.9346,92183.0485,25.9362,89371.51
592,600566.SH,20150729,22.27,23.6,22.03,23.53,22.27,1.26,5.66,55457.68,125209.202,23.01,90472.624,22.7738,87120.2046,26.22,89727.4826
593,600566.SH,20150728,20.72,23.0,19.99,22.27,21.15,1.12,5.3,143452.95,308861.399,23.134,94211.9,22.4077,90110.5754,26.4685,90384.0182
594,600566.SH,20150727,23.1,23.8,21.15,21.15,23.5,-2.35,-10.0,89336.01,200748.082,23.542,79499.054,22.2985,92692.5038,26.7544,88631.7109
595,600566.SH,20150724,24.8,24.88,22.89,23.5,24.6,-1.1,-4.47,78725.46,190584.49,24.174,87723.276,22.4538,91988.3492,27.1076,88653.9715
596,600566.SH,20150723,24.43,25.0,23.93,24.6,24.15,0.45,1.86,85391.02,208808.843,24.128,95727.342,22.6262,96798.7169,27.3853,88883.915
597,600566.SH,20150722,24.3,24.83,23.8,24.15,24.31,-0.16,-0.66,74154.06,179269.777,23.438,98525.956,22.9338,96864.5392,27.5938,89032.0556
598,600566.SH,20150721,24.01,24.81,23.28,24.31,24.31,0.0,0.0,69888.72,169689.845,22.698,116622.098,23.3438,98471.7108,27.7832,90069.745
599,600566.SH,20150720,23.36,25.35,23.36,24.31,23.27,1.04,4.47,130457.12,318308.694,22.38,106387.382,23.5385,102921.7331,27.9479,91933.4829
600,600566.SH,20150717,21.35,23.27,21.35,23.27,21.15,2.12,10.02,118745.79,269016.876,21.648,81139.928,23.8585,99974.0823,28.2009,91890.9159
601,600566.SH,20150716,20.45,21.95,19.42,21.15,20.45,0.7,3.42,99384.09,208992.119,20.748,76257.27,24.3731,100913.3085,28.415,91644.9206
602,600566.SH,20150715,22.5,22.5,20.45,20.45,22.72,-2.27,-9.99,164634.77,349104.192,20.688,91784.056,25.0608,100658.3485,28.6544,91816.1576
603,600566.SH,20150714,22.72,22.72,22.72,22.72,20.65,2.07,10.02,18715.14,42520.798,21.232,74893.502,25.6946,92388.1892,28.9035,90047.4394
604,600566.SH,20150713,20.65,20.65,20.65,20.65,18.77,1.88,10.02,4219.85,8713.99,21.836,99402.522,26.0538,94760.9646,29.0971,93548.0644
605,600566.SH,20150707,20.0,20.0,18.77,18.77,20.85,-2.08,-9.98,94332.5,177979.094,23.426,115807.894,26.6746,98962.9538,29.3132,96877.3732
606,600566.SH,20150706,24.9,24.9,20.85,20.85,23.17,-2.32,-10.01,177018.02,381137.329,25.568,115950.852,27.4892,96336.7185,29.5838,96628.6003
607,600566.SH,20150703,23.54,25.28,23.17,23.17,25.74,-2.57,-9.98,80182.0,188364.739,26.766,106095.05,28.1385,89333.4292,29.8071,93379.0109
608,600566.SH,20150702,28.0,28.05,25.74,25.74,28.6,-2.86,-10.0,141260.24,370427.089,27.826,108486.182,28.7185,89219.9377,29.9529,93417.8047
609,600566.SH,20150701,28.5,29.5,27.02,28.6,29.48,-0.88,-2.99,86246.71,247531.764,28.67,106425.28,29.2215,85206.2062,30.0144,92147.9132
610,600566.SH,20150630,26.13,29.52,24.28,29.48,26.84,2.64,9.84,95047.29,256382.887,28.968,108389.86,29.5038,85447.6185,29.9959,92877.1768
611,600566.SH,20150629,29.0,29.3,25.62,26.84,28.47,-1.63,-5.73,127739.01,346768.989,28.81,100804.942,29.6408,82785.0146,29.91,93129.2435
612,600566.SH,20150626,29.1,29.4,26.96,28.47,29.96,-1.49,-4.97,92137.66,255136.744,28.92,85169.384,29.9677,79554.3146,29.885,91879.0609
613,600566.SH,20150625,30.15,31.78,29.0,29.96,30.09,-0.13,-0.43,130955.73,399496.823,28.97,78510.994,30.2692,78785.2554,29.7874,90936.5159
614,600566.SH,20150624,28.7,30.15,28.19,30.09,28.69,1.4,4.88,96069.61,279120.654,28.85,64358.136,30.4246,74694.8062,29.6185,88322.1471
615,600566.SH,20150623,27.45,28.72,26.32,28.69,27.39,1.3,4.75,57122.7,158775.443,28.69,62339.266,30.5708,73756.7208,29.4579,87204.0859
616,600566.SH,20150619,28.3,29.22,27.29,27.39,28.72,-1.33,-4.63,49561.22,140735.362,29.094,66656.048,30.9146,76292.8877,29.3703,88421.8235
617,600566.SH,20150618,29.7,30.28,28.45,28.72,29.36,-0.64,-2.18,58845.71,174563.717,30.072,74560.15,31.3415,79137.6815,29.3106,88583.4944
618,600566.SH,20150617,29.2,29.81,27.95,29.36,29.29,0.07,0.24,60191.44,174047.519,30.782,80668.022,31.57,81567.0731,29.2171,88414.4794
619,600566.SH,20150616,30.21,30.69,28.58,29.29,30.71,-1.42,-4.62,85975.26,251636.874,31.162,80716.422,31.6646,85355.0777,29.1115,88128.2297
620,600566.SH,20150615,32.28,32.4,30.65,30.71,32.28,-1.57,-4.86,78706.61,247492.156,31.522,80669.352,31.7123,88992.0431,28.9926,87752.7853
621,600566.SH,20150612,32.36,32.98,31.93,32.28,32.27,0.01,0.03,89081.73,288702.733,31.858,81356.008,31.8815,92861.5223,28.8753,88782.31
622,600566.SH,20150611,31.22,32.49,30.5,32.27,31.26,1.01,3.23,89385.07,281394.716,31.798,79095.64,31.7485,94500.0008,28.7097,89444.2974
623,600566.SH,20150610,31.03,31.58,30.4,31.26,31.09,0.17,0.55,60433.44,188026.12,31.742,77993.526,31.5192,95717.0069,28.5029,89046.8121
624,600566.SH,20150609,32.3,32.76,30.58,31.09,32.39,-1.3,-4.01,85739.91,267818.516,32.122,83925.412,31.3392,99106.6154,28.3338,89398.6468
625,600566.SH,20150608,32.01,33.3,31.2,32.39,31.98,0.41,1.28,82139.89,264912.218,32.492,84086.138,31.2015,103106.3446,28.1541,88741.0203
626,600566.SH,20150605,32.29,33.23,31.36,31.98,31.99,-0.01,-0.03,77779.89,251718.499,32.352,85743.72,30.8638,105819.9185,27.9079,88975.1532
627,600566.SH,20150604,33.25,34.0,30.5,31.99,33.16,-1.17,-3.53,83874.5,269215.251,32.074,92074.842,30.5554,106442.5592,27.6859,88913.4382
628,600566.SH,20150603,33.0,34.9,31.97,33.16,32.94,0.22,0.67,90092.87,298386.327,31.658,101951.104,30.2823,105108.5192,27.4715,89122.2041
629,600566.SH,20150602,31.89,33.2,31.7,32.94,31.69,1.25,3.94,86543.54,281123.124,31.608,109734.498,29.8954,104447.6054,27.2094,88593.8138
630,600566.SH,20150601,31.0,32.0,30.7,31.69,30.59,1.1,3.6,90427.8,284189.427,31.13,114502.18,29.5023,105335.3277,26.9968,90745.4476
631,600566.SH,20150529,29.82,31.39,28.5,30.59,29.91,0.68,2.27,109435.5,331692.531,30.65,117457.85,29.2162,106921.01,26.8156,93525.5741
632,600566.SH,20150528,32.5,33.5,29.63,29.91,32.91,-3.0,-9.12,133255.81,424481.582,30.316,116470.42,28.9062,106473.4762,26.6153,92052.3074
633,600566.SH,20150527,30.29,33.31,29.8,32.91,30.55,2.36,7.73,129009.84,404665.937,30.194,117366.536,28.6046,102779.3985,26.4212,90516.4338
634,600566.SH,20150526,29.48,30.7,28.8,30.55,29.29,1.26,4.3,110381.95,329679.609,29.212,115047.838,28.0077,97477.9592,26.1579,89087.8294
635,600566.SH,20150525,28.7,29.38,28.5,29.29,28.92,0.37,1.28,105206.15,304971.846,28.696,110146.292,27.5208,92222.9777,25.9879,88548.6409
636,600566.SH,20150522,29.22,29.52,28.58,28.92,29.3,-0.38,-1.3,104498.35,301850.486,28.526,102411.458,27.1623,88596.0069,25.8709,87537.6121
637,600566.SH,20150521,28.08,29.34,27.92,29.3,28.0,1.3,4.64,137736.39,395582.843,28.368,97811.986,26.9154,88136.5785,25.7579,87259.2797
638,600566.SH,20150520,28.01,28.79,27.63,28.0,27.97,0.03,0.11,117416.35,329452.724,28.074,89881.494,26.6123,81776.7046,25.6156,86033.0056
639,600566.SH,20150519,28.44,28.51,27.53,27.97,28.44,-0.47,-1.65,85874.22,240339.08,28.068,88606.558,26.4231,76829.2315,25.4874,84936.755
640,600566.SH,20150518,28.14,29.22,28.0,28.44,28.13,0.31,1.1,66531.98,190453.188,27.786,92155.226,26.2538,74104.98,25.3721,84505.9247
641,600566.SH,20150515,27.91,28.67,26.7,28.13,27.83,0.3,1.08,81500.99,225204.386,27.296,95895.39,26.0085,74618.6854,25.2415,84698.3885
642,600566.SH,20150514,27.97,29.38,27.53,27.83,27.97,-0.14,-0.5,98083.93,279062.967,26.7,91613.418,25.9,77096.3362,25.1038,84354.4312
643,600566.SH,20150513,26.57,28.88,26.1,27.97,26.56,1.41,5.31,111041.67,305005.456,25.978,80410.07,25.8092,78135.2108,24.9765,83601.0303
644,600566.SH,20150512,26.17,26.72,25.76,26.56,25.99,0.57,2.19,103617.56,272912.976,25.31,69812.842,25.5992,75429.7415,24.8359,82671.1559
645,600566.SH,20150511,25.3,26.13,25.02,25.99,25.15,0.84,3.34,85232.8,220397.165,25.14,68794.486,25.5185,73028.0692,24.7456,82234.09
646,600566.SH,20150508,24.51,25.22,24.29,25.15,24.22,0.93,3.84,60091.13,148861.834,25.014,62759.532,25.4408,71347.1315,24.6482,81885.5879
647,600566.SH,20150507,24.61,24.87,24.0,24.22,24.63,-0.41,-1.66,42067.19,102167.929,25.092,61361.146,25.3538,73655.5377,24.5865,82223.4388
648,600566.SH,20150506,25.71,26.18,24.5,24.63,25.71,-1.08,-4.2,58055.53,146670.465,25.402,63039.498,25.37,76241.26,24.5512,83316.8906
649,600566.SH,20150505,25.36,26.48,25.36,25.71,25.36,0.35,1.38,98525.78,255531.722,25.526,66070.422,25.3754,78773.3377,24.4882,83736.4224
650,600566.SH,20150504,25.55,25.68,25.08,25.36,25.54,-0.18,-0.7,55058.03,139460.234,25.728,69107.356,25.2631,76742.7085,24.3906,82885.6924
651,600566.SH,20150430,26.0,26.48,25.44,25.54,25.77,-0.23,-0.89,53099.2,137280.468,25.986,80413.61,25.29,84792.0208,24.2935,82544.61
652,600566.SH,20150429,25.2,25.99,25.1,25.77,25.25,0.52,2.06,50458.95,129741.354,25.926,84967.884,25.2892,94934.5515,24.1788,82233.8229
653,600566.SH,20150428,26.5,26.8,25.01,25.25,26.72,-1.47,-5.5,73210.15,188964.925,25.874,89355.258,25.1362,95618.05,24.0621,82403.7915
654,600566.SH,20150427,26.94,27.35,26.01,26.72,26.65,0.07,0.26,113710.45,301990.921,25.82,87389.35,24.9869,96220.0469,23.9753,82291.6562
655,600566.SH,20150424,25.08,26.66,24.95,26.65,25.24,1.41,5.59,111589.3,287485.93,25.28,82667.342,24.7746,93660.5731,23.8559,81020.7115
656,600566.SH,20150423,25.78,25.78,24.99,25.24,25.51,-0.27,-1.06,75870.57,192092.885,24.836,75485.798,24.63,92157.5146,23.7176,79188.2159
657,600566.SH,20150422,24.91,25.52,24.91,25.51,24.98,0.53,2.12,72395.82,183595.325,24.728,78506.192,24.6354,91769.8685,23.6279,79456.1432
658,600566.SH,20150421,23.91,25.0,23.88,24.98,24.02,0.96,4.0,63380.61,155790.397,24.476,78452.548,24.6023,93511.3477,23.5221,80208.7497
659,600566.SH,20150420,24.3,24.4,23.61,24.02,24.43,-0.41,-1.68,90100.41,215656.444,24.622,97716.244,24.5623,96023.8446,23.4221,81236.5241
660,600566.SH,20150417,24.8,25.19,24.18,24.43,24.7,-0.27,-1.09,75681.58,185605.293,24.924,116686.582,24.5331,95257.9538,23.3406,80507.7259
661,600566.SH,20150416,23.78,24.87,22.81,24.7,24.25,0.45,1.86,90972.54,217565.892,24.794,113419.152,24.5038,94915.2162,23.23,79695.9503
662,600566.SH,20150415,25.74,25.86,24.2,24.25,25.71,-1.46,-5.68,72127.6,179489.361,24.516,111431.866,24.45,93538.54,23.1106,78306.0962
663,600566.SH,20150414,25.3,26.8,25.15,25.71,25.53,0.18,0.71,159699.09,416040.905,24.458,113093.804,24.3885,93359.9892,23.0026,77683.1847
664,600566.SH,20150413,23.98,26.16,23.82,25.53,23.78,1.75,7.36,184952.1,470393.633,24.27,99563.894,24.2185,86649.9285,22.8576,74984.2824
665,600566.SH,20150410,23.4,23.96,23.0,23.78,23.31,0.47,2.02,59344.43,140921.57,24.226,76739.708,24.0385,78532.5315,22.7071,72317.3365
666,600566.SH,20150409,23.76,23.96,22.0,23.31,23.96,-0.65,-2.71,81036.11,187726.296,24.486,83877.832,24.0162,80795.0615,22.5956,71924.4624
667,600566.SH,20150408,24.8,24.85,23.86,23.96,24.77,-0.81,-3.27,80437.29,195090.945,24.716,86879.224,23.9677,80206.4169,22.5003,70380.3562
668,600566.SH,20150407,24.82,24.98,24.51,24.77,24.91,-0.14,-0.56,92049.54,227329.629,24.652,86820.532,23.8977,79524.9377,22.3838,68452.9306
669,600566.SH,20150403,25.0,25.36,24.67,25.31,25.08,0.23,0.92,70831.17,176991.403,24.508,82655.822,23.7631,78539.9385,22.2388,66196.4547
670,600566.SH,20150402,24.59,25.33,24.59,25.08,24.46,0.62,2.53,95035.05,236738.003,24.246,83104.738,23.5462,78654.4338,22.0718,64683.9941
671,600566.SH,20150401,23.62,24.47,23.62,24.46,23.64,0.82,3.47,96043.07,232198.188,23.92,78059.016,23.3392,76697.9654,21.9212,62597.3997
672,600566.SH,20150331,24.15,24.2,23.56,23.64,24.05,-0.41,-1.7,80143.83,190849.722,23.728,73344.062,23.1546,72653.2085,21.8044,60524.8491
673,600566.SH,20150330,24.12,24.27,23.7,24.05,24.0,0.05,0.21,71225.99,170452.884,23.638,73200.484,23.0008,69760.0246,21.7224,58605.0026
674,600566.SH,20150327,23.46,24.33,23.46,24.0,23.45,0.55,2.35,73075.75,175384.492,23.526,76706.75,22.8277,68607.0931,21.6385,56928.1821
675,600566.SH,20150326,23.4,23.86,23.28,23.45,23.5,-0.05,-0.21,69806.44,164259.113,23.262,76768.346,22.6969,68324.1546,21.5476,55146.4718
676,600566.SH,20150325,23.0,23.54,22.76,23.5,23.19,0.31,1.34,72468.3,167005.755,23.182,77122.67,22.6362,68377.3769,21.4662,53600.2791
677,600566.SH,20150324,23.58,23.72,22.55,23.19,23.49,-0.3,-1.28,79425.94,183233.097,23.086,78477.92,22.5169,66594.0038,21.3909,52169.6303
678,600566.SH,20150323,22.72,23.5,22.7,23.49,22.68,0.81,3.57,88757.32,206385.192,22.946,77056.654,22.44,67021.2469,21.3503,50348.4259
679,600566.SH,20150320,23.17,23.2,22.61,22.68,23.05,-0.37,-1.61,73383.73,167864.903,22.726,73225.382,22.3185,67731.0254,21.3065,48370.97
680,600566.SH,20150319,23.1,23.45,22.82,23.05,23.02,0.03,0.13,71578.06,165194.794,22.602,67240.882,22.2338,69649.58,21.2903,47115.0579
681,600566.SH,20150318,22.49,23.15,22.45,23.02,22.49,0.53,2.36,79244.55,181794.064,22.32,61431.758,22.0954,69168.2885,21.2491,45583.7282
682,600566.SH,20150317,22.39,22.74,22.25,22.49,22.39,0.1,0.45,72319.61,162298.472,22.076,56830.424,21.9146,66771.1085,21.2056,43778.8124
683,600566.SH,20150316,22.18,22.58,22.06,22.39,22.06,0.33,1.5,69600.96,154944.312,22.038,56246.012,21.7723,64570.9462,21.1756,42318.7229
684,600566.SH,20150313,21.62,22.1,21.55,22.06,21.64,0.42,1.94,43461.23,95273.974,22.092,56425.486,21.6331,63136.15,21.1376,41023.5659
685,600566.SH,20150312,21.8,21.9,21.33,21.64,21.8,-0.16,-0.73,42532.44,91597.597,22.07,57590.13,21.5346,65018.8562,21.0921,40606.3768
686,600566.SH,20150311,22.17,22.4,21.75,21.8,22.3,-0.5,-2.24,56237.88,123485.976,22.18,66079.662,21.44,68999.1254,21.0615,39922.3503
687,600566.SH,20150310,22.77,22.78,22.03,22.3,22.66,-0.36,-1.59,69397.55,154655.241,22.202,74428.974,21.3008,68210.5738,21.0353,39204.2441
688,600566.SH,20150309,22.2,22.68,21.82,22.66,21.95,0.71,3.23,70498.33,156748.177,22.058,80214.452,21.1292,65067.4162,20.9879,37865.9585
689,600566.SH,20150306,22.22,22.57,21.82,21.95,22.19,-0.24,-1.08,49284.45,108904.996,21.776,79179.04,20.9246,60790.9923,20.9256,36691.2912
690,600566.SH,20150305,21.94,22.43,21.73,22.19,21.91,0.28,1.28,84980.1,188306.091,21.52,78938.392,20.7623,58179.0623,20.8706,35792.3194
691,600566.SH,20150304,21.82,22.48,21.71,21.91,21.58,0.33,1.53,97984.44,215553.857,21.21,70685.872,20.5654,53135.0169,20.8206,34051.1579
692,600566.SH,20150303,21.3,21.94,21.3,21.58,21.25,0.33,1.55,98324.94,213004.456,20.944,61278.706,20.4154,47450.8938,20.7782,32538.8826
693,600566.SH,20150302,20.68,21.25,20.65,21.25,20.67,0.58,2.81,65321.27,136384.71,20.784,55201.0,20.3315,41854.8485,20.7394,30466.645
694,600566.SH,20150227,20.86,20.94,20.56,20.67,20.64,0.03,0.15,48081.21,99472.512,20.616,60991.934,20.3008,37973.9085,20.7106,30131.2521
695,600566.SH,20150226,20.66,20.69,20.48,20.64,20.58,0.06,0.29,43717.5,89899.689,20.48,60573.034,20.3415,35368.7454,20.6753,29247.6659
696,600566.SH,20150225,20.95,21.06,20.46,20.58,20.78,-0.2,-0.96,50948.61,105003.656,20.366,57536.834,20.3623,32967.2146,,
697,600566.SH,20150217,20.46,20.78,20.3,20.78,20.41,0.37,1.81,67936.41,139412.259,20.25,50328.076,20.37,30373.9285,,
698,600566.SH,20150216,20.4,20.85,20.2,20.41,19.99,0.42,2.1,94275.94,193406.634,20.062,39806.666,20.3823,26980.8385,,
699,600566.SH,20150213,20.28,20.28,19.93,19.99,20.07,-0.08,-0.4,45986.71,92367.798,19.906,24832.98,20.49,21075.3808,,
700,600566.SH,20150212,20.04,20.49,20.04,20.07,20.0,0.07,0.35,28536.5,57796.71,19.9,20453.806,20.6446,19193.62,,
701,600566.SH,20150211,19.88,20.19,19.88,20.0,19.84,0.16,0.81,14904.82,29802.74,19.984,19861.776,20.8031,19358.7138,,
702,600566.SH,20150210,19.7,19.89,19.51,19.84,19.63,0.21,1.07,15329.36,30207.119,20.154,19854.622,20.93,19713.1777,,
703,600566.SH,20150209,19.99,20.34,19.41,19.63,19.96,-0.33,-1.65,19407.51,38686.465,20.426,19631.568,21.0608,19909.1815,,
704,600566.SH,20150206,20.55,20.55,19.78,19.96,20.49,-0.53,-2.59,24090.84,48240.211,20.682,18249.586,21.2023,20160.6477,,
705,600566.SH,20150205,20.98,21.0,20.25,20.49,20.85,-0.36,-1.73,25576.35,52432.355,20.826,16878.596,21.29,20274.0923,,
706,600566.SH,20150204,21.2,21.3,20.82,20.85,21.2,-0.35,-1.65,14869.05,31349.103,20.916,16528.574,21.2915,20558.7423,,
707,600566.SH,20150203,20.95,21.24,20.9,21.2,20.91,0.29,1.39,14214.09,29977.777,21.108,17055.762,21.2723,20897.7031,,
708,600566.SH,20150202,20.7,21.15,20.41,20.91,20.68,0.23,1.11,12497.6,26039.689,21.268,18517.708,21.25,22252.1785,,
709,600566.SH,20150130,21.0,21.24,20.61,20.68,20.94,-0.26,-1.24,17235.89,35992.099,21.512,22154.732,21.2331,23128.9662,,
710,600566.SH,20150129,21.75,21.75,20.91,20.94,21.81,-0.87,-3.99,23826.24,50293.583,21.706,22610.124,21.2223,24153.87,,
711,600566.SH,20150128,21.99,22.05,21.66,21.81,22.0,-0.19,-0.86,17504.99,38204.805,21.826,21420.358,21.1562,23761.0369,,
712,600566.SH,20150127,22.14,22.15,21.58,22.0,22.13,-0.13,-0.59,21523.82,47115.191,21.758,22454.674,21.0546,24397.6231,,
713,600566.SH,20150126,21.65,22.22,21.56,22.13,21.65,0.48,2.22,30682.72,67803.531,21.578,23263.034,20.9369,26324.0277,,
714,600566.SH,20150123,21.53,21.95,21.4,21.65,21.54,0.11,0.51,19512.85,42439.721,21.254,22981.85,20.7931,26107.5769,,
715,600566.SH,20150122,21.46,21.73,21.3,21.54,21.47,0.07,0.33,17877.41,38501.324,21.044,22934.388,20.6869,28754.12,,
716,600566.SH,20150121,21.1,21.55,21.0,21.47,21.1,0.37,1.75,22676.57,48599.793,20.918,25723.36,20.5277,28766.5715,,
717,600566.SH,20150120,20.51,21.2,20.51,21.1,20.51,0.59,2.88,25565.62,53721.868,20.762,25967.214,,,,
718,600566.SH,20150119,20.4,21.29,20.1,20.51,20.6,-0.09,-0.44,29276.8,61064.802,20.65,26966.018,,,,
719,600566.SH,20150116,20.82,20.82,20.42,20.6,20.91,-0.31,-1.48,19275.54,39758.047,20.564,24854.54,,,,
720,600566.SH,20150115,20.7,21.05,20.7,20.91,20.69,0.22,1.06,31822.27,66611.337,20.542,26155.554,,,,
721,600566.SH,20150114,20.5,20.8,20.35,20.69,20.54,0.15,0.73,23895.84,49252.713,20.454,29104.516,,,,
722,600566.SH,20150113,20.0,20.64,19.75,20.54,20.08,0.46,2.29,30559.64,61940.344,20.368,29899.12,,,,
723,600566.SH,20150112,20.4,20.4,19.89,20.08,20.49,-0.41,-2.0,18719.41,37640.603,20.314,34570.774,,,,
724,600566.SH,20150109,20.47,20.7,20.25,20.49,20.47,0.02,0.1,25780.61,52942.74,20.192,34434.748,,,,
725,600566.SH,20150108,20.5,20.77,20.27,20.47,20.26,0.21,1.04,46567.08,95756.212,,,,,,
726,600566.SH,20150107,20.28,20.68,20.0,20.26,20.27,-0.01,-0.05,27868.86,56652.533,,,,,,
727,600566.SH,20150106,19.48,20.7,19.23,20.27,19.47,0.8,4.11,53917.91,107831.415,,,,,,
728,600566.SH,20150105,19.68,19.68,19.11,19.47,19.7,-0.23,-1.17,18039.28,34947.794,,,,,,
