trade_date,ts_code,close,open,high,low,pre_close,change,pct_chg,vol,amount,WeekMa10,WeekMa60,Week60-10,Week10-60
20220121,002155.SZ,10.41,10.29,10.69,10.2,10.33,0.08000000000000007,0.7744,109476396.0,1138115002.17,10.459999999999996,9.563833333333346,-0.8961666666666499,0.8961666666666499
20220114,002155.SZ,10.33,10.23,10.73,10.19,10.24,0.08999999999999986,0.8789,130448181.0,1358330119.08,10.473999999999995,9.534666666666679,-0.939333333333316,0.939333333333316
20220107,002155.SZ,10.24,10.27,10.63,10.21,10.36,-0.11999999999999922,-1.1583,107691544.0,1118548549.56,10.443999999999996,9.513333333333344,-0.9306666666666512,0.9306666666666512
20211231,002155.SZ,10.36,10.23,10.4,10.18,10.29,0.07000000000000028,0.6803,80515996.0,828767849.46,10.503999999999996,9.485833333333344,-1.0181666666666516,1.0181666666666516
20211224,002155.SZ,10.29,10.9,11.05,10.25,11.12,-0.8300000000000001,-7.464,173464275.0,1840193973.46,10.569999999999997,9.462500000000011,-1.1074999999999857,1.1074999999999857
20211217,002155.SZ,11.12,10.32,11.43,10.15,10.33,0.7899999999999991,7.6476,206578320.0,2195863987.44,10.668999999999995,9.429500000000012,-1.2394999999999836,1.2394999999999836
20211210,002155.SZ,10.33,10.32,10.58,10.14,10.32,0.009999999999999787,0.0969,133262216.0,1382689849.84,10.728999999999996,9.389333333333346,-1.3396666666666501,1.3396666666666501
20211203,002155.SZ,10.32,10.8,10.8,10.13,10.83,-0.5099999999999998,-4.7091,154550061.0,1602441548.17,10.861999999999995,9.363333333333344,-1.4986666666666508,1.4986666666666508
20211126,002155.SZ,10.83,10.28,10.92,10.15,10.37,0.46000000000000085,4.4359,209716811.0,2217361789.87,11.110999999999995,9.335333333333343,-1.7756666666666518,1.7756666666666518
20211119,002155.SZ,10.37,10.45,10.45,10.0,10.55,-0.1800000000000015,-1.7062,143964026.0,1473535215.05,11.387999999999995,9.297000000000008,-2.090999999999987,2.090999999999987
20211112,002155.SZ,10.55,10.13,10.86,9.98,10.03,0.5200000000000014,5.1844,232665917.0,2431255770.59,11.980999999999996,9.266000000000009,-2.7149999999999874,2.7149999999999874
20211105,002155.SZ,10.03,10.72,10.99,10.02,10.84,-0.8100000000000005,-7.4723,211693722.0,2218087431.8,12.333999999999994,9.243333333333343,-3.0906666666666514,3.0906666666666514
20211029,002155.SZ,10.84,10.81,11.66,10.44,11.02,-0.17999999999999972,-1.6334,191634023.0,2113522402.17,12.702999999999994,9.226666666666677,-3.476333333333317,3.476333333333317
20211022,002155.SZ,11.02,11.24,11.95,10.99,11.28,-0.2599999999999998,-2.305,243345492.0,2790844812.62,13.011999999999995,9.201833333333344,-3.8101666666666514,3.8101666666666514
20211015,002155.SZ,11.28,11.68,12.38,11.02,11.72,-0.4400000000000013,-3.7543,256095023.0,2973830438.01,13.000999999999994,9.177166666666675,-3.8238333333333188,3.8238333333333188
20211008,002155.SZ,11.72,11.78,11.98,11.6,11.66,0.0600000000000005,0.5146,39582978.0,464859670.54,12.742999999999991,9.138666666666676,-3.604333333333315,3.604333333333315
20210930,002155.SZ,11.66,12.83,13.01,11.57,12.81,-1.1500000000000004,-8.9774,193859815.0,2328677300.36,12.439999999999992,9.090666666666676,-3.349333333333316,3.349333333333316
20210924,002155.SZ,12.81,13.45,14.11,12.75,13.6,-0.7899999999999991,-5.8088,173933054.0,2346820428.57,12.123999999999992,9.057666666666677,-3.066333333333315,3.066333333333315
20210917,002155.SZ,13.6,16.49,17.07,13.33,16.3,-2.700000000000001,-16.5644,457029011.0,7113447348.48,11.651999999999994,9.006666666666678,-2.6453333333333156,2.6453333333333156
20210910,002155.SZ,16.3,14.36,16.3,12.9,14.08,2.2200000000000006,15.767,436277708.0,6257022516.66,11.085999999999995,8.936666666666676,-2.1493333333333187,2.1493333333333187
20210903,002155.SZ,14.08,13.88,15.05,13.15,13.72,0.35999999999999943,2.6239,506621917.0,7118443700.97,10.232999999999993,8.799833333333344,-1.433166666666649,1.433166666666649
20210827,002155.SZ,13.72,14.19,15.18,13.11,13.93,-0.20999999999999908,-1.5075,657215076.0,9191202659.88,9.618999999999994,8.707333333333343,-0.9116666666666511,0.9116666666666511
20210820,002155.SZ,13.93,11.35,13.95,11.08,10.91,3.0199999999999996,27.681,761795971.0,9348925208.15,9.039999999999996,8.61200000000001,-0.42799999999998484,0.42799999999998484
20210813,002155.SZ,10.91,8.5,10.91,8.38,8.7,2.210000000000001,25.4023,334267774.0,3263327706.3,8.474999999999994,8.509166666666678,0.034166666666683554,-0.034166666666683554
20210806,002155.SZ,8.7,8.66,8.74,8.32,8.69,0.009999999999999787,0.1151,124481214.0,1063818558.09,8.201999999999995,8.454976666666678,0.25297666666668306,-0.25297666666668306
20210730,002155.SZ,8.69,8.55,8.74,8.07,8.5,0.1899999999999995,2.2353,158126840.0,1345896113.36,8.185999999999996,8.43778500000001,0.25178500000001414,-0.25178500000001414
20210723,002155.SZ,8.5,8.03,8.64,7.99,8.09,0.41000000000000014,5.068,120662767.0,998188950.42,8.170999999999996,8.421756666666676,0.25075666666668006,-0.25075666666668006
20210716,002155.SZ,8.09,8.04,8.16,7.83,7.94,0.14999999999999947,1.8892,87695915.0,699474776.85,8.171999999999995,8.411218333333343,0.23921833333334774,-0.23921833333334774
20210709,002155.SZ,7.94,7.81,8.02,7.77,7.77,0.17000000000000082,2.1879,62576652.0,493413210.33,8.197999999999995,8.405686666666675,0.2076866666666799,-0.2076866666666799
20210702,002155.SZ,7.77,7.92,7.93,7.72,7.94,-0.17000000000000082,-2.1411,40904464.0,319174685.73,8.191999999999995,8.403651666666674,0.211651666666679,-0.211651666666679
20210625,002155.SZ,7.94,7.88,8.0,7.8,7.93,0.010000000000000675,0.1261,47794165.0,377742948.02,8.219999999999995,8.403620000000009,0.18362000000001366,-0.18362000000001366
20210618,002155.SZ,7.93,8.1,8.13,7.75,8.28,-0.34999999999999964,-4.2271,46476081.0,369436111.61,8.233999999999995,8.397601666666676,0.16360166666668086,-0.16360166666668086
20210611,002155.SZ,8.28,8.2,8.32,8.14,8.18,0.09999999999999964,1.2225,57842229.0,475118920.04,8.255999999999995,8.401376666666675,0.1453766666666798,-0.1453766666666798
20210604,002155.SZ,8.18,8.62,8.69,8.1,8.54,-0.35999999999999943,-4.2155,97668003.0,825844374.13,8.232999999999993,8.40097833333334,0.16797833333334644,-0.16797833333334644
20210528,002155.SZ,8.54,8.63,8.99,8.4,8.54,0.0,0.0,136384812.0,1182724524.94,8.228999999999994,8.403408333333342,0.17440833333334815,-0.17440833333334815
20210521,002155.SZ,8.54,8.6,8.99,8.38,8.51,0.02999999999999936,0.3525,125550520.0,1084918272.48,8.274999999999993,8.389050000000008,0.11405000000001486,-0.11405000000001486
20210514,002155.SZ,8.51,8.39,8.67,8.28,8.35,0.16000000000000014,1.9162,118852798.0,1010262580.21,8.293999999999993,8.382825000000008,0.08882500000001414,-0.08882500000001414
20210507,002155.SZ,8.35,7.97,8.52,7.95,7.88,0.46999999999999975,5.9645,53266728.0,440983413.9,8.322999999999993,8.360335000000008,0.03733500000001477,-0.03733500000001477
20210430,002155.SZ,7.88,8.02,8.13,7.82,8.05,-0.17000000000000082,-2.1118,54505857.0,435018908.32,8.326999999999995,8.343996666666674,0.01699666666667987,-0.01699666666667987
20210423,002155.SZ,8.05,8.14,8.23,7.97,8.08,-0.02999999999999936,-0.3713,55440590.0,449780765.87,8.352999999999994,8.349601666666674,-0.0033983333333207355,0.0033983333333207355
20210416,002155.SZ,8.08,8.09,8.14,7.75,8.15,-0.07000000000000028,-0.8589,69454430.0,550902984.63,8.309999999999995,8.34307833333334,0.033078333333344645,-0.033078333333344645
20210409,002155.SZ,8.15,8.04,8.28,8.02,8.05,0.09999999999999964,1.2422,56134555.0,457103270.81,8.228999999999996,8.351491666666673,0.12249166666667755,-0.12249166666667755
20210402,002155.SZ,8.05,8.12,8.13,7.87,8.14,-0.08999999999999986,-1.1057,64984057.0,520243152.02,8.196999999999994,8.345126666666674,0.1481266666666805,-0.1481266666666805
20210326,002155.SZ,8.14,8.87,9.02,8.05,9.0,-0.8599999999999994,-9.5556,109064025.0,919105509.45,8.173999999999994,8.334121666666674,0.16012166666667937,-0.16012166666667937
20210319,002155.SZ,9.0,8.86,9.4,8.82,8.73,0.2699999999999996,3.0928,141925474.0,1293839641.69,8.143999999999995,8.32543333333334,0.1814333333333451,-0.1814333333333451
20210312,002155.SZ,8.73,8.85,9.08,8.36,8.8,-0.07000000000000028,-0.7955,137086658.0,1203454849.78,8.106999999999994,8.310711666666673,0.2037116666666794,-0.2037116666666794
20210305,002155.SZ,8.8,8.47,9.14,8.3,8.39,0.41000000000000014,4.8868,165003946.0,1441262983.94,8.084999999999994,8.304640000000006,0.2196400000000125,-0.2196400000000125
20210226,002155.SZ,8.39,8.45,9.05,8.24,8.14,0.25,3.0713,217346578.0,1897373500.41,8.054999999999994,8.293416666666673,0.23841666666667827,-0.23841666666667827
20210219,002155.SZ,8.14,7.65,8.2,7.61,7.62,0.5200000000000005,6.8241,63804484.0,508557485.6,8.062999999999994,8.282720000000007,0.21972000000001302,-0.21972000000001302
20210210,002155.SZ,7.62,7.31,7.65,7.29,7.27,0.35000000000000053,4.8143,26025754.0,194583959.28,8.072999999999993,8.273866666666672,0.20086666666667874,-0.20086666666667874
20210205,002155.SZ,7.27,7.83,8.06,7.2,7.83,-0.5600000000000005,-7.152,82412574.0,631674463.34,8.178999999999991,8.269861666666673,0.09086166666668127,-0.09086166666668127
20210129,002155.SZ,7.83,7.8,8.22,7.63,7.82,0.009999999999999787,0.1279,85213581.0,670676889.27,8.317999999999993,8.272021666666673,-0.04597833333331991,0.04597833333331991
20210122,002155.SZ,7.82,7.72,8.02,7.68,7.84,-0.019999999999999574,-0.2551,61807661.0,485175046.13,8.439999999999992,8.26053333333334,-0.17946666666665223,0.17946666666665223
20210115,002155.SZ,7.84,8.4,8.4,7.77,8.63,-0.7900000000000009,-9.1541,108612479.0,867450994.26,8.516999999999992,8.251535000000008,-0.26546499999998474,0.26546499999998474
20210108,002155.SZ,8.63,8.6,8.83,8.52,8.51,0.120000000000001,1.4101,115617661.0,1005876369.46,8.628999999999994,8.238220000000007,-0.390779999999987,0.390779999999987
20201231,002155.SZ,8.51,8.58,8.72,8.31,8.5,0.009999999999999787,0.1176,62474420.0,531251764.77,8.596999999999994,8.217880000000006,-0.3791199999999879,0.3791199999999879
20201225,002155.SZ,8.5,8.59,8.71,8.26,8.47,0.02999999999999936,0.3542,73563884.0,624598766.57,8.616999999999994,8.203191666666674,-0.41380833333331957,0.41380833333331957
20201218,002155.SZ,8.47,8.23,8.56,8.13,8.24,0.23000000000000043,2.7913,59336327.0,496001225.49,8.643999999999993,8.195806666666673,-0.4481933333333199,0.4481933333333199
20201211,002155.SZ,8.24,8.65,8.72,8.2,8.68,-0.4399999999999995,-5.0691,67077557.0,569087719.34,8.660999999999992,8.19423333333334,-0.46676666666665234,0.46676666666665234
20201204,002155.SZ,8.68,8.53,8.87,8.48,8.66,0.019999999999999574,0.2309,89224070.0,774248284.39,8.689999999999994,8.203133333333339,-0.48686666666665523,0.48686666666665523
20201127,002155.SZ,8.66,9.05,9.34,8.55,9.05,-0.39000000000000057,-4.3094,124396754.0,1105482049.97,8.672999999999995,8.200051666666672,-0.4729483333333224,0.4729483333333224
20201120,002155.SZ,9.05,8.63,9.08,8.62,8.59,0.46000000000000085,5.3551,96175048.0,852269347.3,8.725999999999996,8.197968333333339,-0.5280316666666565,0.5280316666666565
20201113,002155.SZ,8.59,9.01,9.07,8.48,8.96,-0.370000000000001,-4.1295,82825389.0,721207660.5,8.723999999999995,8.203326666666673,-0.5206733333333222,0.5206733333333222
20201106,002155.SZ,8.96,8.29,9.17,8.22,8.31,0.6500000000000004,7.8219,103595596.0,914781969.15,8.799999999999994,8.218011666666673,-0.5819883333333209,0.5819883333333209
20201030,002155.SZ,8.31,8.67,8.82,8.25,8.71,-0.40000000000000036,-4.5924,66511846.0,570917849.69,8.857999999999993,8.228356666666674,-0.6296433333333198,0.6296433333333198
20201023,002155.SZ,8.71,8.75,8.87,8.57,8.77,-0.05999999999999872,-0.6842,68961883.0,602704850.98,8.923999999999992,8.255841666666672,-0.6681583333333201,0.6681583333333201
20201016,002155.SZ,8.77,8.73,9.06,8.71,8.64,0.129999999999999,1.5046,71412055.0,630642652.46,8.936999999999992,8.267531666666674,-0.6694683333333185,0.6694683333333185
20201009,002155.SZ,8.64,8.6,8.69,8.55,8.53,0.11000000000000121,1.2896,15039609.0,129890992.61,9.027999999999993,8.283200000000006,-0.7447999999999873,0.7447999999999873
20200930,002155.SZ,8.53,8.48,8.74,8.4,8.51,0.019999999999999574,0.235,40271975.0,345837716.02,9.138999999999992,8.298711666666673,-0.8402883333333193,0.8402883333333193
20200925,002155.SZ,8.51,9.1,9.35,8.4,9.19,-0.6799999999999997,-7.3993,92541592.0,811509063.05,9.225999999999994,8.304271666666674,-0.9217283333333199,0.9217283333333199
20200918,002155.SZ,9.19,9.0,9.44,8.84,9.03,0.16000000000000014,1.7719,85338157.0,781832050.69,9.183999999999994,8.315643333333341,-0.8683566666666529,0.8683566666666529
20200911,002155.SZ,9.03,9.34,9.53,8.84,9.35,-0.3200000000000003,-3.4225,93720363.0,855611682.15,9.117999999999993,8.322651666666674,-0.7953483333333189,0.7953483333333189
20200904,002155.SZ,9.35,9.66,9.91,9.22,9.54,-0.1899999999999995,-1.9916,140141640.0,1342788308.43,9.014999999999993,8.329340000000009,-0.6856599999999844,0.6856599999999844
20200828,002155.SZ,9.54,8.91,9.75,8.86,8.97,0.5699999999999985,6.3545,155401446.0,1464209964.1,8.855999999999995,8.338496666666675,-0.5175033333333197,0.5175033333333197
20200821,002155.SZ,8.97,8.8,9.49,8.73,8.84,0.13000000000000078,1.4706,109442956.0,1000058941.74,8.667859999999996,8.346643333333342,-0.32121666666665405,0.32121666666665405
20200814,002155.SZ,8.84,9.48,9.48,8.41,9.68,-0.8399999999999999,-8.6777,151233128.0,1353784127.57,8.537709999999995,8.358315000000008,-0.1793949999999871,0.1793949999999871
20200807,002155.SZ,9.68,9.56,10.39,9.46,9.75,-0.07000000000000028,-0.7179,261401571.0,2578141011.87,8.426539999999996,8.365151666666675,-0.061388333333320944,0.061388333333320944
20200731,002155.SZ,9.75,9.7,10.49,9.35,9.4,0.34999999999999964,3.7234,373535403.0,3651942568.49,8.245309999999995,8.343778333333342,0.09846833333334715,-0.09846833333334715
20200724,002155.SZ,9.4,8.17,9.89,8.12,8.09,1.3100000000000005,16.1928,289237819.0,2615057894.99,8.046119999999995,8.316941666666674,0.27082166666667895,-0.27082166666667895
20200717,002155.SZ,8.09,8.6,8.83,8.02,8.53,-0.4399999999999995,-5.1583,154466114.0,1314163381.14,7.8879099999999935,8.284536666666675,0.39662666666668134,-0.39662666666668134
20200710,002155.SZ,8.53,7.98,9.18,7.97,8.0,0.5299999999999994,6.625,242440248.0,2090021659.58,7.855719999999994,8.279583333333342,0.42386333333334836,-0.42386333333334836
20200703,002155.SZ,8.0,7.79,8.03,7.75,7.76,0.2400000000000002,3.0928,115990082.0,915786204.52,7.7606099999999945,8.268948333333343,0.5083383333333487,-0.5083383333333487
20200624,002155.SZ,7.76,7.82,7.9,7.68,7.69,0.0699999999999994,0.9103,56527456.0,441176449.96,7.7762599999999935,8.264833333333343,0.48857333333334907,-0.48857333333334907
20200619,002155.SZ,7.6586,7.6486,7.6884,7.5092,7.6685,-0.00990000000000002,-0.1291,59610580.0,455541800.89,7.825869999999993,8.268355000000009,0.44248500000001556,-0.44248500000001556
20200612,002155.SZ,7.6685,7.6586,7.8478,7.5988,7.7283,-0.059800000000000075,-0.7738,71327193.0,552982775.33,7.892589999999993,8.27984500000001,0.38725500000001745,-0.38725500000001745
20200605,002155.SZ,7.7283,7.8976,8.0669,7.6884,7.8677,-0.1394000000000002,-1.7718,87820308.0,694852262.22,7.8935899999999934,8.291335000000009,0.39774500000001556,-0.39774500000001556
20200529,002155.SZ,7.8677,7.6685,7.9175,7.5988,7.7581,0.10960000000000036,1.4127,74773756.0,583487320.98,7.937409999999993,8.31009000000001,0.3726800000000168,-0.3726800000000168
20200522,002155.SZ,7.7581,7.9673,8.4055,7.6386,7.8179,-0.059800000000000075,-0.7649,144928647.0,1172242989.99,7.866699999999993,8.319581666666677,0.45288166666668417,-0.45288166666668417
20200515,002155.SZ,7.8179,7.6984,7.8777,7.5092,7.7681,0.04980000000000029,0.6411,77883485.0,601491960.93,7.827859999999992,8.33007500000001,0.5022150000000174,-0.5022150000000174
20200508,002155.SZ,7.7681,7.5191,7.8179,7.4892,7.5789,0.1891999999999996,2.4964,61413675.0,471475726.78,7.867699999999994,8.334448333333343,0.4667483333333493,-0.4667483333333493
20200430,002155.SZ,7.5789,8.0968,8.1067,7.4693,8.1565,-0.5775999999999994,-7.0815,98645512.0,761893907.76,7.856749999999994,8.344443333333343,0.4876933333333495,-0.4876933333333495
20200424,002155.SZ,8.1565,8.1167,8.3955,7.9772,8.2561,-0.09960000000000058,-1.2064,153363954.0,1255287089.03,7.957339999999993,8.355940000000011,0.39860000000001783,-0.39860000000001783
20200417,002155.SZ,8.2561,8.3657,9.013,8.2262,8.3258,-0.06969999999999921,-0.8372,223554599.0,1933538748.66,7.9184999999999945,8.35764500000001,0.4391450000000159,-0.4391450000000159
20200410,002155.SZ,8.3258,7.9474,8.6744,7.8876,7.6785,0.6472999999999995,8.43,210422191.0,1755296793.47,7.8318599999999945,8.35488000000001,0.5230200000000158,-0.5230200000000158
20200403,002155.SZ,7.6785,8.0669,8.1864,7.4295,8.1665,-0.48799999999999955,-5.9756,169440882.0,1318351166.05,7.761149999999995,8.34451000000001,0.583360000000015,-0.583360000000015
20200327,002155.SZ,8.1665,6.9515,8.3657,6.9116,7.1606,1.0058999999999996,14.0477,272725000.0,2151129354.35,7.804969999999995,8.344101666666678,0.539131666666683,-0.539131666666683
20200320,002155.SZ,7.1606,7.3,7.4992,6.7224,7.3697,-0.20910000000000029,-2.8373,113595982.0,807891571.94,7.824889999999995,8.336221666666678,0.511331666666683,-0.511331666666683
20200313,002155.SZ,7.3697,8.3657,8.3955,7.0013,8.2163,-0.8466000000000005,-10.3039,159915022.0,1244580623.26,7.921489999999994,8.348906666666677,0.42741666666668277,-0.42741666666668277
20200306,002155.SZ,8.2163,7.549,8.2959,7.4793,7.6586,0.5577000000000005,7.282,174840977.0,1400163488.47,7.959339999999995,8.361576666666677,0.4022366666666821,-0.4022366666666821
20200228,002155.SZ,7.6586,8.9632,9.0628,7.6287,8.5848,-0.9261999999999997,-10.7888,274100511.0,2317367722.29,7.898589999999994,8.354353333333343,0.4557633333333486,-0.4557633333333486
20200221,002155.SZ,8.5848,7.8079,8.6545,7.7581,7.7681,0.8167,10.5135,205747236.0,1702506262.48,7.870699999999994,8.347171666666677,0.47647166666668284,-0.47647166666668284
20200214,002155.SZ,7.7681,7.4195,7.9175,7.3399,7.3897,0.3783999999999992,5.1206,144165520.0,1106077727.57,7.752179999999994,8.32306500000001,0.5708850000000165,-0.5708850000000165
20200207,002155.SZ,7.3897,6.9714,7.539,6.8618,7.6187,-0.2289999999999992,-3.0058,146056596.0,1056718682.23,7.689439999999993,8.313231666666677,0.6237916666666843,-0.6237916666666843
20200123,002155.SZ,7.6187,8.0768,8.2063,7.549,8.1167,-0.4980000000000002,-6.1355,76268641.0,605956320.27,7.678479999999993,8.304581666666676,0.626101666666683,-0.626101666666683
20200117,002155.SZ,8.1167,8.3258,8.3557,8.0171,8.3657,-0.24900000000000055,-2.9764,99323762.0,817927722.97,7.620719999999993,8.289636666666677,0.6689166666666839,-0.6689166666666839
20200110,002155.SZ,8.3657,8.4652,9.2421,8.286,8.1266,0.23910000000000053,2.9422,350268732.0,3033371612.46,7.550009999999993,8.269531666666676,0.719521666666683,-0.719521666666683
20200103,002155.SZ,8.1266,7.7382,8.1665,7.6386,7.7482,0.37840000000000007,4.8837,116024354.0,921451715.38,7.476309999999993,8.24032000000001,0.7640100000000167,-0.7640100000000167
20191227,002155.SZ,7.7482,7.6088,7.9075,7.4494,7.6088,0.1394000000000002,1.8321,111166619.0,856043833.48,7.469339999999993,8.218563333333343,0.74922333333335,-0.74922333333335
20191220,002155.SZ,7.6088,7.3598,7.7183,7.3199,7.3797,0.22909999999999986,3.1045,112777793.0,855647677.09,7.5320799999999934,8.19782500000001,0.6657450000000171,-0.6657450000000171
20191213,002155.SZ,7.3797,7.2801,7.549,7.2602,7.3996,-0.019900000000000695,-0.2689,88063877.0,654394616.37,7.648599999999993,8.171478333333344,0.5228783333333507,-0.5228783333333507
20191206,002155.SZ,7.3996,7.1008,7.539,7.1008,7.1407,0.2589000000000006,3.6257,99294942.0,733615201.57,7.760139999999993,8.163326666666677,0.40318666666668435,-0.40318666666668435
20191129,002155.SZ,7.1407,7.1506,7.3697,7.0909,7.2801,-0.1394000000000002,-1.9148,71635129.0,520193173.81,7.873679999999991,8.14889500000001,0.27521500000001886,-0.27521500000001886
20191122,002155.SZ,7.2801,6.9813,7.4195,6.9415,7.0411,0.23899999999999988,3.3944,77475684.0,563211974.06,8.096759999999993,8.138116666666678,0.041356666666684916,-0.041356666666684916
20191115,002155.SZ,7.0411,7.3598,7.3697,6.9116,7.4096,-0.36850000000000005,-4.9733,88076822.0,632785848.62,8.315859999999992,8.123363333333343,-0.19249666666664922,0.19249666666664922
20191108,002155.SZ,7.4096,7.6187,7.6884,7.3399,7.6287,-0.21910000000000007,-2.872,62132280.0,469993044.05,8.569819999999993,8.11441000000001,-0.4554099999999828,0.4554099999999828
20191101,002155.SZ,7.6287,7.9673,8.0569,7.5291,8.0569,-0.42820000000000036,-5.3147,100103222.0,786871192.36,8.824769999999992,8.096506666666675,-0.7282633333333166,0.7282633333333166
20191025,002155.SZ,8.0569,8.2959,8.4553,7.8677,8.3756,-0.31869999999999976,-3.8051,74631597.0,615842776.58,9.003039999999993,8.075446666666675,-0.9275933333333182,0.9275933333333182
20191018,002155.SZ,8.3756,8.6644,8.774,8.3358,8.774,-0.39839999999999876,-4.5407,59213772.0,510260252.45,9.168359999999993,8.046423333333342,-1.1219366666666506,1.1219366666666506
20191011,002155.SZ,8.774,8.5051,8.8337,8.4652,8.4951,0.27889999999999837,3.2831,54143746.0,472142450.32,9.287869999999993,8.017541666666675,-1.2703283333333175,1.2703283333333175
20190930,002155.SZ,8.4951,8.525,8.6047,8.4951,8.535,-0.03989999999999938,-0.4675,8689787.0,74450255.23,9.296829999999993,7.978715000000008,-1.3181149999999846,1.3181149999999846
20190927,002155.SZ,8.535,9.3914,9.4512,8.515,9.3715,-0.8364999999999991,-8.926,91963639.0,835381869.66,9.366549999999993,7.950816666666674,-1.4157333333333186,1.4157333333333186
20190920,002155.SZ,9.3715,9.5209,9.6205,9.0628,9.4711,-0.09960000000000058,-1.0516,108581124.0,1020761354.18,9.474099999999993,7.9199400000000075,-1.5541599999999853,1.5541599999999853
20190912,002155.SZ,9.4711,9.5408,9.6603,9.4313,9.5807,-0.10960000000000036,-1.144,98772932.0,947389887.98,9.480079999999994,7.8771033333333405,-1.6029766666666534,1.6029766666666534
20190906,002155.SZ,9.5807,9.8794,10.0886,9.5707,9.9591,-0.3783999999999992,-3.7995,219604242.0,2169873542.42,9.522909999999994,7.8347550000000075,-1.6881549999999867,1.6881549999999867
20190830,002155.SZ,9.9591,9.8894,10.238,9.5109,9.4114,0.547699999999999,5.8195,263085468.0,2605229398.31,9.567719999999994,7.788101666666675,-1.7796183333333193,1.7796183333333193
20190823,002155.SZ,9.4114,9.5109,9.6703,9.2819,9.7101,-0.2987000000000002,-3.0762,158831232.0,1512523490.11,9.538839999999993,7.738776666666675,-1.800063333333318,1.800063333333318
20190816,002155.SZ,9.7101,9.4612,10.1284,9.3416,9.5707,0.1394000000000002,1.4565,224451512.0,2188829051.14,9.522719999999993,7.709486666666675,-1.8132333333333177,1.8132333333333177
20190809,002155.SZ,9.5707,8.9732,9.9093,8.9333,8.8636,0.7071000000000005,7.9776,274629469.0,2653021978.82,9.391469999999993,7.681828333333341,-1.709641666666652,1.709641666666652
20190802,002155.SZ,8.8636,9.2819,9.4612,8.6843,9.1923,-0.32869999999999955,-3.5758,168361743.0,1530380912.52,9.248379999999992,7.660458333333341,-1.5879216666666514,1.5879216666666514
20190726,002155.SZ,9.1923,9.4313,9.501,9.0429,9.6105,-0.41820000000000057,-4.3515,117477543.0,1088118400.39,9.107589999999991,7.652526666666674,-1.4550633333333174,1.4550633333333174
20190719,002155.SZ,9.6105,9.4014,9.74,9.1723,9.4313,0.1791999999999998,1.9001,165072358.0,1559018581.11,8.967639999999992,7.637960000000008,-1.3296799999999847,1.3296799999999847
20190712,002155.SZ,9.4313,9.6105,9.8097,9.1923,9.8994,-0.46809999999999974,-4.7286,160106749.0,1522097220.89,8.795779999999992,7.622866666666675,-1.1729133333333168,1.1729133333333168
20190705,002155.SZ,9.8994,9.4114,10.3575,9.3815,10.0288,-0.1294000000000004,-1.2903,259051161.0,2549096050.53,8.627959999999993,7.60960333333334,-1.0183566666666524,1.0183566666666524
20190628,002155.SZ,10.0288,9.8097,10.9451,9.74,9.6703,0.35850000000000115,3.7072,404027377.0,4151502473.81,8.435149999999993,7.587051666666673,-0.8480983333333203,0.8480983333333203
20190621,002155.SZ,9.6703,8.9931,9.9989,8.7541,9.2918,0.37849999999999895,4.0735,295649613.0,2750820953.52,8.267069999999993,7.57952833333334,-0.687541666666653,0.687541666666653
20190614,002155.SZ,9.2502,8.3282,9.3494,8.1894,8.3976,0.8525999999999989,10.1529,279336209.0,2509517566.98,8.135829999999993,7.582606666666674,-0.5532233333333192,0.5532233333333192
20190606,002155.SZ,8.3976,8.3381,8.6256,8.1101,8.1398,0.25780000000000136,3.1672,181172676.0,1531010985.51,8.096169999999994,7.5844250000000075,-0.5117449999999861,0.5117449999999861
20190531,002155.SZ,8.1398,7.4359,8.1795,7.416,7.4557,0.684099999999999,9.1755,131958134.0,1039539462.27,8.100129999999995,7.5923566666666735,-0.5077733333333212,0.5077733333333212
20190524,002155.SZ,7.4557,7.6342,7.7829,7.3863,7.7928,-0.3370999999999995,-4.3258,88432027.0,673444179.01,8.124919999999994,7.6077250000000065,-0.5171949999999876,0.5171949999999876
20190517,002155.SZ,7.7928,7.8523,8.1299,7.6837,7.8919,-0.09909999999999997,-1.2557,130231017.0,1045093569.58,8.187379999999994,7.625240000000007,-0.562139999999987,0.562139999999987
20190510,002155.SZ,7.8919,7.8424,8.0208,7.2872,7.7531,0.1387999999999998,1.7903,142608138.0,1110652725.93,8.244879999999995,7.638460000000007,-0.6064199999999875,0.6064199999999875
20190430,002155.SZ,7.7531,7.9812,8.0208,7.5449,7.9713,-0.2182000000000004,-2.7373,36774312.0,285761076.18,8.282559999999995,7.65068833333334,-0.6318716666666546,0.6318716666666546
20190426,002155.SZ,7.9713,8.3282,8.4769,7.9118,8.348,-0.3767000000000005,-4.5125,103680890.0,851448792.67,8.333129999999995,7.663246666666674,-0.6698833333333214,0.6698833333333214
20190419,002155.SZ,8.348,8.3877,8.467,8.2489,8.3579,-0.00990000000000002,-0.1185,100657882.0,848333679.97,8.345019999999995,7.671343333333341,-0.6736766666666538,0.6736766666666538
20190412,002155.SZ,8.3579,8.7942,8.9924,8.2885,8.8536,-0.49569999999999936,-5.5989,166033395.0,1454030693.53,8.280579999999995,7.670681666666673,-0.6098983333333221,0.6098983333333221
20190404,002155.SZ,8.8536,8.3381,8.9528,8.3083,8.4372,0.41639999999999944,4.9353,140629593.0,1231734051.69,8.210189999999994,7.681091666666673,-0.5290983333333203,0.5290983333333203
20190329,002155.SZ,8.4372,8.4273,9.042,8.1497,8.3877,0.0495000000000001,0.5901,237335613.0,2071093986.74,8.094199999999995,7.690511666666674,-0.40368833333332166,0.40368833333332166
20190322,002155.SZ,8.3877,8.0605,8.5166,8.0208,8.0803,0.30740000000000123,3.8043,124702600.0,1039490284.05,8.042649999999995,7.7070366666666725,-0.3356133333333222,0.3356133333333222
20190315,002155.SZ,8.0803,8.3282,8.576,7.9911,8.3678,-0.2875000000000014,-3.4358,136037800.0,1138814544.64,8.016869999999995,7.7298400000000065,-0.287029999999989,0.287029999999989
20190308,002155.SZ,8.3678,8.1299,8.8437,8.1101,8.2687,0.09909999999999997,1.1985,215141105.0,1838327453.55,7.987129999999996,7.75561833333334,-0.23151166666665635,0.23151166666665635
20190301,002155.SZ,8.2687,8.2092,8.7248,8.1398,8.2588,0.00990000000000002,0.1199,154238889.0,1308509782.78,7.873119999999996,7.776440000000006,-0.09667999999998944,0.09667999999998944
20190222,002155.SZ,8.2588,8.1299,8.5265,8.0902,8.0902,0.16860000000000142,2.084,163100366.0,1360300130.2,7.760089999999996,7.789328333333339,0.02923833333334258,-0.02923833333334258
20190215,002155.SZ,8.0902,7.6441,8.1596,7.5945,7.7036,0.3865999999999996,5.0184,114053019.0,911955256.54,7.652019999999998,7.804530000000005,0.15251000000000747,-0.15251000000000747
20190201,002155.SZ,7.7036,7.8126,8.0605,7.535,7.654,0.049599999999999866,0.648,120593258.0,954721495.68,7.530069999999998,7.81659333333334,0.2865233333333421,-0.2865233333333421
20190125,002155.SZ,7.654,7.5449,7.7928,7.4656,7.6937,-0.039699999999999847,-0.516,83785916.0,646653640.1,7.431909999999998,7.838073333333339,0.40616333333334165,-0.40616333333334165
20190118,002155.SZ,7.6937,7.8622,7.9911,7.5747,7.9217,-0.22800000000000065,-2.8782,96682918.0,757283208.45,7.357549999999998,7.859885000000006,0.5023350000000075,-0.5023350000000075
20190111,002155.SZ,7.9217,7.9316,8.1993,7.6738,8.1299,-0.20819999999999883,-2.5609,170469638.0,1357081346.51,7.249479999999997,7.882191666666673,0.6327116666666761,-0.6327116666666761
20190104,002155.SZ,8.1299,7.7333,8.4174,7.5548,7.7829,0.34699999999999953,4.4585,133784512.0,1080622439.19,7.139429999999997,7.9021850000000065,0.7627550000000092,-0.7627550000000092
20181228,002155.SZ,7.7829,7.2376,7.7928,7.1781,7.2277,0.5552000000000001,7.6816,146783419.0,1114638089.14,6.976829999999998,7.917718333333339,0.9408883333333415,-0.9408883333333415
20181221,002155.SZ,7.2277,7.0294,7.5053,7.0294,7.1384,0.08929999999999971,1.251,100546259.0,735671712.07,6.801339999999999,7.946140000000006,1.1448000000000071,-1.1448000000000071
20181214,002155.SZ,7.1384,7.4359,7.5251,7.1285,7.1781,-0.039699999999999847,-0.5531,141151832.0,1043856164.42,6.76763,7.984806666666673,1.2171766666666732,-1.2171766666666732
20181207,002155.SZ,7.1781,6.7815,7.3466,6.7815,6.8707,0.30739999999999945,4.4741,134979363.0,967526457.26,6.707159999999999,8.034215000000007,1.3270550000000076,-1.3270550000000076
20181130,002155.SZ,6.8707,6.6824,6.9897,6.4742,6.722,0.14869999999999983,2.2121,85936570.0,583648793.71,6.638749999999999,8.082300000000007,1.443550000000008,-1.443550000000008
20181123,002155.SZ,6.722,6.9501,7.2376,6.6923,6.9104,-0.18839999999999968,-2.7263,134398915.0,952052097.58,6.59117,8.136995000000006,1.545825000000006,-1.545825000000006
20181116,002155.SZ,6.9104,6.5436,7.0096,6.5436,6.613,0.29739999999999966,4.4972,79843998.0,548682401.41,6.5693600000000005,8.197640000000007,1.6282800000000064,-1.6282800000000064
20181109,002155.SZ,6.613,6.7419,7.188,6.6031,6.8212,-0.20819999999999972,-3.0522,120300500.0,830093862.01,6.51186,8.262745000000008,1.7508850000000074,-1.7508850000000074
20181102,002155.SZ,6.8212,6.4643,6.9302,6.1371,6.5039,0.31730000000000036,4.8786,104739204.0,692261999.97,6.48707,8.330328333333341,1.843258333333341,-1.843258333333341
20181026,002155.SZ,6.5039,5.9685,6.722,5.9685,6.028,0.4759000000000002,7.8948,120313146.0,776874756.03,6.4365,8.387831666666674,1.9513316666666745,-1.9513316666666745
20181019,002155.SZ,6.028,6.8013,6.9798,5.8595,6.8906,-0.8626000000000005,-12.5185,91044066.0,596217008.2,6.45038,8.45392833333334,2.003548333333341,-2.003548333333341
20181012,002155.SZ,6.8906,6.5237,7.0294,6.3651,6.5337,0.35690000000000044,5.4624,123310937.0,843935510.59,6.492019999999999,8.529775000000008,2.0377550000000086,-2.0377550000000086
20180928,002155.SZ,6.5337,6.4345,6.613,6.4048,6.494,0.039699999999999847,0.6113,35562322.0,234001334.22,6.485079999999999,8.592070000000009,2.1069900000000095,-2.1069900000000095
20180921,002155.SZ,6.494,6.3453,6.5039,6.2263,6.3949,0.09909999999999997,1.5497,36391846.0,233989574.56,6.49995,8.651556666666675,2.151606666666675,-2.151606666666675
20180914,002155.SZ,6.3949,6.4444,6.4444,6.2858,6.5039,-0.10899999999999999,-1.6759,29770259.0,191188542.9,6.530679999999999,8.71517500000001,2.18449500000001,-2.18449500000001
20180907,002155.SZ,6.5039,6.2461,6.5931,6.2461,6.3354,0.16849999999999987,2.6597,39072999.0,252868648.04,6.584209999999999,8.77433000000001,2.190120000000011,-2.190120000000011
20180831,002155.SZ,6.3354,6.4444,6.5039,6.2858,6.3651,-0.02970000000000006,-0.4666,28527125.0,184585303.93,6.611969999999998,8.831835000000009,2.219865000000011,-2.219865000000011
20180824,002155.SZ,6.3651,6.3354,6.4543,6.2858,6.3155,0.049599999999999866,0.7854,22514412.0,144785883.06,6.678389999999998,8.884381666666675,2.2059916666666775,-2.2059916666666775
20180817,002155.SZ,6.3155,6.6229,6.8013,6.2461,6.6427,-0.3271999999999995,-4.9257,41037696.0,270360090.56,6.807279999999997,8.932466666666674,2.1251866666666768,-2.1251866666666768
20180810,002155.SZ,6.6427,6.4147,6.722,6.2362,6.4444,0.1982999999999997,3.0771,43435537.0,286185491.39,6.980789999999997,8.983526666666673,2.002736666666676,-2.002736666666676
20180803,002155.SZ,6.4444,6.8212,6.9401,6.3552,6.8212,-0.37680000000000025,-5.524,48706432.0,329948618.85,7.145369999999997,9.026985000000005,1.881615000000008,-1.881615000000008
20180727,002155.SZ,6.8212,6.722,7.0294,6.6923,6.6824,0.1387999999999998,2.0771,60914918.0,420902686.46,7.339699999999996,9.066310000000007,1.7266100000000106,-1.7266100000000106
20180720,002155.SZ,6.6824,6.7914,6.8212,6.6031,6.8013,-0.1189,-1.7482,30417363.0,205726113.83,7.489409999999997,9.103626666666674,1.6142166666666773,-1.6142166666666773
20180713,002155.SZ,6.8013,6.8608,7.079,6.5436,6.9302,-0.1288999999999998,-1.86,42442957.0,292801902.01,7.691659999999996,9.147856666666673,1.4561966666666768,-1.4561966666666768
20180706,002155.SZ,6.9302,6.7419,7.2178,6.5039,6.7815,0.14869999999999983,2.1927,65464417.0,454282927.07,7.875079999999995,9.18714833333334,1.312068333333345,-1.312068333333345
20180629,002155.SZ,6.7815,6.9501,7.0096,6.5733,6.9996,-0.21809999999999974,-3.1159,37205962.0,254528050.93,8.036689999999997,9.236286666666674,1.199596666666677,-1.199596666666677
20180622,002155.SZ,6.9996,7.4954,7.6639,6.841,7.654,-0.6543999999999999,-8.5498,47055205.0,338503427.81,8.316279999999995,9.301376666666673,0.9850966666666778,-0.9850966666666778
20180615,002155.SZ,7.654,8.0803,8.1993,7.4359,8.0506,-0.3965999999999994,-4.9263,64179304.0,514567527.99,8.601819999999996,9.370390000000008,0.7685700000000111,-0.7685700000000111
20180608,002155.SZ,8.0506,8.1398,8.3083,8.0307,8.2885,-0.23790000000000155,-2.8702,60814833.0,501186464.36,8.772349999999998,9.45182833333334,0.6794783333333427,-0.6794783333333427
20180601,002155.SZ,8.2885,8.2984,8.6752,8.0605,8.3877,-0.09919999999999973,-1.1827,114029028.0,960585328.03,8.854639999999996,9.51811333333334,0.6634733333333429,-0.6634733333333429
20180525,002155.SZ,8.3877,8.2984,8.4571,8.229,8.3183,0.0693999999999999,0.8343,51013330.0,429306511.24,8.931979999999996,9.569916666666673,0.6379366666666773,-0.6379366666666773
20180518,002155.SZ,8.3183,8.6752,8.6851,8.1596,8.7049,-0.3865999999999996,-4.4412,63331284.0,533258769.88,8.943869999999997,9.629431666666674,0.6855616666666773,-0.6855616666666773
20180511,002155.SZ,8.7049,8.6554,8.8041,8.5661,8.6355,0.0693999999999999,0.8037,67692875.0,593376412.26,8.970639999999996,9.690925000000005,0.7202850000000094,-0.7202850000000094
20180504,002155.SZ,8.6355,8.4273,8.7148,8.3579,8.5463,0.08919999999999995,1.0437,44808739.0,385208858.2,8.962709999999998,9.736116666666673,0.7734066666666752,-0.7734066666666752
20180427,002155.SZ,8.5463,9.2998,9.3791,8.4769,9.5774,-1.0311000000000003,-10.766,128503587.0,1150727552.79,8.949819999999997,9.78279333333334,0.8329733333333422,-0.8329733333333422
20180420,002155.SZ,9.5774,10.0335,10.202,9.5774,9.855,-0.2775999999999996,-2.8168,225397212.0,2254640209.38,8.940899999999996,9.841145000000008,0.9002450000000124,-0.9002450000000124
20180413,002155.SZ,9.855,9.2205,10.2813,9.0222,9.3593,0.49570000000000114,5.2963,252526650.0,2462557364.24,8.813989999999997,9.869660000000009,1.0556700000000117,-1.0556700000000117
20180404,002155.SZ,9.3593,8.923,9.508,8.923,8.8735,0.48579999999999934,5.4747,115166337.0,1073649178.92,8.726739999999996,9.893876666666674,1.1671366666666785,-1.1671366666666785
20180330,002155.SZ,8.8735,9.161,9.5477,8.7148,9.0619,-0.18839999999999968,-2.079,169025958.0,1546104502.9,8.732689999999996,9.923561666666675,1.1908716666666788,-1.1908716666666788
20180323,002155.SZ,9.0619,8.4571,9.3494,8.4075,8.5066,0.555299999999999,6.5279,108212510.0,962637559.07,8.788209999999996,9.95887833333334,1.170668333333344,-1.170668333333344
20180316,002155.SZ,8.5066,8.576,8.7347,8.3877,8.586,-0.07939999999999969,-0.9248,46110376.0,400267504.25,8.857609999999998,9.990233333333341,1.1326233333333438,-1.1326233333333438
20180309,002155.SZ,8.586,8.6256,8.7545,8.4472,8.6256,-0.03960000000000008,-0.4591,45967045.0,397733842.6,8.969649999999996,10.032321666666672,1.0626716666666756,-1.0626716666666756
20180302,002155.SZ,8.6256,8.4769,8.7049,8.3183,8.5066,0.11899999999999977,1.3989,45982388.0,395679016.82,9.072759999999995,10.078838333333339,1.0060783333333436,-1.0060783333333436
20180223,002155.SZ,8.5066,8.3976,8.5364,8.2885,8.4571,0.0495000000000001,0.5853,14687532.0,125153464.6,9.114399999999995,10.123216666666673,1.0088166666666787,-1.0088166666666787
20180214,002155.SZ,8.4571,8.2489,8.4769,8.0506,8.3083,0.14880000000000138,1.791,21616525.0,181587589.32,9.180829999999995,10.167935000000005,0.9871050000000103,-0.9871050000000103
20180209,002155.SZ,8.3083,8.7743,9.4188,8.001,8.9825,-0.6742000000000008,-7.5057,100645614.0,906724610.1,9.216519999999994,10.214300000000007,0.997780000000013,-0.997780000000013
20180202,002155.SZ,8.9825,9.3593,9.4584,8.7347,9.4188,-0.43629999999999924,-4.6322,56288612.0,516889951.56,9.284929999999994,10.270210000000008,0.9852800000000137,-0.9852800000000137
20180126,002155.SZ,9.4188,9.389,9.8451,9.3196,9.4287,-0.00990000000000002,-0.105,88435456.0,850664700.04,9.282949999999994,10.326385000000007,1.043435000000013,-1.043435000000013
20180119,002155.SZ,9.4287,9.8649,9.9145,9.3395,9.7559,-0.32720000000000127,-3.3539,82167372.0,798322309.51,9.244279999999993,10.371345000000007,1.1270650000000142,-1.1270650000000142
20180112,002155.SZ,9.7559,9.6071,9.9145,9.3593,9.627,0.1288999999999998,1.3389,84430279.0,817763619.71,9.213539999999993,10.42106833333334,1.2075283333333466,-1.2075283333333466
20180105,002155.SZ,9.627,9.6865,9.7856,9.3989,9.6171,0.00990000000000002,0.1029,79559375.0,770860210.34,9.144139999999993,10.475198333333338,1.3310583333333454,-1.3310583333333454
20171229,002155.SZ,9.6171,9.1412,9.6567,9.0519,9.042,0.5751000000000008,6.3603,99780537.0,938410276.76,9.130259999999994,10.530326666666673,1.4000666666666781,-1.4000666666666781
20171222,002155.SZ,9.042,9.1015,9.3395,8.9726,9.1709,-0.1288999999999998,-1.4055,50394667.0,463811815.63,9.123319999999994,10.565901666666672,1.442581666666678,-1.442581666666678
20171215,002155.SZ,9.1709,8.7644,9.2502,8.7545,8.814,0.35689999999999955,4.0492,51820626.0,470343641.89,9.229409999999994,10.610240000000006,1.380830000000012,-1.380830000000012
20171208,002155.SZ,8.814,8.9627,9.042,8.5364,8.9924,-0.1783999999999999,-1.9839,50037931.0,443483741.69,9.318639999999993,10.64815833333334,1.329518333333347,-1.329518333333347
20171201,002155.SZ,8.9924,8.9429,9.1808,8.8933,8.9627,0.02970000000000006,0.3314,43186793.0,393645955.82,9.452479999999994,10.698761666666675,1.2462816666666807,-1.2462816666666807
20171124,002155.SZ,8.9627,9.1015,9.161,8.8239,9.0321,-0.0693999999999999,-0.7684,45090945.0,408164456.57,9.589309999999994,10.755265000000009,1.1659550000000145,-1.1659550000000145
20171117,002155.SZ,9.0321,9.0519,9.3791,8.9627,9.1213,-0.08919999999999995,-0.9779,70237870.0,651346388.38,9.774709999999994,10.811770000000006,1.0370600000000127,-1.0370600000000127
20171110,002155.SZ,9.1213,9.0123,9.1808,8.9627,9.0619,0.05940000000000012,0.6555,40113221.0,367422337.86,9.938299999999995,10.873690000000007,0.9353900000000124,-0.9353900000000124
20171103,002155.SZ,9.0619,9.4981,9.5179,9.0123,9.4882,-0.42630000000000123,-4.4929,44393299.0,412419037.63,10.053309999999993,10.937410000000005,0.8841000000000125,-0.8841000000000125
20171027,002155.SZ,9.4882,9.4882,9.6666,9.4386,9.5477,-0.059499999999999886,-0.6232,36863464.0,354558923.48,10.194089999999994,10.999820000000005,0.8057300000000112,-0.8057300000000112
20171020,002155.SZ,9.5477,10.1128,10.1425,9.4089,10.1029,-0.5551999999999992,-5.4955,52382252.0,514141978.55,10.303149999999993,11.056603333333339,0.7534533333333453,-0.7534533333333453
20171013,002155.SZ,10.1029,10.1128,10.2318,10.0335,10.0632,0.039699999999999847,0.3945,44720895.0,456217094.23,10.411209999999993,11.112231666666673,0.70102166666668,-0.70102166666668
20170929,002155.SZ,10.0632,10.1128,10.2912,9.9244,10.1524,-0.08919999999999995,-0.8786,48955568.0,497199832.93,10.411209999999993,11.170765000000008,0.7595550000000149,-0.7595550000000149
20170922,002155.SZ,10.1524,10.2714,10.5689,10.0136,10.3607,-0.20829999999999949,-2.0105,80122127.0,835213358.0,10.435999999999993,11.230616666666673,0.7946166666666805,-0.7946166666666805
20170915,002155.SZ,10.3607,10.6581,10.7176,10.321,10.8167,-0.4560000000000013,-4.2157,91207308.0,967872578.04,10.415179999999992,11.298183333333343,0.8830033333333507,-0.8830033333333507
20170908,002155.SZ,10.8167,10.896,10.9952,10.6184,10.668,0.1487000000000016,1.3939,138611971.0,1514593424.75,10.374529999999993,11.38117500000001,1.0066450000000167,-1.0066450000000167
20170901,002155.SZ,10.668,10.3111,10.7671,10.3111,10.2714,0.3965999999999994,3.8612,119078519.0,1264338119.31,10.241679999999993,11.441778333333342,1.200098333333349,-1.200098333333349
20170825,002155.SZ,10.2714,10.4598,10.6779,10.1128,10.4697,-0.1982999999999997,-1.894,89497704.0,938616504.07,10.099899999999995,11.486456666666676,1.3865566666666815,-1.3865566666666815
20170818,002155.SZ,10.4697,10.5689,10.7572,10.2119,10.5788,-0.10909999999999975,-1.0313,163357883.0,1724092290.58,10.010669999999994,11.544153333333345,1.5334833333333506,-1.5334833333333506
20170811,002155.SZ,10.5788,10.4102,11.3918,10.3111,10.6283,-0.0495000000000001,-0.4657,269642172.0,2954014082.89,9.888719999999992,11.587208333333344,1.6984883333333514,-1.6984883333333514
20170804,002155.SZ,10.6283,10.1822,10.8564,10.1425,10.1029,0.5253999999999994,5.2005,198702921.0,2091369621.46,9.711229999999992,11.613163333333345,1.9019333333333535,-1.9019333333333535
20170728,002155.SZ,10.1029,10.4102,10.5094,9.9938,10.3111,-0.20819999999999972,-2.0192,110059873.0,1130382153.77,9.554419999999991,11.626463333333344,2.0720433333333528,-2.0720433333333528
20170721,002155.SZ,10.3111,10.0037,10.3706,9.6071,9.9442,0.36689999999999934,3.6896,177161405.0,1810277013.98,9.477749999999991,11.645890000000012,2.1681400000000206,-2.1681400000000206
20170714,002155.SZ,9.9442,9.8352,10.2417,9.5477,9.9542,-0.009999999999999787,-0.1005,126862043.0,1268445170.39,9.362519999999993,11.679921666666678,2.317401666666685,-2.317401666666685
20170707,002155.SZ,9.9542,9.4882,10.0136,9.3692,9.4882,0.4659999999999993,4.9114,102529618.0,998099996.01,9.355949999999993,11.715138333333345,2.3591883333333517,-2.3591883333333517
20170630,002155.SZ,9.4882,9.2205,9.7559,9.1808,9.2502,0.23800000000000132,2.5729,84988924.0,813119020.03,9.429219999999992,11.745260000000009,2.316040000000017,-2.316040000000017
20170623,002155.SZ,9.2502,9.2998,9.5179,9.0619,9.3791,-0.1288999999999998,-1.3743,68369502.0,643975835.35,9.594439999999992,11.760801666666676,2.1663616666666847,-2.1663616666666847
20170616,002155.SZ,9.3791,9.1412,9.5179,8.9924,9.2502,0.1288999999999998,1.3935,80346993.0,752232018.76,9.923449999999992,11.782445000000012,1.8589950000000197,-1.8589950000000197
20170609,002155.SZ,9.2502,8.9726,9.3494,8.9131,8.8041,0.4460999999999995,5.067,84234493.0,778240004.0,10.18830999999999,11.782551666666677,1.5942416666666865,-1.5942416666666865
20170602,002155.SZ,8.8039,9.0602,9.1095,8.5278,9.0602,-0.25629999999999953,-2.8289,40072307.0,358964280.82,10.402959999999991,11.781356666666678,1.3783966666666867,-1.3783966666666867
20170526,002155.SZ,9.0602,9.2771,9.3362,8.4982,9.3362,-0.2759999999999998,-2.9562,71218430.0,646589789.07,10.718429999999993,11.782176666666679,1.0637466666666864,-1.0637466666666864
20170519,002155.SZ,9.3362,9.1292,9.8587,9.0898,9.1588,0.17740000000000045,1.9369,93684309.0,894834184.21,11.013199999999994,11.777575000000011,0.7643750000000171,-0.7643750000000171
20170512,002155.SZ,9.1588,9.77,9.8292,8.7348,9.8785,-0.7197000000000013,-7.2855,100115923.0,941223979.1,11.221219999999992,11.774781666666678,0.5535616666666865,-0.5535616666666865
20170505,002155.SZ,9.8785,10.4996,10.5193,9.7207,10.6869,-0.8083999999999989,-7.5644,95807005.0,983931821.44,11.448949999999993,11.77494500000001,0.3259950000000167,-0.3259950000000167
20170428,002155.SZ,10.6869,11.0023,11.0122,10.2531,11.1404,-0.4535,-4.0708,100161954.0,1071624764.23,11.665839999999992,11.771493333333343,0.10565333333335047,-0.10565333333335047
20170421,002155.SZ,11.1404,12.2248,12.3234,10.8742,12.5403,-1.3999000000000006,-11.1632,150185973.0,1775359926.9,11.725979999999993,11.738301666666674,0.012321666666680997,-0.012321666666680997
20170414,002155.SZ,12.5403,11.7418,12.984,11.6629,12.0277,0.5126000000000008,4.2618,265760759.0,3325006625.32,11.742739999999992,11.696730000000008,-0.046009999999984785,0.046009999999984785
20170407,002155.SZ,12.0277,11.377,12.422,11.377,11.3967,0.6310000000000002,5.5367,84651959.0,1021454133.52,11.602749999999991,11.621311666666676,0.018561666666684573,-0.018561666666684573
20170331,002155.SZ,11.3967,12.1065,12.2248,11.239,11.9586,-0.5619000000000014,-4.6987,104137063.0,1249171819.51,11.499229999999992,11.540305000000009,0.04107500000001707,-0.04107500000001707
20170324,002155.SZ,11.9586,12.0178,12.3234,11.7122,12.0079,-0.04929999999999879,-0.4106,134933338.0,1646310972.77,11.453879999999993,11.481481666666674,0.027601666666681623,-0.027601666666681623
20170317,002155.SZ,12.0079,11.446,12.422,11.446,11.4164,0.5914999999999999,5.1811,191272646.0,2325214282.01,11.361209999999993,11.412635000000007,0.051425000000014265,-0.051425000000014265
20170310,002155.SZ,11.4164,11.4361,11.7615,11.3671,11.4361,-0.019700000000000273,-0.1723,83981739.0,982638686.87,11.298119999999992,11.377636666666676,0.07951666666668444,-0.07951666666668444
20170303,002155.SZ,11.4361,12.0079,12.3037,11.4164,12.0474,-0.6113,-5.0741,122889971.0,1478699011.56,11.285309999999992,11.33508000000001,0.0497700000000183,-0.0497700000000183
20170224,002155.SZ,12.0474,11.239,12.3037,11.1601,11.2883,0.7591000000000001,6.7247,195908954.0,2359312500.17,11.260669999999992,11.29236000000001,0.03169000000001709,-0.03169000000001709
20170217,002155.SZ,11.2883,11.2883,11.3868,11.1601,11.308,-0.019700000000000273,-0.1742,61290808.0,701624886.49,11.179829999999992,11.239121666666676,0.059291666666684506,-0.059291666666684506
20170210,002155.SZ,11.308,11.2192,11.5939,11.1502,11.1404,0.1676000000000002,1.5044,100149870.0,1155154318.12,11.217289999999993,11.189498333333342,-0.027791666666651338,0.027791666666651338
20170203,002155.SZ,11.1404,11.1995,11.3868,11.1404,10.9925,0.14789999999999992,1.3455,20721504.0,236331829.87,11.321789999999991,11.139383333333342,-0.1824066666666493,0.1824066666666493
20170126,002155.SZ,10.9925,11.0221,11.1897,10.8545,10.9432,0.049300000000000566,0.4505,37232166.0,415769414.37,11.419389999999991,11.090090000000009,-0.32929999999998216,0.32929999999998216
20170120,002155.SZ,10.9432,11.0418,11.1798,10.2629,11.0319,-0.08870000000000111,-0.804,57390349.0,635911479.98,11.561349999999992,11.055091666666677,-0.5062583333333155,0.5062583333333155
20170113,002155.SZ,11.0319,11.3277,11.4854,10.9235,11.377,-0.3451000000000004,-3.0333,64534857.0,739817476.36,11.767399999999991,11.01500000000001,-0.752399999999982,0.752399999999982
20170106,002155.SZ,11.377,11.1897,11.6432,11.1601,11.2883,0.08870000000000111,0.7858,66802007.0,773403975.81,11.957679999999991,10.97819500000001,-0.9794849999999808,0.9794849999999808
20161230,002155.SZ,11.2883,11.1897,11.5446,10.8249,11.1897,0.09859999999999935,0.8812,89099556.0,1019820714.71,11.99513999999999,10.927421666666678,-1.0677183333333122,1.0677183333333122
20161223,002155.SZ,11.1897,11.2981,11.4164,11.1502,11.239,-0.049300000000000566,-0.4387,70061569.0,801294928.97,12.036539999999992,10.878126666666677,-1.1584133333333142,1.1584133333333142
20161216,002155.SZ,11.239,11.5347,11.7319,10.9925,11.6629,-0.4238999999999997,-3.6346,128239256.0,1468403599.49,12.062169999999991,10.832940000000011,-1.2292299999999798,1.2292299999999798
20161209,002155.SZ,11.6629,12.2544,12.2643,11.584,12.353,-0.6900999999999993,-5.5865,108478707.0,1298877537.41,12.123289999999992,10.77543000000001,-1.3478599999999812,1.3478599999999812
20161202,002155.SZ,12.353,12.2741,12.4713,11.9488,12.1164,0.23659999999999926,1.9527,137740735.0,1713706680.82,12.195259999999992,10.702146666666676,-1.4931133333333158,1.4931133333333158
20161125,002155.SZ,12.1164,12.353,12.7375,11.9882,12.4121,-0.2957000000000001,-2.3824,139955658.0,1762808747.2,12.19525999999999,10.620648333333346,-1.5746116666666445,1.5746116666666445
20161118,002155.SZ,12.4121,12.5009,12.8952,12.353,13.0037,-0.5915999999999997,-4.5495,190197514.0,2439515845.88,12.25834999999999,10.541121666666678,-1.7172283333333116,1.7172283333333116
20161111,002155.SZ,13.0037,12.7079,13.9895,12.4713,12.9347,0.06900000000000084,0.5334,334988924.0,4459022677.94,12.31158999999999,10.465210000000011,-1.8463799999999786,1.8463799999999786
20161104,002155.SZ,12.9347,11.8699,13.4276,11.8502,11.7516,1.1830999999999996,10.0676,236578832.0,3066351320.32,12.29186999999999,10.376481666666677,-1.915388333333313,1.915388333333313
20161028,002155.SZ,11.7516,11.7122,12.2741,11.584,11.7023,0.049300000000000566,0.4213,78780864.0,952534875.35,12.28791999999999,10.293831666666676,-1.9940883333333144,1.9940883333333144
20161021,002155.SZ,11.7023,11.446,12.1558,11.3868,11.446,0.25629999999999953,2.2392,101142029.0,1211106781.81,12.401299999999992,10.258668333333341,-2.1426316666666505,2.1426316666666505
20161014,002155.SZ,11.446,11.1798,11.722,11.0911,11.8502,-0.40419999999999945,-3.4109,95461986.0,1107501524.89,12.592559999999992,10.237801666666675,-2.354758333333317,2.354758333333317
20160930,002155.SZ,11.8502,12.284,12.422,11.7319,12.3826,-0.5324000000000009,-4.2996,61361276.0,740995350.71,12.813389999999993,10.202145000000007,-2.611244999999986,2.611244999999986
20160923,002155.SZ,12.3826,12.1558,12.9347,12.1558,12.353,0.029600000000000293,0.2396,82570384.0,1047962163.73,13.049009999999992,10.154330000000009,-2.8946799999999833,2.8946799999999833
20160914,002155.SZ,12.353,12.5107,12.5107,11.7615,12.7473,-0.39429999999999943,-3.0932,70545529.0,868696728.47,13.344769999999993,10.110621666666674,-3.2341483333333194,3.2341483333333194
20160909,002155.SZ,12.7473,13.1417,13.26,12.6685,12.9445,-0.19720000000000049,-1.5234,110085335.0,1448920970.39,13.554759999999993,10.067571666666675,-3.487188333333318,3.487188333333318
20160902,002155.SZ,12.9445,12.6586,13.2699,12.4812,12.8065,0.1379999999999999,1.0776,142136771.0,1874220799.25,13.614899999999995,10.017785000000007,-3.597114999999988,3.597114999999988
20160826,002155.SZ,12.8065,12.6882,13.0037,12.491,12.8952,-0.08870000000000111,-0.6879,98969491.0,1279430189.24,13.693769999999995,9.95633333333334,-3.737436666666655,3.737436666666655
20160819,002155.SZ,12.8952,12.7473,13.4079,12.6783,12.8854,0.009800000000000253,0.0761,148566811.0,1965974688.15,13.718419999999995,9.949431666666673,-3.768988333333322,3.768988333333322
20160812,002155.SZ,12.8854,13.1614,13.4079,12.6192,13.6149,-0.7294999999999998,-5.3581,167328731.0,2190149648.5,13.642509999999996,9.979336666666672,-3.663173333333324,3.663173333333324
20160805,002155.SZ,13.6149,13.9698,14.1374,13.3783,13.6543,-0.03939999999999877,-0.2886,127328197.0,1775872959.7,13.496599999999995,10.028136666666672,-3.4684633333333235,3.4684633333333235
20160729,002155.SZ,13.6543,13.9797,14.3938,12.9149,14.2064,-0.5521000000000011,-3.8863,190718580.0,2686190172.72,13.261959999999993,10.053933333333337,-3.2080266666666564,3.2080266666666564
20160722,002155.SZ,14.2064,15.281,15.6951,13.9994,15.3402,-1.133799999999999,-7.391,171060246.0,2587306364.26,13.131829999999994,10.048511666666668,-3.0833183333333256,3.0833183333333256
20160715,002155.SZ,15.3402,14.6994,16.3458,14.6698,14.4529,0.8872999999999998,6.1393,320956548.0,5027047034.78,12.916909999999993,10.046048333333335,-2.8708616666666575,2.8708616666666575
20160708,002155.SZ,14.4529,13.6445,15.774,13.191,13.3487,1.1042000000000005,8.272,315740920.0,4598636589.84,12.559039999999994,10.006448333333335,-2.5525916666666593,2.5525916666666593
20160701,002155.SZ,13.3487,13.8022,14.098,12.9149,13.7332,-0.38450000000000095,-2.7998,250384467.0,3411557852.96,12.155819999999995,9.975228333333336,-2.1805916666666594,2.1805916666666594
20160624,002155.SZ,13.7332,13.053,13.7332,12.1755,13.053,0.6801999999999992,5.2111,269284976.0,3531290043.09,11.875829999999993,9.985745000000001,-1.890084999999992,1.890084999999992
20160617,002155.SZ,13.053,12.4417,14.029,12.2051,12.1361,0.9169,7.5551,347267809.0,4563294843.91,11.441059999999993,9.982130000000002,-1.4589299999999916,1.4589299999999916
20160608,002155.SZ,12.1361,12.146,12.3234,11.8798,11.4263,0.7098000000000013,6.212,116172429.0,1424293441.16,11.053609999999994,9.98065,-1.072959999999993,1.072959999999993
20160603,002155.SZ,11.4263,10.9531,11.9094,10.8052,11.2685,0.15779999999999994,1.4004,176553792.0,2055676520.44,10.725309999999993,9.979006666666667,-0.7463033333333264,0.7463033333333264
20160527,002155.SZ,11.2685,12.3727,12.4121,11.0615,12.353,-1.0845000000000002,-8.7792,194279929.0,2303806605.19,10.461089999999993,9.9887,-0.47238999999999365,0.47238999999999365
20160520,002155.SZ,12.353,11.8502,13.3093,11.6629,12.0572,0.29579999999999984,2.4533,268531932.0,3402343258.97,10.251099999999992,9.995436666666667,-0.2556633333333256,0.2556633333333256
20160513,002155.SZ,12.0572,11.7418,12.0868,10.3615,11.7615,0.2957000000000001,2.5141,257321347.0,2915290729.82,9.932659999999993,9.97654,0.0438800000000068,-0.0438800000000068
20160506,002155.SZ,11.7615,10.7953,12.4121,10.7362,10.4207,1.3407999999999998,12.8667,248852846.0,2933364633.22,9.694079999999994,9.954193333333334,0.2601133333333401,-0.2601133333333401
20160429,002155.SZ,10.4207,10.3122,11.1305,10.0066,10.5488,-0.12809999999999988,-1.2144,278674879.0,2974125021.51,9.387469999999993,9.934640000000002,0.5471700000000084,-0.5471700000000084
20160422,002155.SZ,10.5488,9.3855,10.9925,9.1095,9.3855,1.1632999999999996,12.3947,316984023.0,3264717456.27,9.210009999999993,9.934640000000002,0.7246300000000083,-0.7246300000000083
20160415,002155.SZ,9.3855,9.1883,9.8193,9.1095,9.1785,0.20700000000000074,2.2553,217526438.0,2095300858.23,8.956649999999994,9.930533333333335,0.9738833333333403,-0.9738833333333403
20160408,002155.SZ,9.1785,8.7743,9.3362,8.6757,8.8531,0.32540000000000013,3.6755,126919661.0,1153128227.83,8.734829999999995,9.945156666666668,1.2103266666666723,-1.2103266666666723
20160401,002155.SZ,8.8531,8.7546,8.9714,8.6264,8.7841,0.06899999999999906,0.7855,105827235.0,947278451.74,8.603709999999996,9.959286666666667,1.3555766666666713,-1.3555766666666713
20160325,002155.SZ,8.7841,9.0898,9.5334,8.6067,9.1686,-0.3844999999999992,-4.1937,207024300.0,1909134558.73,8.501179999999994,9.988535,1.4873550000000062,-1.4873550000000062
20160318,002155.SZ,9.1686,8.9714,9.3658,8.6264,9.1686,0.0,0.0,229826039.0,2099263426.81,8.613569999999996,10.030763333333335,1.4171933333333389,-1.4171933333333389
20160311,002155.SZ,9.1686,9.7404,10.5587,8.8433,9.6714,-0.5028000000000006,-5.1988,332243438.0,3244600441.1,8.583009999999996,10.05541,1.472400000000004,-1.472400000000004
20160304,002155.SZ,9.6714,8.5475,10.3517,8.0644,8.6954,0.9760000000000009,11.2243,237549661.0,2217767552.23,8.553439999999997,10.078413333333335,1.5249733333333388,-1.5249733333333388
